0 0.090385 0.723077 0.011538 0.023077
0 0.513462 0.407692 0.057692 0.023077
0 0.015385 0.532692 0.015385 0.019231
0 0.853846 0.703846 0.023077 0.015385
0 0.109615 0.792308 0.019231 0.023077
0 0.044231 0.355769 0.057692 0.065385
0 0.219231 0.880769 0.015385 0.023077
0 0.259615 0.476923 0.019231 0.015385
0 0.384615 0.144231 0.015385 0.019231
0 0.736538 0.692308 0.096154 0.084615
0 0.961538 0.930769 0.061538 0.053846
0 0.242308 0.771154 0.092308 0.073077
0 0.015385 0.413462 0.030769 0.042308
0 0.100000 0.409615 0.038462 0.088462
0 0.821154 0.123077 0.111538 0.069231
0 0.628846 0.407692 0.050000 0.038462
0 0.307692 0.128846 0.115385 0.065385
0 0.955769 0.425000 0.050000 0.034615
0 0.944231 0.221154 0.073077 0.103846
0 0.423077 0.690385 0.115385 0.065385
0 0.215385 0.376923 0.015385 0.030769
0 0.553846 0.963462 0.015385 0.042308
0 0.167308 0.776923 0.050000 0.046154
0 0.257692 0.334615 0.046154 0.053846
0 0.809615 0.605769 0.042308 0.088462
0 0.036538 0.251923 0.057692 0.126923
0 0.190385 0.700000 0.080769 0.061538
0 0.371154 0.330769 0.088462 0.046154
0 0.642308 0.555769 0.046154 0.034615
0 0.588462 0.838462 0.030769 0.015385
0 0.138462 0.726923 0.015385 0.038462
0 0.313462 0.213462 0.073077 0.088462
0 0.892308 0.530769 0.115385 0.069231
0 0.086538 0.619231 0.096154 0.030769
0 0.398077 0.842308 0.026923 0.046154
