0 0.095588 0.528875 0.027311 0.024316
0 0.796218 0.424012 0.050420 0.063830
0 0.697479 0.744681 0.058824 0.036474
0 0.228992 0.969605 0.033613 0.030395
0 0.659664 0.203647 0.079832 0.042553
0 0.304622 0.097264 0.021008 0.042553
0 0.412815 0.680851 0.018908 0.036474
0 0.637605 0.758359 0.006303 0.009119
0 0.163866 0.104863 0.008403 0.021277
0 0.673319 0.082067 0.039916 0.079027
0 0.664916 0.703647 0.023109 0.039514
0 0.826681 0.720365 0.069328 0.048632
0 0.439076 0.328267 0.025210 0.097264
0 0.482143 0.810030 0.014706 0.021277
0 0.121849 0.276596 0.016807 0.036474
0 0.253151 0.588146 0.010504 0.021277
0 0.304622 0.925532 0.004202 0.015198
0 0.695378 0.378419 0.012605 0.015198
0 0.608193 0.203647 0.018908 0.018237
0 0.535714 0.162614 0.004202 0.015198
0 0.142857 0.063830 0.058824 0.054711
0 0.927521 0.100304 0.056723 0.054711
0 0.213235 0.069909 0.035714 0.030395
0 0.550420 0.689970 0.037815 0.091185
0 0.934874 0.446809 0.012605 0.048632
0 0.517857 0.697568 0.023109 0.051672
0 0.252101 0.533435 0.004202 0.015198
0 0.471639 0.708207 0.060924 0.054711
0 0.636555 0.852584 0.004202 0.015198
0 0.838235 0.346505 0.004202 0.018237
0 0.621849 0.530395 0.004202 0.015198
0 0.258403 0.179331 0.004202 0.018237
0 0.546218 0.323708 0.012605 0.015198
