0 0.434343 0.147668 0.030303 0.056995
0 0.750000 0.200777 0.045455 0.075130
0 0.356061 0.651554 0.075758 0.044041
0 0.082071 0.712435 0.017677 0.051813
0 0.585859 0.397668 0.060606 0.018135
0 0.268939 0.672280 0.007576 0.018135
0 0.416667 0.895078 0.065657 0.054404
0 0.719697 0.189119 0.010101 0.025907
0 0.575758 0.563472 0.050505 0.044041
0 0.922980 0.713731 0.032828 0.054404
0 0.531566 0.018135 0.007576 0.015544
0 0.871212 0.392487 0.015152 0.028497
0 0.161616 0.702073 0.070707 0.046632
0 0.049242 0.391192 0.007576 0.015544
0 0.415404 0.414508 0.058081 0.056995
0 0.006313 0.940415 0.007576 0.025907
0 0.828283 0.550518 0.030303 0.080311
0 0.666667 0.915803 0.010101 0.028497
0 0.277778 0.133420 0.040404 0.054404
0 0.940657 0.031088 0.042929 0.036269
0 0.486111 0.173575 0.032828 0.041451
0 0.199495 0.755181 0.025253 0.038860
0 0.141414 0.598446 0.080808 0.041451
0 0.790404 0.892487 0.010101 0.012953
0 0.921717 0.677461 0.010101 0.012953
0 0.679293 0.321244 0.010101 0.020725
0 0.556818 0.492228 0.007576 0.015544
0 0.176768 0.886010 0.095960 0.036269
