0 0.240979 0.028822 0.012887 0.007519
0 0.957474 0.705514 0.074742 0.042607
0 0.743557 0.104010 0.007732 0.017544
0 0.670103 0.092732 0.020619 0.040100
0 0.827320 0.576441 0.010309 0.015038
0 0.197165 0.160401 0.023196 0.040100
0 0.390464 0.083960 0.023196 0.042607
0 0.769330 0.308271 0.054124 0.060150
0 0.694588 0.813283 0.002577 0.007519
0 0.585052 0.296992 0.092784 0.027569
0 0.739691 0.385965 0.005155 0.010025
0 0.039948 0.098997 0.007732 0.012531
0 0.520619 0.769424 0.005155 0.010025
0 0.475515 0.848371 0.028351 0.012531
0 0.889175 0.088972 0.030928 0.017544
0 0.788660 0.977444 0.005155 0.005013
0 0.582474 0.256892 0.067010 0.047619
0 0.579897 0.120301 0.072165 0.040100
0 0.087629 0.676692 0.010309 0.010025
0 0.541237 0.741855 0.005155 0.015038
0 0.722938 0.471178 0.007732 0.010025
0 0.344072 0.116541 0.059278 0.052632
0 0.462629 0.818296 0.074742 0.042607
0 0.730670 0.280702 0.018041 0.015038
0 0.771907 0.666667 0.028351 0.020050
