0 0.891781 0.509589 0.073973 0.049315
0 0.438356 0.397260 0.038356 0.049315
0 0.910959 0.957534 0.057534 0.068493
0 0.464384 0.758904 0.073973 0.043836
0 0.321918 0.832877 0.013699 0.010959
0 0.900000 0.673973 0.008219 0.016438
0 0.901370 0.891781 0.071233 0.057534
0 0.042466 0.821918 0.041096 0.098630
0 0.321918 0.893151 0.008219 0.016438
0 0.379452 0.964384 0.035616 0.065753
0 0.389041 0.491781 0.082192 0.046575
0 0.184932 0.916438 0.035616 0.057534
0 0.358904 0.094521 0.076712 0.041096
0 0.189041 0.641096 0.071233 0.054795
0 0.427397 0.700000 0.032877 0.068493
0 0.297260 0.521918 0.041096 0.073973
0 0.158904 0.504110 0.065753 0.060274
0 0.382192 0.424658 0.052055 0.043836
0 0.298630 0.193151 0.054795 0.068493
0 0.360274 0.179452 0.008219 0.019178
0 0.245205 0.194521 0.030137 0.076712
