0 0.421569 0.441176 0.050980 0.019608
0 0.284314 0.727451 0.027451 0.019608
0 0.203922 0.319608 0.078431 0.105882
0 0.080392 0.743137 0.043137 0.050980
0 0.303922 0.594118 0.090196 0.050980
0 0.309804 0.798039 0.007843 0.019608
0 0.180392 0.194118 0.007843 0.027451
0 0.737255 0.256863 0.007843 0.019608
0 0.188235 0.245098 0.078431 0.035294
0 0.749020 0.217647 0.015686 0.019608
0 0.547059 0.945098 0.098039 0.054902
0 0.156863 0.045098 0.039216 0.058824
0 0.823529 0.550980 0.039216 0.098039
0 0.558824 0.323529 0.058824 0.050980
0 0.870588 0.313725 0.109804 0.070588
0 0.964706 0.813725 0.039216 0.019608
0 0.672549 0.209804 0.105882 0.074510
0 0.054902 0.929412 0.062745 0.062745
0 0.229412 0.572549 0.043137 0.031373
0 0.500000 0.105882 0.082353 0.047059
0 0.094118 0.023529 0.070588 0.047059
0 0.196078 0.890196 0.007843 0.023529
0 0.901961 0.637255 0.062745 0.027451
