0 0.629699 0.987854 0.011278 0.008097
0 0.631579 0.216599 0.045113 0.036437
0 0.954887 0.319838 0.030075 0.032389
0 0.796992 0.672065 0.007519 0.008097
0 0.274436 0.769231 0.082707 0.089069
0 0.765038 0.402834 0.048872 0.052632
0 0.783835 0.937247 0.011278 0.012146
0 0.251880 0.163968 0.097744 0.076923
0 0.855263 0.627530 0.026316 0.032389
0 0.426692 0.554656 0.018797 0.048583
0 0.366541 0.246964 0.011278 0.024291
0 0.778195 0.716599 0.142857 0.048583
0 0.390977 0.491903 0.105263 0.068826
0 0.699248 0.844130 0.007519 0.012146
0 0.518797 0.779352 0.075188 0.093117
0 0.193609 0.773279 0.026316 0.032389
0 0.843985 0.914980 0.063910 0.121457
0 0.156015 0.050607 0.078947 0.093117
0 0.366541 0.777328 0.056391 0.105263
0 0.065789 0.040486 0.093985 0.064777
0 0.708647 0.313765 0.041353 0.036437
0 0.389098 0.095142 0.048872 0.093117
0 0.843985 0.242915 0.056391 0.056680
0 0.073308 0.886640 0.026316 0.048583
0 0.360902 0.423077 0.052632 0.052632
0 0.543233 0.943320 0.131579 0.056680
0 0.109023 0.663968 0.067669 0.064777
