0 0.146179 0.470874 0.013289 0.009709
0 0.930233 0.726537 0.066445 0.074434
0 0.976744 0.024272 0.039867 0.035599
0 0.539867 0.084142 0.036545 0.038835
0 0.882060 0.349515 0.023256 0.019417
0 0.779070 0.796117 0.029900 0.045307
0 0.926910 0.522654 0.059801 0.029126
0 0.325581 0.148867 0.013289 0.045307
0 0.365449 0.632686 0.046512 0.029126
0 0.054817 0.043689 0.063123 0.029126
0 0.083056 0.323625 0.013289 0.019417
0 0.606312 0.606796 0.109635 0.048544
0 0.011628 0.323625 0.023256 0.038835
0 0.908638 0.912621 0.029900 0.025890
0 0.822259 0.288026 0.003322 0.006472
0 0.908638 0.053398 0.029900 0.035599
0 0.305648 0.794498 0.093023 0.055016
0 0.865449 0.189320 0.016611 0.016181
0 0.737542 0.920712 0.013289 0.029126
0 0.262458 0.739482 0.026578 0.042071
0 0.431894 0.844660 0.073090 0.071197
0 0.199336 0.700647 0.093023 0.055016
0 0.850498 0.362460 0.033223 0.058252
0 0.833887 0.144013 0.026578 0.022654
0 0.862126 0.553398 0.009967 0.012945
