0 0.468109 0.622120 0.006834 0.013825
0 0.541002 0.798387 0.043280 0.052995
0 0.363326 0.422811 0.038724 0.066820
0 0.085421 0.154378 0.047836 0.055300
0 0.043280 0.479263 0.009112 0.013825
0 0.304100 0.633641 0.075171 0.036866
0 0.469248 0.402074 0.045558 0.062212
0 0.883827 0.907834 0.031891 0.023041
0 0.871298 0.597926 0.043280 0.016129
0 0.469248 0.988479 0.009112 0.013825
0 0.455581 0.146313 0.059226 0.039171
0 0.078588 0.029954 0.052392 0.050691
0 0.411162 0.207373 0.029613 0.027650
0 0.845103 0.236175 0.031891 0.020737
0 0.230068 0.264977 0.018223 0.046083
0 0.365604 0.209677 0.006834 0.013825
0 0.323462 0.274194 0.063781 0.041475
0 0.912301 0.415899 0.015945 0.020737
0 0.931663 0.578341 0.068337 0.032258
0 0.189066 0.178571 0.059226 0.048387
0 0.331435 0.131336 0.006834 0.013825
0 0.493166 0.593318 0.066059 0.039171
0 0.736902 0.837558 0.006834 0.020737
0 0.466970 0.920507 0.009112 0.029954
0 0.890661 0.205069 0.072893 0.036866
0 0.752847 0.471198 0.029613 0.016129
0 0.087699 0.640553 0.015945 0.013825
0 0.610478 0.118664 0.009112 0.011521
0 0.855353 0.726959 0.043280 0.062212
0 0.421412 0.093318 0.050114 0.057604
0 0.191344 0.332949 0.018223 0.016129
0 0.798405 0.200461 0.052392 0.050691
0 0.801822 0.624424 0.013667 0.009217
0 0.939636 0.096774 0.006834 0.013825
0 0.626424 0.025346 0.059226 0.046083
0 0.274487 0.389401 0.038724 0.046083
0 0.324601 0.717742 0.029613 0.029954
0 0.238041 0.970046 0.020501 0.055300
0 0.263098 0.120968 0.052392 0.039171
0 0.902050 0.164747 0.068337 0.039171
