0 0.354638 0.678091 0.026018 0.030914
0 0.093326 0.962366 0.028281 0.029570
0 0.602376 0.129704 0.030543 0.025538
0 0.331448 0.183468 0.004525 0.006720
0 0.288462 0.899866 0.011312 0.033602
0 0.746606 0.803091 0.045249 0.017473
0 0.498869 0.852823 0.009050 0.030914
0 0.622738 0.162634 0.032805 0.024194
0 0.801471 0.086022 0.026018 0.029570
0 0.252262 0.870968 0.006787 0.010753
0 0.607466 0.323925 0.009050 0.010753
0 0.140837 0.449597 0.021493 0.006720
0 0.537330 0.436156 0.006787 0.009409
0 0.052602 0.236559 0.007919 0.016129
0 0.793552 0.044355 0.030543 0.026882
0 0.476244 0.729839 0.018100 0.045699
0 0.546946 0.127016 0.028281 0.028226
0 0.511312 0.120296 0.036199 0.022849
0 0.145928 0.092742 0.022624 0.026882
0 0.063914 0.420699 0.037330 0.021505
0 0.629525 0.353495 0.023756 0.024194
0 0.065045 0.450269 0.003394 0.010753
0 0.352376 0.523522 0.005656 0.009409
0 0.042421 0.130376 0.014706 0.037634
0 0.253394 0.887769 0.004525 0.006720
0 0.483032 0.590726 0.004525 0.006720
0 0.455317 0.134409 0.003394 0.008065
0 0.785068 0.174731 0.011312 0.029570
0 0.949661 0.688844 0.028281 0.028226
0 0.751131 0.030914 0.006787 0.021505
0 0.074095 0.208333 0.021493 0.029570
0 0.265271 0.020161 0.003394 0.008065
