0 0.935743 0.888320 0.004016 0.010246
0 0.266064 0.782787 0.022088 0.020492
0 0.297189 0.176230 0.044177 0.024590
0 0.784137 0.571721 0.050201 0.020492
0 0.591365 0.460041 0.026104 0.026639
0 0.227912 0.592213 0.018072 0.008197
0 0.910643 0.877049 0.010040 0.004098
0 0.696787 0.183402 0.060241 0.018443
0 0.066265 0.331967 0.024096 0.020492
0 0.478916 0.388320 0.006024 0.006148
0 0.063253 0.309426 0.018072 0.020492
0 0.567269 0.141393 0.006024 0.008197
0 0.333333 0.062500 0.012048 0.014344
0 0.162651 0.413934 0.020080 0.020492
0 0.691767 0.014344 0.014056 0.004098
0 0.649598 0.060451 0.006024 0.010246
0 0.516064 0.425205 0.016064 0.043033
0 0.904618 0.434426 0.022088 0.020492
0 0.415663 0.627049 0.024096 0.045082
0 0.500000 0.805328 0.032129 0.024590
0 0.351406 0.703893 0.016064 0.006148
0 0.353414 0.173156 0.008032 0.010246
0 0.820281 0.224385 0.006024 0.006148
0 0.053213 0.371926 0.022088 0.018443
