0 0.658098 0.229592 0.087404 0.040816
0 0.188946 0.684949 0.017995 0.012755
0 0.771208 0.457908 0.030848 0.012755
0 0.886889 0.364796 0.071979 0.045918
0 0.763496 0.751276 0.010283 0.028061
0 0.098972 0.170918 0.007712 0.015306
0 0.110540 0.443878 0.107969 0.030612
0 0.479434 0.942602 0.023136 0.063776
0 0.426735 0.519133 0.082262 0.043367
0 0.389460 0.033163 0.012853 0.010204
0 0.335476 0.923469 0.017995 0.020408
0 0.546272 0.100765 0.064267 0.053571
0 0.259640 0.577806 0.066838 0.053571
0 0.276350 0.822704 0.007712 0.017857
0 0.053985 0.887755 0.030848 0.056122
0 0.682519 0.923469 0.069409 0.051020
0 0.271208 0.080357 0.059126 0.028061
0 0.206941 0.524235 0.079692 0.043367
0 0.470437 0.639031 0.015424 0.017857
0 0.902314 0.191327 0.066838 0.051020
0 0.344473 0.730867 0.082262 0.043367
0 0.647815 0.850765 0.035990 0.089286
0 0.401028 0.692602 0.020566 0.043367
0 0.452442 0.345663 0.020566 0.012755
0 0.266067 0.672194 0.048843 0.068878
0 0.623393 0.882653 0.007712 0.015306
0 0.347044 0.335459 0.030848 0.053571
0 0.478149 0.431122 0.010283 0.015306
0 0.167095 0.474490 0.015424 0.010204
0 0.537275 0.405612 0.113111 0.030612
0 0.622108 0.159439 0.056555 0.063776
0 0.174807 0.072704 0.041131 0.053571
0 0.246787 0.182398 0.015424 0.028061
0 0.616967 0.709184 0.015424 0.035714
0 0.857326 0.834184 0.007712 0.015306
