0 0.870712 0.790141 0.042216 0.025352
0 0.609499 0.573239 0.005277 0.014085
0 0.238786 0.663380 0.044855 0.047887
0 0.601583 0.508451 0.042216 0.059155
0 0.770449 0.095775 0.063325 0.061972
0 0.890501 0.254930 0.060686 0.064789
0 0.192612 0.016901 0.005277 0.016901
0 0.629288 0.246479 0.007916 0.014085
0 0.395778 0.467606 0.036939 0.033803
0 0.262533 0.459155 0.007916 0.011268
0 0.951187 0.188732 0.013193 0.028169
0 0.139842 0.414085 0.015831 0.039437
0 0.113456 0.608451 0.021108 0.039437
0 0.994723 0.700000 0.010554 0.008451
0 0.732190 0.939437 0.044855 0.030986
0 0.286280 0.859155 0.023747 0.045070
0 0.889182 0.683099 0.063325 0.042254
0 0.171504 0.412676 0.005277 0.014085
0 0.600264 0.863380 0.087071 0.042254
0 0.794195 0.728169 0.026385 0.036620
0 0.982850 0.842254 0.018470 0.005634
0 0.407652 0.752113 0.060686 0.045070
0 0.655673 0.197183 0.076517 0.050704
0 0.465699 0.546479 0.034301 0.056338
0 0.626649 0.083099 0.039578 0.042254
0 0.600264 0.057746 0.007916 0.008451
0 0.535620 0.739437 0.005277 0.014085
0 0.431398 0.230986 0.007916 0.011268
0 0.567282 0.902817 0.010554 0.008451
0 0.945910 0.102817 0.092348 0.042254
