0 0.814935 0.078082 0.067100 0.046575
0 0.858225 0.746575 0.023810 0.035616
0 0.427489 0.319178 0.041126 0.073973
0 0.745671 0.475342 0.088745 0.035616
0 0.406926 0.169863 0.030303 0.016438
0 0.604978 0.502740 0.062771 0.046575
0 0.459957 0.160274 0.054113 0.046575
0 0.597403 0.035616 0.021645 0.043836
0 0.335498 0.246575 0.043290 0.032877
0 0.110390 0.490411 0.017316 0.043836
0 0.024892 0.965753 0.006494 0.019178
0 0.271645 0.043836 0.006494 0.016438
0 0.932900 0.430137 0.064935 0.049315
0 0.247835 0.260274 0.028139 0.049315
0 0.183983 0.684932 0.064935 0.049315
0 0.410173 0.108219 0.058442 0.052055
0 0.876623 0.291781 0.017316 0.024658
0 0.024892 0.905479 0.023810 0.052055
0 0.517316 0.868493 0.064935 0.049315
0 0.721861 0.426027 0.054113 0.057534
0 0.072511 0.400000 0.010823 0.010959
0 0.376623 0.790411 0.004329 0.024658
0 0.426407 0.916438 0.043290 0.068493
0 0.298701 0.245205 0.025974 0.035616
0 0.767316 0.042466 0.045455 0.019178
0 0.341991 0.456164 0.030303 0.019178
0 0.799784 0.943836 0.006494 0.019178
0 0.965368 0.836986 0.012987 0.008219
0 0.073593 0.663014 0.043290 0.071233
0 0.536797 0.278082 0.004329 0.024658
0 0.257576 0.916438 0.008658 0.013699
0 0.875541 0.117808 0.015152 0.027397
0 0.683983 0.128767 0.008658 0.021918
0 0.459957 0.813699 0.041126 0.060274
0 0.876623 0.957534 0.047619 0.068493
0 0.863636 0.832877 0.038961 0.082192
0 0.036797 0.417808 0.047619 0.063014
0 0.639610 0.971233 0.015152 0.024658
0 0.384199 0.836986 0.010823 0.041096
0 0.709957 0.930137 0.034632 0.084932
0 0.948052 0.538356 0.008658 0.013699
0 0.047619 0.598630 0.060606 0.052055
0 0.397186 0.619178 0.036797 0.027397
0 0.353896 0.793151 0.041126 0.073973
0 0.785714 0.421918 0.047619 0.065753
0 0.957792 0.634247 0.0238095 0.0794521
0 0.679654 0.941096 0.025974 0.0849315
0 0.952381 0.563014 0.021645 0.0794521
0 0.733766 0.761644 0.021645 0.0876712
0 0.926407 0.626027 0.021645 0.0849315
0 0.97619 0.794521 0.021645 0.0712329
0 0.87987 0.724658 0.0194805 0.0849315
0 0.754329 0.783562 0.0194805 0.0767123
0 0.65368 0.942466 0.021645 0.0767123
0 0.909091 0.730137 0.021645 0.0794521
0 0.856061 0.735616 0.0238095 0.0794521
