0 0.227419 0.606529 0.016129 0.051546
0 0.193548 0.759450 0.064516 0.089347
0 0.780645 0.209622 0.070968 0.034364
0 0.796774 0.871134 0.058065 0.058419
0 0.712903 0.221649 0.012903 0.017182
0 0.150000 0.747423 0.016129 0.044674
0 0.417742 0.293814 0.061290 0.079038
0 0.946774 0.316151 0.100000 0.054983
0 0.883871 0.256014 0.051613 0.058419
0 0.287097 0.353952 0.116129 0.048110
0 0.716129 0.359107 0.032258 0.072165
0 0.524194 0.195876 0.009677 0.020619
0 0.591935 0.865979 0.009677 0.027491
0 0.077419 0.554983 0.103226 0.058419
0 0.950000 0.097938 0.009677 0.024055
0 0.850000 0.630584 0.100000 0.058419
0 0.141935 0.333333 0.103226 0.054983
0 0.390323 0.697595 0.025806 0.034364
0 0.509677 0.905498 0.012903 0.017182
0 0.741935 0.113402 0.012903 0.020619
0 0.672581 0.161512 0.035484 0.048110
0 0.606452 0.386598 0.090323 0.065292
0 0.370968 0.647766 0.103226 0.058419
0 0.100000 0.513746 0.012903 0.017182
0 0.974194 0.970790 0.012903 0.037801
0 0.780645 0.780069 0.038710 0.027491
0 0.359677 0.293814 0.048387 0.065292
0 0.088710 0.719931 0.100000 0.058419
0 0.279032 0.027491 0.009677 0.020619
0 0.303226 0.305842 0.032258 0.034364
0 0.259677 0.745704 0.035484 0.061856
0 0.114516 0.054983 0.061290 0.082474
