0 0.657216 0.104408 0.056701 0.037123
0 0.065722 0.099768 0.085052 0.037123
0 0.923969 0.440835 0.064433 0.051044
0 0.322165 0.613689 0.015464 0.034803
0 0.340206 0.568445 0.051546 0.051044
0 0.125000 0.719258 0.074742 0.037123
0 0.149485 0.919954 0.041237 0.048724
0 0.911082 0.076566 0.007732 0.013921
0 0.230670 0.612529 0.007732 0.018561
0 0.755155 0.350348 0.015464 0.027842
0 0.304124 0.421114 0.015464 0.006961
0 0.622423 0.092807 0.007732 0.018561
0 0.136598 0.773782 0.020619 0.020882
0 0.065722 0.725058 0.038660 0.016241
0 0.802835 0.473318 0.048969 0.046404
0 0.402062 0.307425 0.010309 0.020882
0 0.449742 0.619490 0.012887 0.009281
0 0.876289 0.367749 0.010309 0.016241
0 0.844072 0.338747 0.012887 0.023202
0 0.198454 0.234339 0.046392 0.064965
0 0.760309 0.412993 0.030928 0.037123
