0 0.524064 0.431947 0.010695 0.005671
0 0.305704 0.256144 0.005348 0.013233
0 0.342246 0.343100 0.010695 0.005671
0 0.981283 0.307183 0.019608 0.039698
0 0.644385 0.407372 0.026738 0.017013
0 0.053476 0.408318 0.042781 0.041588
0 0.177362 0.603025 0.005348 0.011342
0 0.912656 0.100189 0.053476 0.034026
0 0.491087 0.206049 0.019608 0.015123
0 0.832442 0.962193 0.053476 0.034026
0 0.644385 0.444234 0.023173 0.052930
0 0.053476 0.215501 0.078431 0.022684
0 0.057041 0.451796 0.007130 0.011342
0 0.749554 0.534972 0.005348 0.011342
0 0.160428 0.957467 0.024955 0.066163
0 0.601604 0.982987 0.005348 0.018904
0 0.745989 0.348771 0.005348 0.013233
0 0.498217 0.901701 0.008913 0.007561
0 0.218360 0.814745 0.058824 0.030246
0 0.789661 0.909263 0.007130 0.011342
0 0.010695 0.370510 0.014260 0.015123
0 0.131907 0.632325 0.014260 0.024575
0 0.860071 0.456522 0.008913 0.013233
0 0.017825 0.120038 0.014260 0.017013
0 0.720143 0.320416 0.021390 0.039698
0 0.467914 0.653119 0.033868 0.051040
0 0.882353 0.924386 0.017825 0.011342
0 0.482175 0.762760 0.016043 0.020794
0 0.032977 0.442344 0.016043 0.018904
0 0.594474 0.595463 0.005348 0.011342
0 0.875223 0.287335 0.024955 0.011342
0 0.389483 0.876181 0.033868 0.043478
0 0.162210 0.655955 0.017825 0.015123
0 0.319964 0.047259 0.016043 0.015123
0 0.254902 0.562382 0.007130 0.009452
0 0.157754 0.822306 0.019608 0.018904
0 0.495544 0.073724 0.024955 0.037807
0 0.554367 0.775992 0.007130 0.009452
0 0.607843 0.649338 0.028520 0.013233
0 0.188057 0.876181 0.016043 0.020794
0 0.695187 0.706994 0.060606 0.030246
0 0.927807 0.438563 0.030303 0.056711
0 0.522282 0.874291 0.039216 0.043478
0 0.288770 0.959357 0.032086 0.013233
0 0.031194 0.826087 0.008913 0.026465
0 0.799465 0.835539 0.023173 0.030246
0 0.836007 0.620038 0.0320856 0.0907372
0 0.740642 0.647448 0.0338681 0.0964083
0 0.324421 0.913989 0.0463458 0.0850662
