0 0.668994 0.486068 0.053073 0.086687
0 0.784916 0.560372 0.061453 0.037152
0 0.335196 0.660991 0.044693 0.083591
0 0.460894 0.365325 0.022346 0.049536
0 0.175978 0.783282 0.022346 0.030960
0 0.467877 0.741486 0.008380 0.021672
0 0.733240 0.506192 0.036313 0.120743
0 0.283520 0.647059 0.053073 0.043344
0 0.100559 0.896285 0.022346 0.015480
0 0.501397 0.688854 0.013966 0.015480
0 0.127095 0.626935 0.097765 0.046440
0 0.201117 0.719814 0.005587 0.027864
0 0.379888 0.148607 0.055866 0.080495
0 0.932961 0.243034 0.005587 0.027864
0 0.162011 0.905573 0.022346 0.021672
0 0.527933 0.900929 0.039106 0.092879
0 0.463687 0.659443 0.027933 0.055728
0 0.832402 0.193498 0.044693 0.040248
0 0.593575 0.910217 0.008380 0.018576
0 0.513966 0.826625 0.039106 0.024768
0 0.241620 0.038700 0.019553 0.015480
0 0.269553 0.583591 0.075419 0.058824
0 0.636872 0.829721 0.083799 0.043344
0 0.525140 0.137771 0.067039 0.065015
0 0.168994 0.952012 0.013966 0.027864
0 0.127095 0.111455 0.025140 0.018576
0 0.903631 0.656347 0.008380 0.018576
0 0.406425 0.520124 0.041899 0.037152
0 0.439944 0.156347 0.058659 0.071207
0 0.458101 0.270898 0.089385 0.052632
0 0.198324 0.323529 0.011173 0.021672
0 0.065642 0.540248 0.064246 0.071207
0 0.888268 0.176471 0.050279 0.080495
0 0.969274 0.047988 0.011173 0.015480
0 0.562849 0.969040 0.008380 0.024768
0 0.301676 0.445820 0.089385 0.049536
