0 0.714401 0.289062 0.050162 0.025000
0 0.081715 0.657031 0.050162 0.026562
0 0.521845 0.426563 0.014563 0.028125
0 0.343042 0.749219 0.019417 0.042188
0 0.667476 0.972656 0.011327 0.007812
0 0.983010 0.018750 0.004854 0.009375
0 0.305016 0.943750 0.017799 0.043750
0 0.572006 0.045312 0.004854 0.009375
0 0.178803 0.337500 0.014563 0.018750
0 0.891586 0.880469 0.051780 0.026562
0 0.025890 0.986719 0.016181 0.023438
0 0.831715 0.638281 0.064725 0.020313
0 0.480583 0.707031 0.009709 0.014063
0 0.347087 0.519531 0.027508 0.048438
0 0.658576 0.138281 0.009709 0.014063
0 0.177994 0.964063 0.048544 0.028125
0 0.947411 0.572656 0.004854 0.010937
0 0.696602 0.954688 0.014563 0.025000
0 0.478155 0.289062 0.021036 0.034375
0 0.728155 0.573438 0.012945 0.034375
0 0.274272 0.102344 0.017799 0.032813
0 0.292071 0.938281 0.004854 0.014063
0 0.950647 0.488281 0.021036 0.026562
0 0.251618 0.538281 0.050162 0.026562
0 0.097087 0.100000 0.029126 0.043750
0 0.086570 0.178125 0.043689 0.028125
0 0.341424 0.710938 0.048544 0.028125
0 0.790453 0.071094 0.040453 0.026562
0 0.774272 0.165625 0.021036 0.021875
0 0.245146 0.810156 0.027508 0.048438
0 0.186084 0.525000 0.022654 0.018750
0 0.211165 0.683594 0.033981 0.039062
0 0.815534 0.935156 0.016181 0.010937
0 0.977346 0.899219 0.0291262 0.0640625
0 0.969256 0.825781 0.0323625 0.0640625
0 0.899676 0.894531 0.0291262 0.0796875
0 0.917476 0.878906 0.02589 0.0703125
0 0.949029 0.96875 0.0372168 0.0625
0 0.930421 0.778125 0.0226537 0.0625
0 0.915049 0.796875 0.0242718 0.0625
0 0.732201 0.702344 0.0339806 0.0890625
0 0.918285 0.914062 0.0339806 0.075
0 0.834142 0.782031 0.0275081 0.0671875
0 0.777508 0.753906 0.0307443 0.0796875
0 0.788026 0.71875 0.0291262 0.06875
0 0.764563 0.717969 0.0242718 0.0578125
0 0.851942 0.850781 0.0275081 0.0828125
0 0.974919 0.971875 0.0339806 0.05625
0 0.895631 0.807813 0.0210356 0.05625
0 0.956311 0.915625 0.0291262 0.065625
0 0.884304 0.775781 0.0242718 0.0640625
0 0.812298 0.745313 0.0323625 0.065625
0 0.911812 0.976562 0.0469256 0.046875
0 0.665049 0.572656 0.02589 0.0703125
0 0.872977 0.979688 0.0307443 0.040625
0 0.868123 0.885938 0.0436893 0.09375
0 0.803398 0.910937 0.0339806 0.084375
0 0.855987 0.961719 0.038835 0.0765625
