0 0.781796 0.310850 0.072319 0.052786
0 0.569825 0.850440 0.007481 0.017595
0 0.700748 0.466276 0.019950 0.058651
0 0.603491 0.473607 0.004988 0.014663
0 0.391521 0.636364 0.049875 0.041056
0 0.319202 0.989736 0.004988 0.014663
0 0.148379 0.030792 0.007481 0.008798
0 0.977556 0.558651 0.004988 0.014663
0 0.615960 0.888563 0.009975 0.035191
0 0.684539 0.592375 0.007481 0.017595
0 0.622195 0.708211 0.042394 0.085044
0 0.723192 0.529326 0.024938 0.026393
0 0.796758 0.365103 0.007481 0.008798
0 0.714464 0.117302 0.027431 0.041056
0 0.795511 0.177419 0.044888 0.038123
0 0.785536 0.030792 0.004988 0.014663
0 0.701995 0.309384 0.017456 0.049853
0 0.938903 0.390029 0.017456 0.011730
0 0.245636 0.840176 0.032419 0.055718
0 0.231920 0.322581 0.009975 0.035191
0 0.715711 0.077713 0.044888 0.026393
0 0.982544 0.504399 0.014963 0.029326
0 0.679551 0.422287 0.017456 0.023460
