0 0.017857 0.477419 0.009740 0.019355
0 0.165584 0.391935 0.012987 0.016129
0 0.477273 0.298387 0.038961 0.029032
0 0.194805 0.933871 0.103896 0.054839
0 0.555195 0.637097 0.045455 0.074194
0 0.600649 0.877419 0.071429 0.077419
0 0.391234 0.179032 0.074675 0.048387
0 0.805195 0.785484 0.006494 0.029032
0 0.110390 0.077419 0.025974 0.045161
0 0.396104 0.650000 0.142857 0.029032
0 0.607143 0.753226 0.006494 0.029032
0 0.532468 0.220968 0.103896 0.054839
0 0.663961 0.196774 0.022727 0.012903
0 0.248377 0.841935 0.009740 0.019355
0 0.064935 0.708065 0.051948 0.054839
0 0.180195 0.635484 0.048701 0.064516
0 0.103896 0.133871 0.019481 0.022581
0 0.628247 0.825806 0.055195 0.019355
0 0.829545 0.551613 0.042208 0.058065
0 0.928571 0.630645 0.084416 0.061290
0 0.303571 0.320968 0.068182 0.061290
0 0.162338 0.553226 0.058442 0.093548
0 0.498377 0.333871 0.016234 0.035484
0 0.876623 0.882258 0.025974 0.041935
0 0.068182 0.506452 0.025974 0.051613
0 0.798701 0.082258 0.084416 0.054839
0 0.115260 0.235484 0.126623 0.045161
0 0.009740 0.259677 0.006494 0.029032
0 0.766234 0.366129 0.051948 0.100000
0 0.081169 0.954839 0.019481 0.025806
0 0.300325 0.193548 0.087662 0.032258
0 0.125000 0.509677 0.009740 0.019355
0 0.657468 0.685484 0.042208 0.041935
0 0.370130 0.616129 0.019481 0.025806
0 0.254870 0.700000 0.087662 0.064516
0 0.827922 0.350000 0.012987 0.016129
0 0.097403 0.617742 0.077922 0.029032
0 0.271104 0.440323 0.068182 0.074194
0 0.704545 0.708065 0.025974 0.029032
0 0.956169 0.803226 0.009740 0.019355
0 0.326299 0.145161 0.055195 0.058065
0 0.426948 0.622581 0.009740 0.019355
0 0.902597 0.027419 0.103896 0.054839
0 0.853896 0.830645 0.103896 0.054839
0 0.061688 0.454839 0.071429 0.038710
0 0.370130 0.351613 0.045455 0.025806
0 0.616883 0.785484 0.038961 0.048387
0 0.298701 0.567742 0.012987 0.019355
