0 0.755639 0.358601 0.062657 0.058309
0 0.137845 0.265306 0.055138 0.017493
0 0.617794 0.623907 0.012531 0.034985
0 0.800752 0.465015 0.007519 0.020408
0 0.105263 0.959184 0.045113 0.064140
0 0.349624 0.096210 0.007519 0.017493
0 0.418546 0.702624 0.045113 0.046647
0 0.858396 0.740525 0.077694 0.046647
0 0.471178 0.918367 0.010025 0.017493
0 0.868421 0.325073 0.012531 0.020408
0 0.924812 0.214286 0.055138 0.072886
0 0.731830 0.281341 0.050125 0.072886
0 0.170426 0.623907 0.010025 0.023324
0 0.671679 0.205539 0.075188 0.049563
0 0.156642 0.921283 0.032581 0.087464
0 0.609023 0.362974 0.020050 0.043732
0 0.956140 0.118076 0.062657 0.061224
0 0.908521 0.664723 0.007519 0.023324
0 0.634085 0.412536 0.015038 0.049563
0 0.983709 0.855685 0.022556 0.032070
0 0.929825 0.969388 0.025063 0.049563
0 0.598997 0.574344 0.075188 0.052478
0 0.601504 0.844023 0.020050 0.043732
0 0.644110 0.112245 0.080201 0.049563
0 0.393484 0.144315 0.035088 0.102041
0 0.532581 0.185131 0.037594 0.072886
0 0.768170 0.077259 0.017544 0.014577
0 0.308271 0.147230 0.015038 0.008746
0 0.165414 0.521866 0.005013 0.029155
0 0.213033 0.806122 0.005013 0.026239
0 0.053885 0.453353 0.047619 0.061224
0 0.129073 0.810496 0.007519 0.017493
