0 0.834852 0.304147 0.038724 0.069124
0 0.828018 0.108295 0.066059 0.041475
0 0.530752 0.258065 0.018223 0.013825
0 0.497722 0.691244 0.052392 0.050691
0 0.060364 0.480415 0.015945 0.020737
0 0.765376 0.451613 0.022779 0.032258
0 0.309795 0.250000 0.068337 0.039171
0 0.588838 0.300691 0.011390 0.034562
0 0.890661 0.266129 0.050114 0.052995
0 0.816629 0.608295 0.006834 0.018433
0 0.570615 0.313364 0.020501 0.041475
0 0.216401 0.620968 0.072893 0.034562
0 0.125285 0.608295 0.045558 0.059908
0 0.256264 0.778802 0.006834 0.018433
0 0.283599 0.402074 0.056948 0.034562
0 0.686788 0.182028 0.061503 0.046083
0 0.506834 0.558756 0.075171 0.034562
0 0.529613 0.705069 0.006834 0.013825
0 0.130979 0.346774 0.043280 0.029954
0 0.818907 0.190092 0.038724 0.048387
0 0.588838 0.132488 0.029613 0.062212
0 0.130979 0.474654 0.043280 0.046083
0 0.148064 0.179724 0.022779 0.036866
0 0.790433 0.966590 0.009112 0.020737
0 0.948747 0.187788 0.029613 0.020737
0 0.222096 0.675115 0.011390 0.009217
0 0.093394 0.460829 0.027335 0.050691
0 0.478360 0.789171 0.068337 0.039171
0 0.154897 0.273041 0.009112 0.011521
0 0.132118 0.080645 0.022779 0.046083
0 0.447608 0.713134 0.043280 0.062212
0 0.884966 0.620968 0.006834 0.020737
0 0.361048 0.372120 0.006834 0.016129
0 0.112756 0.035714 0.070615 0.039171
0 0.659453 0.126728 0.043280 0.059908
0 0.143508 0.145161 0.022779 0.027650
