0 0.041190 0.273923 0.064073 0.045455
0 0.521739 0.704545 0.045767 0.035885
0 0.248284 0.836124 0.025172 0.031100
0 0.495423 0.074163 0.061785 0.047847
0 0.798627 0.205742 0.064073 0.043062
0 0.441648 0.986842 0.018307 0.011962
0 0.749428 0.692584 0.048055 0.059809
0 0.627002 0.862440 0.022883 0.011962
0 0.328375 0.339713 0.006865 0.014354
0 0.854691 0.970096 0.034325 0.026316
0 0.516018 0.911483 0.057208 0.023923
0 0.474828 0.495215 0.048055 0.062201
0 0.187643 0.608852 0.013730 0.007177
0 0.902746 0.069378 0.011442 0.014354
0 0.560641 0.398325 0.082380 0.035885
0 0.798627 0.765550 0.027460 0.043062
0 0.411899 0.723684 0.009153 0.016746
0 0.041190 0.111244 0.050343 0.055024
0 0.567506 0.861244 0.068650 0.043062
0 0.024027 0.929426 0.006865 0.016746
0 0.853547 0.033493 0.009153 0.014354
0 0.171625 0.716507 0.077803 0.035885
0 0.923341 0.348086 0.061785 0.040670
0 0.934783 0.631579 0.006865 0.023923
0 0.128146 0.153110 0.036613 0.076555
0 0.654462 0.319378 0.077803 0.035885
0 0.972540 0.014354 0.009153 0.014354
0 0.660183 0.032297 0.020595 0.045455
0 0.019451 0.175837 0.038902 0.040670
0 0.061785 0.438995 0.027460 0.011962
0 0.519451 0.541866 0.036613 0.078947
0 0.423341 0.955742 0.059497 0.045455
0 0.924485 0.497608 0.036613 0.014354
0 0.347826 0.125598 0.045767 0.059809
0 0.256293 0.666268 0.013730 0.035885
0 0.440503 0.271531 0.020595 0.011962
0 0.855835 0.160287 0.027460 0.023923
0 0.234554 0.789474 0.011442 0.009569
0 0.403890 0.497608 0.057208 0.052632
0 0.252860 0.516746 0.006865 0.014354
0 0.225400 0.037081 0.006865 0.021531
0 0.842105 0.650718 0.018307 0.009569
0 0.120137 0.822967 0.025172 0.052632
0 0.548055 0.180622 0.061785 0.045455
