0 0.684729 0.124021 0.049261 0.070496
0 0.848522 0.912533 0.022167 0.018277
0 0.528325 0.640992 0.017241 0.018277
0 0.182266 0.677546 0.044335 0.075718
0 0.428571 0.061358 0.083744 0.039164
0 0.763547 0.105744 0.014778 0.007833
0 0.459360 0.033943 0.017241 0.010444
0 0.516010 0.828982 0.022167 0.049608
0 0.812808 0.896867 0.034483 0.065274
0 0.684729 0.768930 0.068966 0.049608
0 0.741379 0.560052 0.024631 0.033943
0 0.846059 0.359008 0.066502 0.049608
0 0.932266 0.945170 0.076355 0.036554
0 0.530788 0.772846 0.061576 0.052219
0 0.662562 0.079634 0.009852 0.013055
0 0.610837 0.973890 0.083744 0.041775
0 0.470443 0.724543 0.054187 0.060052
0 0.801724 0.540470 0.007389 0.020888
0 0.685961 0.831593 0.066502 0.049608
0 0.869458 0.724543 0.009852 0.013055
0 0.140394 0.071802 0.009852 0.013055
0 0.399015 0.938642 0.009852 0.013055
0 0.637931 0.261097 0.034483 0.026110
0 0.421182 0.218016 0.049261 0.060052
0 0.539409 0.950392 0.054187 0.036554
0 0.475369 0.352480 0.054187 0.031332
0 0.764778 0.609661 0.071429 0.044386
0 0.163793 0.750653 0.056650 0.060052
0 0.248768 0.591384 0.009852 0.013055
0 0.828818 0.138381 0.012315 0.015666
0 0.240148 0.417755 0.022167 0.010444
0 0.777094 0.887728 0.032020 0.073107
0 0.178571 0.092689 0.012315 0.018277
0 0.887931 0.554830 0.027094 0.060052
0 0.651478 0.789817 0.012315 0.028721
0 0.199507 0.268930 0.019704 0.020888
0 0.715517 0.366841 0.007389 0.033943
0 0.365764 0.212794 0.056650 0.033943
0 0.915025 0.033943 0.086207 0.036554
0 0.408867 0.347258 0.034483 0.046997
