0 0.753142 0.351626 0.044883 0.040650
0 0.606822 0.161585 0.028725 0.050813
0 0.062837 0.071138 0.032316 0.040650
0 0.745961 0.886179 0.019749 0.028455
0 0.221724 0.400407 0.005386 0.012195
0 0.526032 0.707317 0.014363 0.016260
0 0.332136 0.608740 0.014363 0.026423
0 0.692998 0.264228 0.007181 0.016260
0 0.755835 0.010163 0.007181 0.012195
0 0.107720 0.753049 0.007181 0.010163
0 0.773788 0.172764 0.039497 0.048780
0 0.878815 0.460366 0.037702 0.050813
0 0.323160 0.504065 0.007181 0.012195
0 0.846499 0.033537 0.012567 0.038618
0 0.873429 0.171748 0.005386 0.018293
0 0.121185 0.569106 0.008977 0.016260
0 0.744165 0.935976 0.012567 0.022358
0 0.052065 0.039634 0.010772 0.018293
0 0.973070 0.528455 0.039497 0.048780
0 0.561939 0.209350 0.025135 0.077236
0 0.374327 0.633130 0.026930 0.058943
0 0.275583 0.745935 0.023339 0.012195
0 0.385099 0.130081 0.030521 0.028455
0 0.635548 0.860772 0.039497 0.046748
0 0.605027 0.116870 0.053860 0.034553
0 0.742370 0.575203 0.016158 0.032520
0 0.561041 0.501016 0.019749 0.006098
0 0.080790 0.257114 0.032316 0.050813
