0 0.261557 0.363291 0.026764 0.027848
0 0.239659 0.029114 0.026764 0.048101
0 0.024331 0.581013 0.024331 0.027848
0 0.225061 0.893671 0.051095 0.030380
0 0.074209 0.706329 0.046229 0.035443
0 0.199513 0.937975 0.009732 0.007595
0 0.832117 0.050633 0.034063 0.030380
0 0.172749 0.310127 0.053528 0.058228
0 0.709246 0.956962 0.021898 0.035443
0 0.315085 0.868354 0.031630 0.030380
0 0.619221 0.272152 0.012165 0.022785
0 0.211679 0.544304 0.034063 0.025316
0 0.046229 0.760759 0.024331 0.022785
0 0.340633 0.574684 0.004866 0.010127
0 0.972019 0.649367 0.021898 0.022785
0 0.534063 0.739241 0.017032 0.025316
0 0.023114 0.197468 0.031630 0.020253
0 0.746959 0.898734 0.024331 0.025316
0 0.468370 0.268354 0.026764 0.020253
0 0.335766 0.294937 0.029197 0.032911
0 0.935523 0.458228 0.055961 0.045570
0 0.349148 0.596203 0.026764 0.022785
0 0.434307 0.777215 0.060827 0.050633
0 0.600973 0.243038 0.029197 0.030380
0 0.590024 0.549367 0.007299 0.005063
0 0.283455 0.325316 0.070560 0.043038
