0 0.081395 0.935673 0.034884 0.023392
0 0.154070 0.301170 0.063953 0.181287
0 0.540698 0.482456 0.093023 0.146199
0 0.848837 0.391813 0.046512 0.081871
0 0.186047 0.154971 0.127907 0.087719
0 0.860465 0.035088 0.046512 0.070175
0 0.427326 0.932749 0.017442 0.040936
0 0.822674 0.611111 0.040698 0.076023
0 0.688953 0.040936 0.029070 0.035088
0 0.383721 0.374269 0.046512 0.058480
0 0.293605 0.435673 0.110465 0.146199
0 0.709302 0.134503 0.034884 0.023392
0 0.191860 0.461988 0.081395 0.058480
0 0.703488 0.713450 0.069767 0.070175
0 0.241279 0.950292 0.180233 0.076023
0 0.799419 0.274854 0.040698 0.105263
0 0.343023 0.783626 0.104651 0.163743
0 0.697674 0.438596 0.162791 0.105263
0 0.784884 0.535088 0.267442 0.064327
0 0.776163 0.730994 0.017442 0.046784
0 0.796512 0.076023 0.116279 0.105263
0 0.125000 0.058480 0.226744 0.081871
0 0.389535 0.277778 0.104651 0.122807
0 0.104651 0.391813 0.069767 0.175439
0 0.604651 0.941520 0.174419 0.105263
0 0.055233 0.277778 0.029070 0.040936
0 0.619186 0.333333 0.191860 0.093567
0 0.590116 0.754386 0.122093 0.140351
0 0.476744 0.304094 0.069767 0.035088
0 0.241279 0.169591 0.180233 0.093567
0 0.549419 0.631579 0.052326 0.093567
0 0.078488 0.304094 0.087209 0.140351
0 0.866279 0.862573 0.104651 0.122807
0 0.119186 0.116959 0.168605 0.105263
0 0.014535 0.923977 0.017442 0.070175
0 0.468023 0.652047 0.098837 0.181287
0 0.148256 0.836257 0.075581 0.046784
0 0.892442 0.152047 0.040698 0.070175
0 0.241279 0.283626 0.180233 0.099415
0 0.587209 0.652047 0.011628 0.052632
0 0.398256 0.719298 0.029070 0.046784
0 0.482558 0.821637 0.081395 0.134503
0 0.052326 0.222222 0.104651 0.116959
0 0.119186 0.073099 0.156977 0.111111
