0 0.303509 0.808772 0.059649 0.038596
0 0.952632 0.698246 0.059649 0.105263
0 0.363158 0.292982 0.031579 0.073684
0 0.340351 0.117544 0.077193 0.024561
0 0.173684 0.203509 0.017544 0.014035
0 0.092982 0.635088 0.087719 0.070175
0 0.857895 0.500000 0.094737 0.066667
0 0.229825 0.954386 0.031579 0.007018
0 0.857895 0.582456 0.101754 0.063158
0 0.226316 0.143860 0.080702 0.063158
0 0.240351 0.240351 0.045614 0.094737
0 0.592982 0.080702 0.042105 0.035088
0 0.450877 0.280702 0.066667 0.091228
0 0.049123 0.866667 0.077193 0.084211
0 0.459649 0.735088 0.042105 0.031579
0 0.591228 0.535088 0.010526 0.024561
0 0.266667 0.919298 0.035088 0.021053
0 0.828070 0.528070 0.028070 0.038596
0 0.771930 0.133333 0.028070 0.084211
0 0.359649 0.810526 0.038596 0.028070
0 0.894737 0.815789 0.028070 0.059649
0 0.561404 0.294737 0.098246 0.063158
0 0.228070 0.787719 0.028070 0.031579
0 0.614035 0.656140 0.028070 0.035088
0 0.507018 0.478947 0.024561 0.031579
0 0.850877 0.328070 0.087719 0.073684
0 0.400000 0.673684 0.077193 0.077193
0 0.963158 0.454386 0.038596 0.080702
0 0.233333 0.059649 0.017544 0.014035
0 0.540351 0.828070 0.112281 0.056140
