0 0.538375 0.120654 0.060948 0.040900
0 0.286682 0.546012 0.027088 0.028630
0 0.496614 0.342536 0.009029 0.006135
0 0.825056 0.640082 0.006772 0.012270
0 0.413093 0.392638 0.018059 0.036810
0 0.402935 0.290389 0.047404 0.036810
0 0.196388 0.867076 0.022573 0.016360
0 0.892777 0.684049 0.051919 0.030675
0 0.321670 0.950920 0.074492 0.032720
0 0.235892 0.813906 0.006772 0.008180
0 0.363431 0.240286 0.022573 0.030675
0 0.512415 0.706544 0.027088 0.006135
0 0.242664 0.849693 0.011287 0.026585
0 0.592551 0.091002 0.006772 0.006135
0 0.348758 0.350716 0.006772 0.006135
0 0.641084 0.551125 0.009029 0.006135
0 0.660271 0.391616 0.020316 0.002045
0 0.355530 0.981595 0.060948 0.024540
0 0.594808 0.216769 0.011287 0.028630
0 0.015801 0.542945 0.004515 0.010225
0 0.302483 0.242331 0.067720 0.030675
0 0.573363 0.073620 0.045147 0.024540
0 0.823928 0.576687 0.031603 0.020450
0 0.777652 0.549080 0.015801 0.022495
0 0.762980 0.566462 0.009029 0.012270
0 0.549661 0.157464 0.015801 0.016360
0 0.371332 0.385481 0.060948 0.038855
