0 0.754464 0.299342 0.008929 0.015351
0 0.960938 0.778509 0.024554 0.026316
0 0.506696 0.538377 0.004464 0.006579
0 0.434152 0.383772 0.015625 0.021930
0 0.118304 0.857456 0.017857 0.043860
0 0.368304 0.513158 0.004464 0.004386
0 0.908482 0.980263 0.008929 0.013158
0 0.418527 0.335526 0.055804 0.043860
0 0.216518 0.442982 0.053571 0.035088
0 0.393973 0.004386 0.006696 0.004386
0 0.424107 0.674342 0.044643 0.028509
0 0.308036 0.395833 0.053571 0.046053
0 0.041295 0.475877 0.029018 0.017544
0 0.152902 0.116228 0.064732 0.039474
0 0.232143 0.191886 0.062500 0.028509
0 0.879464 0.466009 0.031250 0.054825
0 0.328125 0.707237 0.022321 0.028509
0 0.599330 0.376096 0.006696 0.006579
0 0.670759 0.076754 0.015625 0.039474
0 0.856027 0.299342 0.046875 0.032895
0 0.030134 0.973684 0.060268 0.039474
0 0.277902 0.803728 0.037946 0.032895
0 0.319196 0.478070 0.017857 0.030702
0 0.089286 0.444079 0.026786 0.037281
0 0.477679 0.387061 0.053571 0.046053
0 0.161830 0.069079 0.015625 0.037281
0 0.978795 0.513158 0.002232 0.008772
0 0.513393 0.111842 0.013393 0.030702
0 0.166295 0.811404 0.0290179 0.0701754
0 0.385045 0.941886 0.0200893 0.0635965
0 0.356027 0.922149 0.0200893 0.0548246
0 0.120536 0.702851 0.0267857 0.0635965
0 0.345982 0.962719 0.0178571 0.0570175
0 0.323661 0.972588 0.0178571 0.0548246
