0 0.149289 0.168246 0.033175 0.042654
0 0.964455 0.014218 0.014218 0.028436
0 0.817536 0.687204 0.127962 0.094787
0 0.620853 0.926540 0.066351 0.071090
0 0.267773 0.819905 0.014218 0.028436
0 0.926540 0.061611 0.014218 0.037915
0 0.909953 0.921801 0.066351 0.099526
0 0.331754 0.511848 0.066351 0.180095
0 0.059242 0.687204 0.014218 0.028436
0 0.978673 0.952607 0.033175 0.037915
0 0.604265 0.606635 0.118483 0.066351
0 0.336493 0.767773 0.056872 0.028436
0 0.381517 0.018957 0.014218 0.028436
0 0.331754 0.104265 0.056872 0.094787
0 0.139810 0.234597 0.014218 0.033175
0 0.080569 0.037915 0.085308 0.075829
0 0.701422 0.490521 0.075829 0.099526
0 0.966825 0.047393 0.028436 0.028436
0 0.983412 0.900474 0.023697 0.018957
0 0.248815 0.405213 0.061611 0.146919
0 0.196682 0.793839 0.099526 0.118483
0 0.308057 0.246445 0.028436 0.018957
0 0.590047 0.123223 0.137441 0.085308
0 0.263033 0.919431 0.118483 0.104265
0 0.191943 0.386256 0.042654 0.099526
0 0.040284 0.497630 0.033175 0.018957
0 0.623223 0.857820 0.061611 0.056872
0 0.594787 0.528436 0.127962 0.090047
0 0.090047 0.689573 0.151659 0.080569
0 0.481043 0.090047 0.023697 0.018957
0 0.412322 0.348341 0.113744 0.071090
0 0.514218 0.883886 0.090047 0.127962
0 0.071090 0.796209 0.094787 0.085308
0 0.876777 0.812796 0.037915 0.042654
