0 0.271475 0.597470 0.030794 0.019345
0 0.207455 0.224702 0.029173 0.023810
0 0.091572 0.634673 0.021070 0.022321
0 0.087520 0.345982 0.055105 0.022321
0 0.217180 0.386161 0.042139 0.031250
0 0.276337 0.883929 0.011345 0.017857
0 0.316856 0.577381 0.034036 0.014881
0 0.620746 0.052827 0.032415 0.031250
0 0.900324 0.441964 0.008104 0.005952
0 0.815235 0.502232 0.009724 0.004464
0 0.744733 0.266369 0.004862 0.008929
0 0.216370 0.119048 0.017828 0.014881
0 0.891410 0.561756 0.038898 0.022321
0 0.897893 0.035714 0.029173 0.017857
0 0.673420 0.401042 0.043760 0.019345
0 0.871961 0.077381 0.029173 0.041667
0 0.542139 0.611607 0.011345 0.005952
0 0.148298 0.273065 0.008104 0.013393
0 0.891410 0.742560 0.012966 0.008929
0 0.038898 0.284970 0.025932 0.010417
0 0.865478 0.552083 0.009724 0.011905
0 0.794976 0.264137 0.040519 0.031250
0 0.725284 0.316964 0.008104 0.017857
0 0.521070 0.252976 0.040519 0.026786
0 0.498379 0.835565 0.030794 0.019345
0 0.875203 0.403274 0.019449 0.044643
0 0.528363 0.836310 0.025932 0.050595
0 0.775527 0.600446 0.050243 0.025298
0 0.657212 0.206101 0.014587 0.019345
0 0.401945 0.622768 0.032415 0.040179
0 0.252026 0.252232 0.017828 0.016369
0 0.759319 0.468750 0.047002 0.023810
0 0.766613 0.944196 0.025932 0.022321
0 0.300648 0.777530 0.008104 0.016369
0 0.226094 0.362351 0.004862 0.013393
0 0.079417 0.796875 0.045381 0.028274
0 0.545381 0.386905 0.034036 0.008929
0 0.931118 0.777530 0.034036 0.037202
0 0.393031 0.381696 0.030794 0.013393
0 0.693679 0.069196 0.006483 0.007440
0 0.032415 0.768601 0.051864 0.025298
0 0.015397 0.115327 0.004862 0.010417
0 0.800648 0.393601 0.032415 0.019345
0 0.542950 0.418899 0.019449 0.040179
