0 0.097000 0.102000 0.014000 0.008800
0 0.636000 0.310800 0.014000 0.010400
0 0.644000 0.282400 0.028000 0.014400
0 0.103000 0.186000 0.004000 0.004000
0 0.645000 0.516800 0.032000 0.012800
0 0.059000 0.796800 0.026000 0.016000
0 0.287500 0.445200 0.003000 0.005600
0 0.151000 0.740400 0.004000 0.004000
0 0.232500 0.901200 0.007000 0.007200
0 0.734500 0.382800 0.005000 0.004000
0 0.674000 0.556000 0.026000 0.016000
0 0.429000 0.103600 0.012000 0.008800
0 0.462500 0.319200 0.035000 0.011200
0 0.099500 0.497200 0.027000 0.015200
0 0.824000 0.072800 0.014000 0.008000
0 0.511500 0.492800 0.005000 0.004800
0 0.868000 0.006000 0.008000 0.008800
0 0.559000 0.563600 0.020000 0.005600
0 0.251500 0.919600 0.045000 0.008800
0 0.451500 0.009200 0.029000 0.010400
0 0.322000 0.822000 0.016000 0.010400
0 0.465500 0.456000 0.007000 0.019200
0 0.823500 0.008000 0.003000 0.004800
0 0.527000 0.432400 0.030000 0.013600
0 0.460000 0.612000 0.018000 0.008000
0 0.349500 0.074800 0.015000 0.008800
0 0.908500 0.726400 0.005000 0.003200
0 0.264500 0.044800 0.003000 0.004800
0 0.423000 0.179200 0.028000 0.014400
0 0.362500 0.987200 0.029000 0.014400
0 0.571000 0.936400 0.030000 0.013600
0 0.120000 0.472400 0.024000 0.016800
0 0.525500 0.197200 0.007000 0.012000
0 0.032500 0.772000 0.003000 0.004800
0 0.613000 0.777200 0.004000 0.004000
0 0.163000 0.896000 0.012000 0.009600
0 0.214500 0.744400 0.017000 0.023200
0 0.490000 0.735600 0.010000 0.012000
0 0.966500 0.351200 0.003000 0.006400
0 0.321500 0.872800 0.003000 0.006400
0 0.397000 0.360400 0.018000 0.008800
0 0.590000 0.480400 0.012000 0.016800
0 0.393000 0.468400 0.014000 0.005600
0 0.825500 0.601200 0.011000 0.008800
