0 0.518310 0.671171 0.061972 0.039039
0 0.619718 0.768769 0.078873 0.054054
0 0.573239 0.301802 0.008451 0.015015
0 0.639437 0.142643 0.033803 0.021021
0 0.921127 0.527027 0.045070 0.051051
0 0.270423 0.737237 0.016901 0.039039
0 0.656338 0.938438 0.011268 0.021021
0 0.869014 0.513514 0.053521 0.048048
0 0.052113 0.364865 0.008451 0.015015
0 0.421127 0.626126 0.014085 0.021021
0 0.235211 0.623123 0.019718 0.015015
0 0.495775 0.827327 0.016901 0.021021
0 0.540845 0.500000 0.028169 0.057057
0 0.557746 0.812312 0.011268 0.009009
0 0.869014 0.977477 0.030986 0.045045
0 0.816901 0.951952 0.028169 0.036036
0 0.043662 0.151652 0.030986 0.027027
0 0.577465 0.150150 0.050704 0.042042
0 0.902817 0.678679 0.059155 0.054054
0 0.701408 0.100601 0.005634 0.015015
0 0.273239 0.501502 0.033803 0.018018
0 0.474648 0.579580 0.092958 0.048048
0 0.125352 0.606607 0.014085 0.030030
0 0.043662 0.328829 0.081690 0.051051
0 0.811268 0.560060 0.005634 0.015015
0 0.123944 0.250751 0.073239 0.063063
0 0.512676 0.448949 0.050704 0.039039
0 0.030986 0.515015 0.022535 0.039039
0 0.883099 0.457958 0.042254 0.021021
0 0.315493 0.657658 0.022535 0.054054
0 0.216901 0.381381 0.061972 0.030030
