0 0.080882 0.873614 0.039916 0.017738
0 0.955882 0.645233 0.042017 0.017738
0 0.258403 0.906874 0.016807 0.035477
0 0.397059 0.330377 0.033613 0.035477
0 0.797269 0.564302 0.014706 0.019956
0 0.391807 0.385809 0.014706 0.013304
0 0.430672 0.963415 0.016807 0.042129
0 0.827731 0.526608 0.016807 0.042129
0 0.766807 0.146341 0.012605 0.017738
0 0.159664 0.410200 0.075630 0.026608
0 0.379202 0.492239 0.010504 0.008869
0 0.679622 0.634146 0.023109 0.013304
0 0.365546 0.070953 0.021008 0.039911
0 0.594538 0.110865 0.004202 0.004435
0 0.452731 0.962306 0.002101 0.008869
0 0.488445 0.216186 0.069328 0.033259
0 0.146008 0.383592 0.018908 0.013304
0 0.341387 0.096452 0.002101 0.002217
0 0.815126 0.391353 0.046218 0.050998
0 0.421218 0.560976 0.018908 0.013304
0 0.605042 0.859202 0.016807 0.037694
0 0.909664 0.369180 0.004202 0.011086
0 0.218487 0.934590 0.012605 0.015521
0 0.477941 0.39357 0.039916 0.0953437
0 0.640756 0.0554324 0.0294118 0.0576497
0 0.340336 0.490022 0.0252101 0.0665189
