0 0.084942 0.209459 0.088803 0.021236
0 0.898649 0.729730 0.005792 0.011583
0 0.108108 0.170849 0.030888 0.048263
0 0.394788 0.402510 0.009653 0.013514
0 0.701737 0.519305 0.005792 0.011583
0 0.241313 0.423745 0.081081 0.025097
0 0.264479 0.335907 0.050193 0.030888
0 0.220077 0.115830 0.050193 0.038610
0 0.613900 0.200772 0.034749 0.054054
0 0.129344 0.605212 0.015444 0.032819
0 0.303089 0.456564 0.003861 0.017375
0 0.243243 0.491313 0.011583 0.005792
0 0.273166 0.373552 0.025097 0.005792
0 0.133205 0.884170 0.011583 0.011583
0 0.653475 0.899614 0.063707 0.030888
0 0.269305 0.458494 0.055985 0.028958
0 0.680502 0.745174 0.021236 0.015444
0 0.394788 0.261583 0.040541 0.025097
0 0.601351 0.621622 0.052124 0.019305
0 0.465251 0.501931 0.007722 0.011583
0 0.526062 0.623552 0.005792 0.015444
0 0.739382 0.612934 0.038610 0.048263
0 0.012548 0.127413 0.021236 0.030888
0 0.371622 0.228764 0.013514 0.036680
0 0.479730 0.090734 0.028958 0.069498
0 0.546332 0.598456 0.050193 0.023166
0 0.194981 0.087838 0.015444 0.013514
0 0.226834 0.817568 0.075290 0.025097
0 0.618726 0.146718 0.048263 0.038610
0 0.581081 0.137066 0.023166 0.015444
0 0.636100 0.264479 0.009653 0.011583
0 0.208494 0.213320 0.069498 0.028958
0 0.467181 0.700772 0.034749 0.057915
0 0.915058 0.614865 0.054054 0.032819
0 0.576255 0.922780 0.013514 0.027027
0 0.926641 0.714286 0.034749 0.050193
