0 0.321591 0.849918 0.025000 0.026101
0 0.429545 0.906199 0.004545 0.008157
0 0.247159 0.936378 0.003409 0.009788
0 0.190341 0.974715 0.030682 0.030995
0 0.553409 0.203100 0.004545 0.008157
0 0.522159 0.682708 0.003409 0.011419
0 0.946023 0.342577 0.003409 0.009788
0 0.092614 0.732463 0.005682 0.016313
0 0.434091 0.659869 0.004545 0.014682
0 0.123864 0.328711 0.004545 0.008157
0 0.293750 0.079935 0.005682 0.009788
0 0.206818 0.495106 0.011364 0.021207
0 0.990909 0.269168 0.004545 0.009788
0 0.676136 0.531811 0.022727 0.042414
0 0.003409 0.296085 0.004545 0.008157
0 0.730114 0.703100 0.012500 0.026101
0 0.332955 0.134584 0.034091 0.027732
0 0.652273 0.345024 0.006818 0.004894
0 0.342614 0.576672 0.019318 0.027732
0 0.950568 0.223491 0.003409 0.009788
0 0.235227 0.534258 0.013636 0.014682
0 0.426705 0.630506 0.003409 0.011419
0 0.257955 0.098695 0.031818 0.030995
0 0.050000 0.452692 0.038636 0.017945
0 0.268750 0.828711 0.003409 0.009788
0 0.865909 0.469821 0.011364 0.039152
0 0.149432 0.705546 0.030682 0.030995
0 0.164773 0.086460 0.009091 0.016313
0 0.594318 0.944535 0.013636 0.009788
0 0.806818 0.547308 0.013636 0.030995
0 0.013068 0.270799 0.026136 0.035889
0 0.533523 0.385808 0.003409 0.011419
0 0.703409 0.610114 0.022727 0.022838
0 0.680682 0.314029 0.025000 0.037520
0 0.387500 0.732463 0.043182 0.022838
0 0.016477 0.469005 0.026136 0.021207
0 0.405682 0.333605 0.015909 0.027732
0 0.821591 0.173736 0.004545 0.021207
0 0.377273 0.666395 0.022727 0.027732
0 0.589773 0.073409 0.038636 0.026101
0 0.303977 0.761011 0.030682 0.030995
0 0.410227 0.714519 0.022727 0.009788
0 0.094318 0.039967 0.006818 0.011419
0 0.909091 0.912724 0.011364 0.044046
