0 0.521028 0.158879 0.014019 0.028037
0 0.053738 0.808411 0.060748 0.102804
0 0.072430 0.397196 0.098131 0.102804
0 0.726636 0.644860 0.088785 0.130841
0 0.873832 0.850467 0.102804 0.102804
0 0.563084 0.443925 0.014019 0.028037
0 0.088785 0.271028 0.093458 0.121495
0 0.658879 0.602804 0.037383 0.056075
0 0.665888 0.348131 0.014019 0.032710
0 0.478972 0.801402 0.060748 0.107477
0 0.710280 0.165888 0.056075 0.070093
0 0.408879 0.850467 0.070093 0.093458
0 0.105140 0.619159 0.126168 0.088785
0 0.920561 0.738318 0.037383 0.112150
0 0.682243 0.539720 0.093458 0.060748
0 0.815421 0.948598 0.135514 0.084112
0 0.394860 0.551402 0.154206 0.074766
0 0.936916 0.074766 0.116822 0.093458
0 0.212617 0.859813 0.079439 0.056075
0 0.803738 0.735981 0.130841 0.042056
0 0.532710 0.658879 0.074766 0.074766
0 0.789720 0.478972 0.112150 0.098131
0 0.675234 0.112150 0.014019 0.028037
0 0.873832 0.317757 0.056075 0.028037
0 0.467290 0.067757 0.102804 0.107477
0 0.885514 0.591121 0.042056 0.023364
0 0.352804 0.478972 0.098131 0.060748
0 0.806075 0.070093 0.014019 0.037383
0 0.280374 0.425234 0.028037 0.028037
0 0.341121 0.642523 0.037383 0.098131
0 0.268692 0.535047 0.060748 0.107477
0 0.226636 0.570093 0.014019 0.028037
