0 0.950801 0.665072 0.052632 0.052632
0 0.422197 0.314593 0.006865 0.007177
0 0.708238 0.090909 0.070938 0.033493
0 0.425629 0.812201 0.004577 0.011962
0 0.905034 0.570574 0.006865 0.007177
0 0.668192 0.041866 0.004577 0.011962
0 0.498856 0.716507 0.004577 0.016746
0 0.443936 0.288278 0.068650 0.040670
0 0.639588 0.065789 0.048055 0.045455
0 0.433638 0.190191 0.011442 0.007177
0 0.348970 0.392344 0.016018 0.038278
0 0.453089 0.204545 0.009153 0.007177
0 0.013730 0.462919 0.004577 0.011962
0 0.130435 0.410287 0.018307 0.011962
0 0.258581 0.387560 0.018307 0.023923
0 0.376430 0.584928 0.006865 0.007177
0 0.657895 0.177033 0.048055 0.038278
0 0.229977 0.716507 0.006865 0.007177
0 0.274600 0.962919 0.041190 0.021531
0 0.679634 0.387560 0.013730 0.038278
0 0.493135 0.392344 0.066362 0.043062
0 0.057208 0.436603 0.027460 0.026316
0 0.236842 0.168660 0.052632 0.045455
0 0.399314 0.453349 0.016018 0.021531
0 0.316934 0.620813 0.061785 0.045455
0 0.278032 0.498804 0.006865 0.011962
0 0.187643 0.199761 0.041190 0.055024
