0 0.761905 0.576739 0.018141 0.045564
0 0.146259 0.129496 0.006803 0.014388
0 0.921769 0.901679 0.011338 0.019185
0 0.589569 0.854916 0.027211 0.064748
0 0.875283 0.954436 0.045351 0.057554
0 0.539683 0.203837 0.036281 0.081535
0 0.192744 0.074341 0.009070 0.019185
0 0.706349 0.141487 0.056689 0.052758
0 0.029478 0.188249 0.004535 0.021583
0 0.253968 0.827338 0.018141 0.038369
0 0.088435 0.437650 0.009070 0.016787
0 0.701814 0.068345 0.011338 0.011990
0 0.239229 0.501199 0.024943 0.014388
0 0.344671 0.658273 0.058957 0.045564
0 0.597506 0.093525 0.006803 0.014388
0 0.832200 0.480815 0.072562 0.040767
0 0.630385 0.348921 0.063492 0.040767
0 0.431973 0.571942 0.020408 0.031175
0 0.819728 0.335731 0.034014 0.023981
0 0.331066 0.389688 0.068027 0.040767
0 0.952381 0.682254 0.009070 0.011990
0 0.233560 0.381295 0.049887 0.057554
0 0.138322 0.412470 0.013605 0.043165
0 0.922902 0.286571 0.054422 0.050360
0 0.580499 0.346523 0.018141 0.021583
0 0.781179 0.070743 0.052154 0.045564
0 0.401361 0.238609 0.027211 0.098321
0 0.082766 0.354916 0.038549 0.023981
0 0.853741 0.252998 0.074830 0.035971
0 0.166667 0.107914 0.006803 0.014388
0 0.473923 0.581535 0.022676 0.031175
0 0.799320 0.707434 0.006803 0.014388
0 0.061224 0.773381 0.058957 0.050360
0 0.780045 0.528777 0.031746 0.040767
0 0.051020 0.736211 0.006803 0.019185
