0 0.592157 0.264940 0.101961 0.075697
0 0.274510 0.575697 0.086275 0.091633
0 0.719608 0.585657 0.011765 0.031873
0 0.066667 0.605578 0.078431 0.103586
0 0.501961 0.948207 0.031373 0.055777
0 0.913725 0.097610 0.015686 0.019920
0 0.109804 0.015936 0.015686 0.023904
0 0.400000 0.551793 0.031373 0.083665
0 0.100000 0.103586 0.098039 0.079681
0 0.752941 0.332669 0.047059 0.091633
0 0.601961 0.701195 0.098039 0.071713
0 0.131373 0.177291 0.184314 0.043825
0 0.205882 0.617530 0.011765 0.023904
0 0.358824 0.171315 0.011765 0.023904
0 0.368627 0.523904 0.023529 0.051793
0 0.033333 0.537849 0.011765 0.023904
0 0.131373 0.715139 0.121569 0.067729
0 0.694118 0.027888 0.023529 0.023904
0 0.043137 0.306773 0.015686 0.023904
0 0.296078 0.171315 0.105882 0.071713
0 0.837255 0.109562 0.058824 0.075697
0 0.454902 0.233068 0.086275 0.099602
0 0.337255 0.430279 0.117647 0.071713
0 0.286275 0.336653 0.078431 0.107570
0 0.472549 0.942231 0.011765 0.027888
0 0.803922 0.185259 0.023529 0.011952
0 0.625490 0.818725 0.027451 0.051793
0 0.117647 0.300797 0.125490 0.067729
0 0.158824 0.960159 0.035294 0.015936
0 0.668627 0.364542 0.019608 0.043825
0 0.182353 0.117530 0.066667 0.067729
0 0.450980 0.898406 0.054902 0.043825
0 0.350980 0.683267 0.066667 0.107570
0 0.280392 0.685259 0.066667 0.119522
0 0.521569 0.227092 0.031373 0.071713
0 0.690196 0.647410 0.039216 0.051793
0 0.358824 0.047809 0.168627 0.023904
0 0.727451 0.888446 0.011765 0.031873
