0 0.673913 0.904328 0.020595 0.027335
0 0.737986 0.437358 0.006865 0.013667
0 0.335240 0.419134 0.034325 0.054670
0 0.575515 0.735763 0.057208 0.045558
0 0.824943 0.944191 0.020595 0.020501
0 0.137300 0.775626 0.059497 0.043280
0 0.105263 0.178815 0.009153 0.011390
0 0.525172 0.164009 0.043478 0.059226
0 0.911899 0.455581 0.006865 0.013667
0 0.739130 0.268793 0.059497 0.045558
0 0.636156 0.738041 0.059497 0.036446
0 0.838673 0.888383 0.034325 0.082005
0 0.381007 0.691344 0.043478 0.020501
0 0.786041 0.876993 0.066362 0.041002
0 0.217391 0.496583 0.064073 0.041002
0 0.524027 0.667426 0.027460 0.050114
0 0.260870 0.753986 0.050343 0.045558
0 0.622426 0.192483 0.013730 0.011390
0 0.090389 0.152620 0.025172 0.013667
0 0.426773 0.973804 0.016018 0.047836
0 0.143021 0.220957 0.066362 0.041002
0 0.146453 0.332574 0.077803 0.027335
0 0.734554 0.645786 0.004577 0.020501
0 0.613272 0.772210 0.009153 0.013667
0 0.935927 0.553531 0.045767 0.045558
0 0.623570 0.333713 0.020595 0.047836
0 0.934783 0.684510 0.011442 0.020501
0 0.284897 0.550114 0.052632 0.052392
0 0.985126 0.280182 0.025172 0.022779
0 0.290618 0.236902 0.082380 0.027335
0 0.562929 0.799544 0.064073 0.041002
0 0.077803 0.301822 0.013730 0.011390
0 0.613272 0.627563 0.036613 0.052392
0 0.114416 0.307517 0.013730 0.018223
0 0.534325 0.772210 0.011442 0.009112
0 0.692220 0.658314 0.038902 0.068337
0 0.092677 0.397494 0.034325 0.043280
0 0.883295 0.509112 0.009153 0.011390
0 0.713959 0.203872 0.004577 0.020501
0 0.122426 0.110478 0.093822 0.029613
