0 0.357143 0.205382 0.005291 0.025496
0 0.137566 0.838527 0.031746 0.050992
0 0.948413 0.344193 0.039683 0.070822
0 0.526455 0.059490 0.047619 0.079320
0 0.279101 0.349858 0.055556 0.042493
0 0.906085 0.331445 0.029101 0.039660
0 0.757937 0.841360 0.007937 0.016997
0 0.681217 0.208215 0.013228 0.014164
0 0.374339 0.532578 0.060847 0.056657
0 0.243386 0.024079 0.015873 0.008499
0 0.507937 0.905099 0.026455 0.048159
0 0.433862 0.310198 0.015873 0.014164
0 0.969577 0.467422 0.013228 0.011331
0 0.287037 0.422096 0.060847 0.062323
0 0.718254 0.298867 0.023810 0.042493
0 0.219577 0.304533 0.058201 0.019830
0 0.857143 0.549575 0.063492 0.056657
0 0.899471 0.584986 0.010582 0.014164
0 0.583333 0.192635 0.055556 0.073654
0 0.923280 0.240793 0.010582 0.016997
0 0.805556 0.586402 0.034392 0.118980
0 0.604497 0.648725 0.034392 0.028329
0 0.525132 0.560907 0.039683 0.016997
0 0.433862 0.885269 0.058201 0.070822
0 0.888889 0.844193 0.021164 0.062323
0 0.014550 0.973088 0.013228 0.014164
0 0.378307 0.822946 0.031746 0.042493
0 0.911376 0.365439 0.007937 0.022663
0 0.767196 0.382436 0.031746 0.016997
0 0.097884 0.406516 0.068783 0.059490
0 0.964286 0.944759 0.034392 0.065156
0 0.657407 0.682720 0.066138 0.062323
0 0.144180 0.956091 0.029101 0.065156
0 0.731481 0.453258 0.039683 0.028329
0 0.555556 0.644476 0.058201 0.048159
0 0.351852 0.400850 0.010582 0.025496
0 0.855820 0.886686 0.007937 0.016997
0 0.829365 0.181303 0.055556 0.062323
0 0.914021 0.895184 0.055556 0.045326
0 0.585979 0.583569 0.044974 0.067989
0 0.097884 0.488669 0.010582 0.042493
0 0.888889 0.101983 0.037037 0.050992
0 0.411376 0.366856 0.034392 0.076487
0 0.853175 0.120397 0.013228 0.048159
0 0.903439 0.189802 0.055556 0.056657
0 0.235450 0.393768 0.026455 0.039660
0 0.074074 0.703966 0.021164 0.014164
