0 0.796334 0.577083 0.012220 0.020833
0 0.929735 0.953125 0.010183 0.010417
0 0.405295 0.859375 0.036660 0.056250
0 0.199593 0.244792 0.008147 0.010417
0 0.504073 0.453125 0.006110 0.014583
0 0.288187 0.751042 0.030550 0.060417
0 0.651731 0.327083 0.012220 0.016667
0 0.078411 0.819792 0.054990 0.039583
0 0.531568 0.442708 0.044807 0.047917
0 0.850305 0.648958 0.054990 0.039583
0 0.228106 0.861458 0.008147 0.014583
0 0.836049 0.594792 0.030550 0.043750
0 0.932790 0.375000 0.016293 0.037500
0 0.574338 0.039583 0.061100 0.037500
0 0.960285 0.085417 0.006110 0.012500
0 0.582485 0.144792 0.012220 0.014583
0 0.230143 0.478125 0.061100 0.035417
0 0.673116 0.786458 0.006110 0.014583
0 0.512220 0.290625 0.046843 0.047917
0 0.641548 0.048958 0.016293 0.052083
0 0.622200 0.482292 0.006110 0.018750
0 0.817719 0.288542 0.022403 0.035417
0 0.061100 0.808333 0.036660 0.062500
0 0.671079 0.541667 0.050916 0.041667
0 0.568228 0.894792 0.024440 0.047917
0 0.045825 0.127083 0.050916 0.041667
0 0.630346 0.646875 0.006110 0.014583
0 0.307536 0.492708 0.052953 0.043750
0 0.483707 0.396875 0.054990 0.039583
0 0.298371 0.958333 0.054990 0.037500
0 0.661914 0.218750 0.020367 0.054167
0 0.381874 0.823958 0.014257 0.010417
0 0.168024 0.255208 0.010183 0.010417
0 0.858452 0.303125 0.042770 0.052083
0 0.556008 0.783333 0.008147 0.020833
0 0.359470 0.359375 0.063136 0.035417
0 0.966395 0.497917 0.030550 0.012500
0 0.894094 0.667708 0.008147 0.010417
