0 0.943333 0.190000 0.020000 0.026667
0 0.733333 0.986667 0.013333 0.020000
0 0.063333 0.760000 0.113333 0.053333
0 0.165000 0.263333 0.016667 0.013333
0 0.670000 0.086667 0.100000 0.060000
0 0.725000 0.286667 0.070000 0.086667
0 0.058333 0.085000 0.103333 0.056667
0 0.546667 0.086667 0.066667 0.046667
0 0.515000 0.021667 0.010000 0.023333
0 0.550000 0.410000 0.013333 0.046667
0 0.445000 0.465000 0.010000 0.023333
0 0.676667 0.028333 0.120000 0.050000
0 0.141667 0.441667 0.030000 0.036667
0 0.833333 0.013333 0.053333 0.026667
0 0.811667 0.213333 0.023333 0.033333
0 0.048333 0.926667 0.050000 0.073333
0 0.408333 0.628333 0.096667 0.030000
0 0.948333 0.975000 0.023333 0.030000
0 0.580000 0.966667 0.026667 0.040000
0 0.360000 0.393333 0.026667 0.066667
0 0.036667 0.590000 0.073333 0.033333
0 0.435000 0.308333 0.103333 0.056667
0 0.170000 0.345000 0.033333 0.043333
0 0.516667 0.493333 0.026667 0.020000
0 0.810000 0.713333 0.080000 0.073333
0 0.086667 0.665000 0.026667 0.036667
0 0.748333 0.595000 0.023333 0.036667
0 0.038333 0.480000 0.016667 0.026667
0 0.005000 0.043333 0.010000 0.020000
0 0.583333 0.611667 0.026667 0.023333
0 0.908333 0.015000 0.016667 0.016667
0 0.458333 0.031667 0.090000 0.063333
0 0.285000 0.555000 0.036667 0.076667
0 0.045000 0.635000 0.050000 0.063333
0 0.310000 0.470000 0.066667 0.086667
0 0.441667 0.900000 0.016667 0.013333
0 0.585000 0.776667 0.023333 0.026667
0 0.230000 0.183333 0.060000 0.093333
