0 0.770440 0.342342 0.050314 0.018018
0 0.036164 0.388889 0.040881 0.027027
0 0.385220 0.537538 0.022013 0.066066
0 0.477987 0.819820 0.006289 0.018018
0 0.012579 0.624625 0.006289 0.006006
0 0.921384 0.810811 0.056604 0.024024
0 0.083333 0.346847 0.059748 0.051051
0 0.690252 0.022523 0.003145 0.015015
0 0.838050 0.698198 0.003145 0.009009
0 0.446541 0.450450 0.006289 0.018018
0 0.825472 0.391892 0.059748 0.039039
0 0.080189 0.291291 0.072327 0.054054
0 0.319182 0.472973 0.015723 0.015015
0 0.075472 0.181682 0.062893 0.051051
0 0.278302 0.966967 0.097484 0.048048
0 0.814465 0.509009 0.100629 0.045045
0 0.297170 0.512012 0.078616 0.057057
0 0.377358 0.373874 0.012579 0.033033
0 0.471698 0.351351 0.018868 0.048048
0 0.234277 0.442943 0.003145 0.009009
0 0.827044 0.633634 0.025157 0.042042
0 0.885220 0.881381 0.015723 0.027027
0 0.844340 0.330330 0.015723 0.018018
0 0.545597 0.196697 0.022013 0.033033
0 0.693396 0.279279 0.022013 0.024024
0 0.770440 0.686186 0.018868 0.033033
0 0.433962 0.776276 0.037736 0.045045
0 0.484277 0.213213 0.006289 0.006006
