0 0.475532 0.041031 0.006383 0.005725
0 0.395745 0.988550 0.059574 0.022901
0 0.761702 0.331107 0.004255 0.005725
0 0.161702 0.515267 0.063830 0.030534
0 0.106383 0.672710 0.021277 0.043893
0 0.194681 0.632634 0.023404 0.020992
0 0.834043 0.271947 0.004255 0.005725
0 0.754255 0.978053 0.006383 0.005725
0 0.052128 0.965649 0.002128 0.007634
0 0.771277 0.735687 0.027660 0.047710
0 0.957447 0.520992 0.059574 0.022901
0 0.956383 0.414122 0.048936 0.041985
0 0.605319 0.455153 0.057447 0.036260
0 0.730851 0.168893 0.002128 0.005725
0 0.327660 0.660305 0.008511 0.003817
0 0.178723 0.464695 0.017021 0.024809
0 0.387234 0.572519 0.004255 0.011450
0 0.596809 0.788168 0.014894 0.026718
0 0.256383 0.605916 0.014894 0.024809
0 0.694681 0.876908 0.014894 0.028626
0 0.505319 0.418893 0.019149 0.020992
0 0.734043 0.439885 0.029787 0.017176
0 0.827660 0.451336 0.004255 0.009542
0 0.482979 0.978053 0.063830 0.032443
0 0.438298 0.500000 0.021277 0.019084
0 0.628723 0.891221 0.023404 0.015267
0 0.288298 0.792939 0.002128 0.001908
0 0.801064 0.763359 0.023404 0.038168
