0 0.541331 0.632251 0.006048 0.020882
0 0.065524 0.780742 0.006048 0.020882
0 0.776210 0.335267 0.028226 0.011601
0 0.182460 0.933875 0.062500 0.039443
0 0.538306 0.372390 0.012097 0.020882
0 0.414315 0.686775 0.018145 0.055684
0 0.571573 0.345708 0.006048 0.018561
0 0.844758 0.545244 0.052419 0.046404
0 0.490927 0.758701 0.054435 0.041763
0 0.567540 0.930394 0.014113 0.009281
0 0.496976 0.676334 0.038306 0.048724
0 0.019153 0.033643 0.030242 0.016241
0 0.102823 0.506961 0.048387 0.039443
0 0.765121 0.320186 0.006048 0.013921
0 0.767137 0.758701 0.006048 0.018561
0 0.694556 0.790023 0.018145 0.053364
0 0.683468 0.077726 0.008065 0.011601
0 0.208669 0.742459 0.010081 0.018561
0 0.537298 0.970998 0.006048 0.016241
0 0.755040 0.787703 0.006048 0.016241
0 0.451613 0.618329 0.040323 0.062645
0 0.580645 0.574246 0.008065 0.011601
0 0.148185 0.472158 0.026210 0.011601
