0 0.016967 0.702572 0.002121 0.003215
0 0.519618 0.585209 0.006363 0.009646
0 0.264581 0.946141 0.005302 0.011254
0 0.979321 0.538585 0.007423 0.012862
0 0.229056 0.029743 0.008484 0.014469
0 0.943796 0.446945 0.023330 0.019293
0 0.801166 0.614952 0.009544 0.017685
0 0.582715 0.395498 0.003181 0.012862
0 0.560445 0.862540 0.001060 0.004823
0 0.471898 0.254019 0.002121 0.009646
0 0.959703 0.527331 0.002121 0.003215
0 0.148462 0.985531 0.019088 0.012862
0 0.399258 0.040193 0.018028 0.019293
0 0.479321 0.276527 0.029692 0.028939
0 0.828738 0.421222 0.003181 0.003215
0 0.405620 0.414791 0.005302 0.022508
0 0.611877 0.163183 0.002121 0.008039
0 0.708908 0.208199 0.022269 0.036977
0 0.059915 0.587621 0.003181 0.001608
0 0.431071 0.446945 0.003181 0.003215
0 0.800636 0.289389 0.006363 0.025723
0 0.794274 0.958199 0.002121 0.006431
0 0.742842 0.726688 0.003181 0.003215
0 0.531283 0.555466 0.019088 0.017685
0 0.795864 0.979904 0.0159067 0.0401929
0 0.1421 0.973473 0.0148462 0.0530547
0 0.707847 0.977492 0.0159067 0.0450161
0 0.3579 0.840836 0.0159067 0.073955
0 0.185578 0.972669 0.0127253 0.0482315
0 0.28473 0.967846 0.0201485 0.0610932
0 0.287381 0.856913 0.0148462 0.0675241
0 0.822906 0.930064 0.0148462 0.062701
0 0.30912 0.848875 0.0159067 0.0675241
0 0.116119 0.909968 0.0159067 0.0610932
0 0.186108 0.920418 0.0137858 0.0562701
0 0.379639 0.87701 0.019088 0.0723473
0 0.0858961 0.950161 0.0127253 0.0643087
0 0.323966 0.848875 0.0159067 0.0643087
0 0.295864 0.856913 0.0148462 0.0675241
0 0.744433 0.869775 0.019088 0.0707396
0 0.270944 0.931672 0.0159067 0.0723473
0 0.76299 0.974277 0.0180276 0.0514469
0 0.717922 0.979904 0.0148462 0.0401929
0 0.192471 0.974277 0.0137858 0.0514469
0 0.396607 0.876206 0.0212089 0.0707396
0 0.30859 0.945338 0.019088 0.0803858
0 0.0577943 0.941318 0.0137858 0.0594855
0 0.138918 0.924437 0.0148462 0.0578778
0 0.0710498 0.958199 0.0127253 0.0610932
0 0.239661 0.951769 0.0169671 0.0610932
0 0.21421 0.935691 0.019088 0.0643087
0 0.727466 0.97508 0.0127253 0.0498392
