0 0.619883 0.559172 0.017544 0.047337
0 0.824561 0.394970 0.064327 0.068047
0 0.100877 0.668639 0.096491 0.029586
0 0.983918 0.823964 0.026316 0.068047
0 0.790936 0.112426 0.008772 0.017751
0 0.429825 0.258876 0.064327 0.068047
0 0.577485 0.081361 0.084795 0.050296
0 0.530702 0.520710 0.026316 0.059172
0 0.687135 0.440828 0.035088 0.035503
0 0.399123 0.658284 0.073099 0.062130
0 0.057018 0.718935 0.061404 0.059172
0 0.425439 0.828402 0.020468 0.023669
0 0.311404 0.409763 0.067251 0.068047
0 0.986842 0.164201 0.026316 0.050296
0 0.269006 0.639053 0.017544 0.035503
0 0.611111 0.844675 0.087719 0.050296
0 0.466374 0.076923 0.008772 0.023669
0 0.782164 0.924556 0.049708 0.091716
0 0.029240 0.689349 0.052632 0.076923
0 0.777778 0.199704 0.058480 0.079882
0 0.652047 0.272189 0.017544 0.011834
0 0.054094 0.457101 0.008772 0.020710
0 0.536550 0.973373 0.084795 0.053254
0 0.649123 0.223373 0.029240 0.014793
0 0.330409 0.948225 0.040936 0.056213
0 0.149123 0.306213 0.076023 0.062130
0 0.312865 0.062130 0.040936 0.094675
0 0.902047 0.374260 0.078947 0.056213
0 0.285088 0.008876 0.008772 0.017751
0 0.853801 0.875740 0.017544 0.017751
0 0.391813 0.406805 0.011696 0.014793
0 0.106725 0.150888 0.055556 0.076923
0 0.276316 0.099112 0.008772 0.026627
0 0.937135 0.704142 0.008772 0.017751
0 0.364035 0.963018 0.014620 0.050296
0 0.244152 0.457101 0.055556 0.079882
0 0.374269 0.758876 0.011696 0.020710
