0 0.815524 0.316532 0.026210 0.028226
0 0.692036 0.112903 0.003024 0.008065
0 0.161794 0.262769 0.009073 0.022849
0 0.047883 0.223790 0.013105 0.022849
0 0.630544 0.821909 0.007056 0.025538
0 0.372480 0.797715 0.025202 0.028226
0 0.461694 0.194892 0.016129 0.032258
0 0.625504 0.319892 0.027218 0.024194
0 0.978831 0.722446 0.020161 0.033602
0 0.789819 0.815188 0.017137 0.020161
0 0.246472 0.331317 0.019153 0.036290
0 0.635585 0.186156 0.009073 0.014785
0 0.686996 0.444220 0.009073 0.006720
0 0.531250 0.315860 0.028226 0.024194
0 0.419355 0.024866 0.008065 0.006720
0 0.477823 0.756720 0.018145 0.037634
0 0.765121 0.324597 0.004032 0.006720
0 0.701613 0.149194 0.028226 0.024194
0 0.303931 0.942876 0.033266 0.020161
0 0.227319 0.149194 0.005040 0.005376
0 0.209173 0.176747 0.013105 0.017473
0 0.849798 0.443548 0.018145 0.040323
0 0.837198 0.034274 0.005040 0.006720
0 0.276210 0.523522 0.016129 0.044355
0 0.818044 0.928763 0.003024 0.010753
0 0.865423 0.484543 0.031250 0.022849
0 0.793347 0.106855 0.006048 0.020161
0 0.035282 0.506048 0.012097 0.020161
0 0.922379 0.013441 0.006048 0.010753
0 0.561492 0.734543 0.012097 0.009409
0 0.131552 0.873656 0.003024 0.008065
0 0.417843 0.568548 0.015121 0.008065
0 0.968246 0.113575 0.031250 0.022849
0 0.853831 0.134409 0.010081 0.021505
0 0.181956 0.811828 0.011089 0.026882
0 0.718750 0.276210 0.018145 0.017473
0 0.712198 0.589382 0.011089 0.009409
0 0.637097 0.453629 0.0181452 0.0443548
0 0.951109 0.611559 0.0171371 0.0698925
0 0.609375 0.455645 0.0131048 0.0403226
0 0.927419 0.575269 0.0141129 0.0537634
0 0.930948 0.469758 0.0131048 0.0389785
0 0.212198 0.604167 0.0131048 0.0416667
0 0.501008 0.808468 0.0141129 0.0551075
0 0.168347 0.571237 0.016129 0.0376344
0 0.654234 0.464382 0.0120968 0.0362903
0 0.822077 0.0981183 0.0110887 0.0349462
0 0.354839 0.668683 0.0141129 0.0416667
0 0.745464 0.0396505 0.0110887 0.0336022
0 0.503024 0.823925 0.0141129 0.0430108
0 0.318548 0.52957 0.0120968 0.0349462
0 0.221774 0.608199 0.0120968 0.0389785
0 0.893145 0.65121 0.016129 0.0443548
0 0.926915 0.237903 0.0131048 0.0295699
0 0.27369 0.583333 0.015121 0.0456989
0 0.923891 0.254032 0.0110887 0.0322581
0 0.285786 0.580645 0.0131048 0.0456989
0 0.340222 0.528898 0.015121 0.0416667
0 0.370464 0.662634 0.0131048 0.0403226
0 0.840726 0.381048 0.0120968 0.030914
0 0.919355 0.3125 0.0120968 0.0336022
0 0.253024 0.587366 0.0141129 0.0376344
0 0.0715726 0.889113 0.0141129 0.0389785
0 0.35131 0.557796 0.0131048 0.0403226
0 0.91381 0.250672 0.0110887 0.0336022
0 0.936996 0.381048 0.0110887 0.0336022
0 0.900202 0.24664 0.0120968 0.0362903
0 0.366935 0.602151 0.0120968 0.0430108
0 0.344254 0.600806 0.0131048 0.0376344
0 0.920363 0.43414 0.0100806 0.0349462
0 0.203125 0.925403 0.0171371 0.0336022
0 0.908266 0.431452 0.0120968 0.0403226
0 0.144153 0.577285 0.0120968 0.0362903
0 0.0569556 0.933468 0.0191532 0.0497312
0 0.855343 0.229839 0.0110887 0.0322581
0 0.94002 0.25 0.0110887 0.0322581
0 0.914315 0.365591 0.0120968 0.0376344
0 0.472278 0.801747 0.0110887 0.0389785
0 0.676411 0.498656 0.0141129 0.0430108
0 0.460181 0.794355 0.0110887 0.0403226
