0 0.526608 0.792683 0.028825 0.033259
0 0.735033 0.292683 0.059867 0.044346
0 0.420177 0.339246 0.059867 0.031042
0 0.225055 0.126386 0.006652 0.017738
0 0.758315 0.395787 0.075388 0.033259
0 0.567627 0.175166 0.013304 0.039911
0 0.990022 0.756098 0.006652 0.013304
0 0.860310 0.509978 0.008869 0.017738
0 0.258315 0.172949 0.046563 0.053215
0 0.762749 0.977827 0.066519 0.031042
0 0.099778 0.701774 0.017738 0.033259
0 0.533259 0.239468 0.006652 0.013304
0 0.777162 0.666297 0.006652 0.015521
0 0.114191 0.166297 0.050998 0.048780
0 0.025499 0.574279 0.046563 0.053215
0 0.574279 0.601996 0.017738 0.028825
0 0.562084 0.981153 0.006652 0.015521
0 0.967849 0.754989 0.028825 0.042129
0 0.730599 0.952328 0.019956 0.015521
0 0.187361 0.361419 0.073171 0.035477
0 0.186253 0.416851 0.039911 0.026608
0 0.094235 0.124169 0.019956 0.031042
0 0.449002 0.733925 0.033259 0.022173
0 0.425721 0.045455 0.008869 0.011086
0 0.356984 0.429047 0.026608 0.037694
0 0.054324 0.825942 0.033259 0.073171
0 0.796009 0.468958 0.013304 0.006652
0 0.971175 0.824834 0.039911 0.062084
0 0.085366 0.970067 0.059867 0.042129
0 0.217295 0.577605 0.031042 0.019956
0 0.851441 0.605322 0.022173 0.039911
0 0.106430 0.856984 0.066519 0.037694
0 0.528825 0.333703 0.015521 0.019956
