0 0.158691 0.423754 0.018555 0.023460
0 0.258789 0.343842 0.005859 0.016129
0 0.194336 0.177419 0.017578 0.017595
0 0.929688 0.940616 0.001953 0.013196
0 0.950684 0.563050 0.002930 0.008798
0 0.588379 0.050587 0.026367 0.027859
0 0.281250 0.571114 0.013672 0.024927
0 0.475586 0.475073 0.017578 0.023460
0 0.270996 0.800587 0.002930 0.008798
0 0.331055 0.502933 0.003906 0.008798
0 0.705078 0.584311 0.029297 0.024927
0 0.600586 0.974340 0.007812 0.019062
0 0.207031 0.915689 0.025391 0.030792
0 0.541016 0.569648 0.001953 0.013196
0 0.932617 0.823314 0.025391 0.027859
0 0.894043 0.891496 0.016602 0.023460
0 0.040039 0.469208 0.031250 0.023460
0 0.405762 0.671554 0.002930 0.011730
0 0.517090 0.612903 0.006836 0.005865
0 0.291504 0.246334 0.002930 0.008798
0 0.800781 0.475806 0.009766 0.036657
0 0.962891 0.316716 0.021484 0.035191
0 0.562012 0.547654 0.006836 0.016129
0 0.524902 0.906158 0.020508 0.014663
0 0.749023 0.761730 0.013672 0.007331
0 0.094238 0.685484 0.002930 0.010264
0 0.734863 0.728006 0.016602 0.030792
0 0.374023 0.318182 0.023438 0.032258
0 0.484863 0.351906 0.002930 0.011730
