0 0.162879 0.340674 0.058081 0.059585
0 0.414141 0.384715 0.030303 0.064767
0 0.049242 0.694301 0.042929 0.082902
0 0.896465 0.137306 0.010101 0.015544
0 0.545455 0.536269 0.015152 0.020725
0 0.398990 0.965026 0.015152 0.038860
0 0.429293 0.277202 0.075758 0.046632
0 0.883838 0.091969 0.010101 0.023316
0 0.284091 0.362694 0.007576 0.015544
0 0.159091 0.575130 0.035354 0.056995
0 0.328283 0.270725 0.106061 0.033679
0 0.643939 0.086788 0.010101 0.012953
0 0.166667 0.724093 0.010101 0.023316
0 0.719697 0.458549 0.065657 0.051813
0 0.082071 0.216321 0.027778 0.023316
0 0.467172 0.382124 0.030303 0.028497
0 0.313131 0.648964 0.070707 0.049223
0 0.032828 0.230570 0.065657 0.051813
0 0.301768 0.220207 0.027778 0.062176
0 0.088384 0.507772 0.050505 0.067358
0 0.962121 0.704663 0.065657 0.020725
0 0.941919 0.362694 0.060606 0.041451
0 0.366162 0.449482 0.040404 0.054404
0 0.169192 0.796632 0.045455 0.075130
0 0.320707 0.400259 0.040404 0.085492
0 0.877525 0.380829 0.017677 0.010363
0 0.717172 0.332902 0.070707 0.049223
0 0.369949 0.573834 0.022727 0.012953
0 0.679293 0.659326 0.080808 0.044041
0 0.914141 0.316062 0.045455 0.036269
0 0.858586 0.448187 0.040404 0.082902
0 0.905303 0.088083 0.012626 0.010363
0 0.493687 0.012953 0.012626 0.020725
0 0.878788 0.691710 0.020202 0.036269
0 0.847222 0.946891 0.083333 0.038860
0 0.904040 0.610104 0.035354 0.038860
0 0.256313 0.354922 0.042929 0.077720
0 0.438131 0.040155 0.027778 0.044041
0 0.268939 0.626943 0.012626 0.015544
0 0.051768 0.408031 0.093434 0.012953
0 0.866162 0.658031 0.065657 0.051813
0 0.296717 0.081606 0.012626 0.018135
0 0.729798 0.501295 0.020202 0.012953
0 0.641414 0.898964 0.060606 0.056995
0 0.511364 0.191710 0.053030 0.062176
0 0.714646 0.387306 0.030303 0.012953
0 0.820707 0.076425 0.010101 0.012953
0 0.882576 0.049223 0.058081 0.056995
0 0.285354 0.742228 0.030303 0.033679
0 0.618687 0.718912 0.050505 0.069948
0 0.958333 0.822539 0.007576 0.018135
0 0.743687 0.788860 0.053030 0.054404
0 0.085859 0.046632 0.035354 0.015544
0 0.637626 0.550518 0.042929 0.033679
0 0.382576 0.382124 0.027778 0.049223
