0 0.214702 0.745394 0.016012 0.016750
0 0.695051 0.455611 0.004367 0.013400
0 0.168122 0.650754 0.021834 0.055276
0 0.237991 0.298157 0.004367 0.013400
0 0.559680 0.263819 0.030568 0.015075
0 0.127365 0.873534 0.010189 0.028476
0 0.676856 0.168342 0.014556 0.021776
0 0.638282 0.334171 0.030568 0.025126
0 0.390102 0.265494 0.023290 0.041876
0 0.517467 0.958961 0.007278 0.011725
0 0.497089 0.637353 0.021834 0.025126
0 0.272198 0.561977 0.017467 0.048576
0 0.069141 0.547739 0.004367 0.010050
0 0.380640 0.948074 0.033479 0.036851
0 0.776565 0.745394 0.048035 0.026801
0 0.157933 0.381910 0.004367 0.010050
0 0.610626 0.373534 0.024745 0.050251
0 0.223435 0.426298 0.016012 0.048576
0 0.473799 0.371859 0.027656 0.043551
0 0.287482 0.846734 0.027656 0.045226
0 0.878457 0.574539 0.021834 0.056951
0 0.976710 0.081240 0.005822 0.011725
0 0.634643 0.592965 0.017467 0.020101
0 0.801310 0.380235 0.010189 0.013400
0 0.228530 0.274707 0.046579 0.026801
0 0.673217 0.231993 0.007278 0.015075
0 0.294760 0.954774 0.013100 0.033501
0 0.074964 0.499162 0.004367 0.010050
0 0.272198 0.162479 0.020378 0.030151
0 0.299127 0.142379 0.018923 0.016750
0 0.706696 0.561139 0.004367 0.010050
0 0.307132 0.329983 0.011645 0.026801
0 0.229985 0.819933 0.026201 0.045226
0 0.529840 0.035176 0.032023 0.026801
0 0.829694 0.674204 0.029112 0.045226
0 0.668850 0.576214 0.018923 0.046901
0 0.270742 0.515913 0.008734 0.013400
0 0.237991 0.925461 0.013100 0.035176
0 0.067686 0.599665 0.021834 0.046901
0 0.709607 0.940536 0.036390 0.035176
0 0.247453 0.614740 0.011645 0.010050
0 0.235808 0.252094 0.008734 0.015075
0 0.254731 0.465662 0.014556 0.020101
0 0.069141 0.655779 0.004367 0.011725
0 0.877001 0.637353 0.024745 0.048576
0 0.721980 0.669179 0.008734 0.018425
0 0.009461 0.298995 0.013100 0.005025
0 0.229985 0.690955 0.026201 0.048576
