0 0.414912 0.460733 0.029825 0.010471
0 0.781579 0.870855 0.047368 0.034904
0 0.023684 0.445026 0.005263 0.013962
0 0.757018 0.913613 0.054386 0.029668
0 0.197368 0.175393 0.012281 0.012216
0 0.740351 0.842932 0.031579 0.034904
0 0.443860 0.032286 0.031579 0.033159
0 0.681579 0.472949 0.057895 0.027923
0 0.342982 0.443281 0.008772 0.006981
0 0.457018 0.601222 0.047368 0.029668
0 0.781579 0.322862 0.040351 0.038394
0 0.711404 0.935428 0.029825 0.055846
0 0.487719 0.084642 0.017544 0.008726
0 0.253509 0.394415 0.005263 0.010471
0 0.097368 0.778360 0.033333 0.045375
0 0.685965 0.230366 0.031579 0.052356
0 0.154386 0.375218 0.024561 0.010471
0 0.666667 0.892670 0.003509 0.015707
0 0.554386 0.866492 0.007018 0.015707
0 0.957895 0.630890 0.038596 0.043630
0 0.525439 0.326353 0.057895 0.024433
0 0.634211 0.091623 0.033333 0.047120
0 0.342982 0.725131 0.026316 0.033159
0 0.769298 0.787958 0.033333 0.047120
0 0.169298 0.595113 0.012281 0.017452
0 0.359649 0.245201 0.038596 0.029668
0 0.535088 0.698953 0.007018 0.015707
0 0.315789 0.454625 0.003509 0.015707
0 0.650000 0.541012 0.008772 0.006981
0 0.326316 0.688482 0.045614 0.036649
0 0.752632 0.108202 0.063158 0.024433
