0 0.443500 0.095200 0.003000 0.006400
0 0.558000 0.258400 0.032000 0.009600
0 0.209500 0.988400 0.013000 0.005600
0 0.656500 0.528400 0.005000 0.005600
0 0.973000 0.140800 0.008000 0.006400
0 0.249000 0.632400 0.022000 0.020000
0 0.605500 0.804800 0.027000 0.016000
0 0.959500 0.523200 0.023000 0.016000
0 0.624000 0.980800 0.008000 0.011200
0 0.077500 0.364800 0.005000 0.003200
0 0.678500 0.295200 0.005000 0.004800
0 0.142500 0.024800 0.005000 0.004800
0 0.299000 0.806400 0.016000 0.009600
0 0.198000 0.957600 0.020000 0.012800
0 0.060500 0.428000 0.021000 0.019200
0 0.671500 0.127600 0.033000 0.005600
0 0.452500 0.232800 0.015000 0.022400
0 0.114000 0.603600 0.022000 0.018400
0 0.669500 0.192800 0.009000 0.011200
0 0.050500 0.749200 0.017000 0.010400
0 0.466500 0.124000 0.003000 0.004800
0 0.774500 0.592800 0.003000 0.006400
0 0.881000 0.668800 0.022000 0.019200
0 0.550500 0.898400 0.009000 0.014400
0 0.316000 0.600800 0.012000 0.004800
0 0.095500 0.733600 0.003000 0.004800
0 0.068000 0.902800 0.008000 0.016800
0 0.346000 0.591600 0.010000 0.010400
0 0.776500 0.752800 0.007000 0.008000
0 0.643500 0.616400 0.015000 0.028000
0 0.798500 0.493600 0.019000 0.020800
0 0.549500 0.048800 0.003000 0.004800
0 0.441000 0.200000 0.004000 0.004800
0 0.568000 0.747600 0.030000 0.013600
0 0.018500 0.114400 0.017000 0.011200
0 0.461500 0.989600 0.033000 0.006400
0 0.224500 0.448400 0.005000 0.004000
0 0.407000 0.696800 0.018000 0.011200
0 0.169000 0.621600 0.016000 0.008000
0 0.484500 0.308400 0.025000 0.016800
0 0.928500 0.759600 0.021000 0.020000
0 0.644500 0.594000 0.031000 0.013600
0 0.764000 0.390400 0.016000 0.009600
0 0.302500 0.498000 0.021000 0.008800
