0 0.279116 0.672691 0.028112 0.060241
0 0.843373 0.319277 0.088353 0.052209
0 0.130522 0.343373 0.060241 0.140562
0 0.234940 0.289157 0.012048 0.024096
0 0.283133 0.206827 0.100402 0.084337
0 0.164659 0.026104 0.016064 0.028112
0 0.706827 0.656627 0.032129 0.044177
0 0.128514 0.194779 0.080321 0.100402
0 0.297189 0.357430 0.096386 0.088353
0 0.497992 0.837349 0.048193 0.068273
0 0.734940 0.214859 0.128514 0.068273
0 0.616466 0.616466 0.132530 0.060241
0 0.947791 0.128514 0.024096 0.040161
0 0.650602 0.688755 0.016064 0.028112
0 0.349398 0.142570 0.040161 0.036145
0 0.801205 0.861446 0.092369 0.084337
0 0.094378 0.112450 0.140562 0.056225
0 0.526104 0.554217 0.088353 0.024096
0 0.329317 0.899598 0.016064 0.048193
0 0.483936 0.491968 0.084337 0.092369
0 0.391566 0.383534 0.084337 0.084337
0 0.811245 0.933735 0.016064 0.020080
0 0.379518 0.363454 0.140562 0.020080
0 0.819277 0.441767 0.016064 0.032129
0 0.248996 0.831325 0.064257 0.136546
0 0.622490 0.433735 0.096386 0.056225
0 0.315261 0.728916 0.036145 0.060241
0 0.421687 0.524096 0.032129 0.052209
0 0.228916 0.696787 0.080321 0.108434
0 0.518072 0.355422 0.032129 0.020080
0 0.973896 0.457831 0.020080 0.040161
0 0.453815 0.281124 0.080321 0.104418
0 0.833333 0.726908 0.020080 0.024096
0 0.873494 0.441767 0.060241 0.056225
0 0.178715 0.257028 0.012048 0.024096
0 0.291165 0.144578 0.020080 0.032129
0 0.606426 0.779116 0.072289 0.040161
0 0.728916 0.353414 0.012048 0.024096
0 0.078313 0.815261 0.108434 0.080321
