0 0.558333 0.275373 0.035417 0.022388
0 0.076563 0.412687 0.017708 0.007463
0 0.191667 0.659701 0.016667 0.020896
0 0.450000 0.891791 0.002083 0.004478
0 0.810937 0.652239 0.003125 0.008955
0 0.137500 0.673881 0.039583 0.019403
0 0.007292 0.950746 0.004167 0.002985
0 0.141667 0.233582 0.014583 0.010448
0 0.894271 0.492537 0.003125 0.011940
0 0.965104 0.023134 0.007292 0.007463
0 0.861458 0.570149 0.008333 0.026866
0 0.233854 0.935821 0.032292 0.020896
0 0.178125 0.932836 0.025000 0.029851
0 0.016146 0.485821 0.011458 0.004478
0 0.898438 0.114925 0.007292 0.014925
0 0.385937 0.556716 0.009375 0.035821
0 0.867188 0.788060 0.013542 0.008955
0 0.918750 0.230597 0.002083 0.004478
0 0.084896 0.975373 0.001042 0.001493
0 0.234375 0.421642 0.016667 0.022388
0 0.785417 0.203731 0.010417 0.013433
0 0.038542 0.491791 0.002083 0.004478
0 0.835938 0.526866 0.003125 0.005970
0 0.219271 0.314925 0.015625 0.026866
0 0.618229 0.220149 0.005208 0.013433
0 0.202083 0.685821 0.018750 0.025373
0 0.412500 0.885075 0.006250 0.011940
0 0.367708 0.414925 0.022917 0.032836
0 0.392708 0.142537 0.006250 0.022388
0 0.663021 0.049254 0.028125 0.014925
0 0.865625 0.802239 0.01875 0.0880597
0 0.850521 0.743284 0.0260417 0.080597
0 0.939583 0.948507 0.0229167 0.0820896
