0 0.455738 0.742623 0.019672 0.009836
0 0.178689 0.906557 0.016393 0.016393
0 0.627869 0.959016 0.009836 0.029508
0 0.719672 0.173770 0.075410 0.072131
0 0.898361 0.573770 0.045902 0.124590
0 0.559016 0.744262 0.009836 0.019672
0 0.613115 0.090164 0.013115 0.016393
0 0.096721 0.173770 0.055738 0.072131
0 0.873770 0.834426 0.049180 0.081967
0 0.029508 0.740984 0.026230 0.026230
0 0.932787 0.037705 0.095082 0.055738
0 0.185246 0.818033 0.134426 0.042623
0 0.178689 0.362295 0.081967 0.029508
0 0.455738 0.163934 0.098361 0.059016
0 0.377049 0.462295 0.013115 0.026230
0 0.531148 0.891803 0.111475 0.052459
0 0.852459 0.908197 0.065574 0.039344
0 0.618033 0.204918 0.022951 0.036066
0 0.422951 0.854098 0.039344 0.081967
0 0.326230 0.577049 0.009836 0.026230
0 0.357377 0.460656 0.019672 0.022951
0 0.790164 0.313115 0.078689 0.068852
0 0.542623 0.586885 0.029508 0.039344
0 0.849180 0.132787 0.039344 0.055738
0 0.088525 0.703279 0.085246 0.068852
0 0.221311 0.298361 0.055738 0.091803
0 0.563934 0.121311 0.078689 0.072131
0 0.859016 0.478689 0.059016 0.032787
0 0.104918 0.278689 0.085246 0.039344
0 0.588525 0.708197 0.042623 0.045902
0 0.237705 0.670492 0.009836 0.022951
0 0.322951 0.336066 0.009836 0.022951
0 0.239344 0.198361 0.104918 0.049180
0 0.452459 0.214754 0.124590 0.022951
0 0.701639 0.268852 0.045902 0.045902
0 0.801639 0.486885 0.036066 0.016393
0 0.604918 0.934426 0.029508 0.026230
0 0.095082 0.486885 0.013115 0.016393
0 0.086885 0.590164 0.009836 0.026230
0 0.363934 0.419672 0.045902 0.052459
0 0.270492 0.354098 0.075410 0.072131
0 0.772131 0.104918 0.009836 0.026230
0 0.514754 0.977049 0.019672 0.026230
0 0.863934 0.611475 0.016393 0.042623
0 0.598361 0.262295 0.029508 0.065574
0 0.039344 0.590164 0.078689 0.072131
0 0.713115 0.342623 0.049180 0.042623
