0 0.398837 0.625000 0.016279 0.023585
0 0.816279 0.829009 0.037209 0.040094
0 0.055814 0.920991 0.041860 0.035377
0 0.234884 0.892689 0.023256 0.025943
0 0.098837 0.903302 0.030233 0.009434
0 0.748837 0.165094 0.065116 0.037736
0 0.550000 0.110849 0.002326 0.009434
0 0.875581 0.337264 0.006977 0.014151
0 0.772093 0.694575 0.060465 0.044811
0 0.089535 0.540094 0.020930 0.033019
0 0.415116 0.883255 0.030233 0.025943
0 0.590698 0.794811 0.055814 0.018868
0 0.812791 0.011792 0.016279 0.014151
0 0.329070 0.501179 0.002326 0.007075
0 0.143023 0.238208 0.020930 0.018868
0 0.625581 0.616745 0.041860 0.063679
0 0.689535 0.399764 0.016279 0.016509
0 0.213953 0.732311 0.032558 0.025943
0 0.572093 0.678066 0.004651 0.007075
0 0.544186 0.373821 0.037209 0.021226
0 0.673256 0.389151 0.011628 0.018868
0 0.788372 0.338443 0.041860 0.021226
0 0.836047 0.564858 0.044186 0.058962
0 0.059302 0.826651 0.016279 0.007075
0 0.948837 0.712264 0.013953 0.033019
0 0.965116 0.962264 0.018605 0.033019
0 0.977907 0.847877 0.006977 0.011792
0 0.505814 0.933962 0.044186 0.061321
0 0.119767 0.823113 0.006977 0.004717
0 0.422093 0.851415 0.006977 0.014151
