0 0.156250 0.885475 0.038462 0.039106
0 0.656250 0.856145 0.024038 0.041899
0 0.695913 0.959497 0.055288 0.058659
0 0.852163 0.762570 0.040865 0.061453
0 0.536058 0.427374 0.057692 0.033520
0 0.064904 0.120112 0.043269 0.033520
0 0.820913 0.656425 0.002404 0.011173
0 0.054087 0.090782 0.007212 0.019553
0 0.953125 0.698324 0.007212 0.011173
0 0.286058 0.393855 0.033654 0.022346
0 0.704327 0.765363 0.057692 0.027933
0 0.727163 0.743017 0.016827 0.011173
0 0.787260 0.114525 0.045673 0.044693
0 0.056490 0.631285 0.021635 0.022346
0 0.974760 0.969274 0.012019 0.011173
0 0.894231 0.748603 0.014423 0.055866
0 0.944712 0.400838 0.004808 0.008380
0 0.194712 0.635475 0.014423 0.013966
0 0.491587 0.304469 0.021635 0.022346
0 0.707933 0.143855 0.016827 0.013966
0 0.362981 0.620112 0.004808 0.011173
0 0.939904 0.325419 0.014423 0.019553
0 0.217548 0.215084 0.007212 0.016760
0 0.610577 0.298883 0.043269 0.055866
0 0.185096 0.839385 0.081731 0.041899
0 0.950721 0.966480 0.026442 0.016760
0 0.647837 0.332402 0.016827 0.039106
0 0.215144 0.129888 0.036058 0.041899
0 0.782452 0.328212 0.088942 0.036313
