0 0.839117 0.990085 0.006309 0.014164
0 0.105678 0.365439 0.022082 0.022663
0 0.619874 0.296034 0.053628 0.087819
0 0.725552 0.403683 0.006309 0.014164
0 0.381703 0.815864 0.056782 0.045326
0 0.388013 0.059490 0.082019 0.033994
0 0.962145 0.158640 0.031546 0.050992
0 0.914826 0.728045 0.031546 0.011331
0 0.075710 0.245042 0.082019 0.053824
0 0.881703 0.056657 0.078864 0.062323
0 0.585174 0.839943 0.015773 0.031161
0 0.892744 0.194051 0.006309 0.014164
0 0.280757 0.553824 0.025237 0.042493
0 0.264984 0.831445 0.006309 0.014164
0 0.987382 0.116147 0.012618 0.011331
0 0.132492 0.688385 0.018927 0.016997
0 0.738170 0.409348 0.012618 0.031161
0 0.723975 0.138810 0.053628 0.033994
0 0.394322 0.705382 0.050473 0.090652
0 0.059937 0.178470 0.037855 0.016997
0 0.093060 0.688385 0.041009 0.056657
0 0.372240 0.494334 0.056782 0.036827
0 0.137224 0.192635 0.028391 0.022663
0 0.083596 0.627479 0.015773 0.025496
0 0.134069 0.964589 0.110410 0.031161
0 0.652997 0.240793 0.037855 0.016997
