0 0.406484 0.710667 0.029925 0.029333
0 0.789277 0.360000 0.052369 0.069333
0 0.372818 0.032000 0.057357 0.032000
0 0.334165 0.837333 0.014963 0.026667
0 0.902743 0.910667 0.014963 0.024000
0 0.384040 0.561333 0.014963 0.008000
0 0.413965 0.517333 0.039900 0.016000
0 0.881546 0.536000 0.027431 0.026667
0 0.639651 0.394667 0.017456 0.058667
0 0.665835 0.838667 0.014963 0.045333
0 0.201995 0.336000 0.009975 0.016000
0 0.713217 0.029333 0.019950 0.016000
0 0.554863 0.090667 0.042394 0.053333
0 0.364090 0.612000 0.024938 0.072000
0 0.188279 0.445333 0.012469 0.010667
0 0.235661 0.370667 0.012469 0.010667
0 0.048628 0.604000 0.037406 0.029333
0 0.039900 0.288000 0.019950 0.026667
0 0.539900 0.897333 0.007481 0.024000
0 0.009975 0.126667 0.019950 0.018667
0 0.265586 0.088000 0.062344 0.053333
0 0.690773 0.209333 0.019950 0.029333
0 0.359102 0.497333 0.009975 0.018667
0 0.369077 0.966667 0.004988 0.024000
0 0.285536 0.792000 0.007481 0.016000
0 0.009975 0.330667 0.019950 0.037333
0 0.145885 0.960000 0.057357 0.037333
0 0.380299 0.320000 0.072319 0.048000
0 0.295511 0.196000 0.022444 0.024000
0 0.809227 0.162667 0.047382 0.042667
0 0.032419 0.177333 0.024938 0.040000
0 0.861596 0.974667 0.022444 0.029333
0 0.432668 0.858667 0.032419 0.053333
0 0.115960 0.256000 0.022444 0.032000
0 0.528678 0.313333 0.009975 0.013333
0 0.956359 0.901333 0.012469 0.010667
0 0.845387 0.240000 0.014963 0.026667
0 0.928928 0.476000 0.022444 0.050667
0 0.844140 0.885333 0.032419 0.058667
0 0.902743 0.425333 0.074813 0.045333
0 0.844140 0.397333 0.027431 0.016000
0 0.067332 0.022667 0.014963 0.008000
0 0.068579 0.506667 0.007481 0.016000
0 0.337905 0.741333 0.027431 0.053333
