0 0.188755 0.244980 0.064257 0.072289
0 0.736948 0.373494 0.012048 0.024096
0 0.345382 0.367470 0.048193 0.044177
0 0.387550 0.674699 0.020080 0.024096
0 0.775100 0.604418 0.160643 0.052209
0 0.060241 0.172691 0.064257 0.096386
0 0.556225 0.576305 0.108434 0.076305
0 0.801205 0.716867 0.092369 0.092369
0 0.508032 0.291165 0.012048 0.028112
0 0.425703 0.945783 0.064257 0.060241
0 0.708835 0.054217 0.092369 0.084337
0 0.867470 0.919679 0.056225 0.032129
0 0.674699 0.293173 0.080321 0.096386
0 0.084337 0.564257 0.088353 0.084337
0 0.018072 0.110442 0.012048 0.028112
0 0.313253 0.680723 0.040161 0.156627
0 0.638554 0.449799 0.016064 0.048193
0 0.122490 0.961847 0.028112 0.028112
0 0.841365 0.359438 0.124498 0.068273
0 0.056225 0.389558 0.080321 0.104418
0 0.098394 0.676707 0.020080 0.020080
0 0.692771 0.538153 0.100402 0.064257
0 0.973896 0.475904 0.012048 0.028112
0 0.779116 0.483936 0.048193 0.068273
0 0.620482 0.353414 0.020080 0.040161
0 0.108434 0.596386 0.072289 0.116466
0 0.636546 0.032129 0.132530 0.064257
0 0.246988 0.716867 0.084337 0.044177
0 0.230924 0.116466 0.052209 0.072289
0 0.951807 0.843373 0.040161 0.064257
0 0.628514 0.520080 0.020080 0.052209
0 0.307229 0.487952 0.060241 0.044177
0 0.487952 0.226908 0.100402 0.084337
