0 0.150424 0.602590 0.008475 0.013944
0 0.242585 0.252988 0.031780 0.035857
0 0.200212 0.700199 0.027542 0.033865
0 0.204449 0.464143 0.040254 0.043825
0 0.296610 0.862550 0.029661 0.019920
0 0.448093 0.417331 0.031780 0.069721
0 0.548729 0.357570 0.033898 0.065737
0 0.332627 0.607570 0.025424 0.047809
0 0.996822 0.209163 0.006356 0.011952
0 0.366525 0.533865 0.042373 0.039841
0 0.022246 0.395418 0.006356 0.013944
0 0.757415 0.244024 0.052966 0.041833
0 0.481992 0.363546 0.027542 0.025896
0 0.663136 0.025896 0.033898 0.047809
0 0.733051 0.812749 0.012712 0.015936
0 0.023305 0.584661 0.038136 0.033865
0 0.599576 0.607570 0.046610 0.043825
0 0.082627 0.605578 0.038136 0.059761
0 0.199153 0.310757 0.008475 0.011952
0 0.950212 0.519920 0.044492 0.035857
0 0.878178 0.477092 0.048729 0.045817
0 0.193856 0.355578 0.010593 0.017928
0 0.612288 0.335657 0.084746 0.025896
0 0.271186 0.433267 0.029661 0.017928
0 0.103814 0.547809 0.042373 0.051793
0 0.795551 0.611554 0.014831 0.007968
0 0.519068 0.763944 0.021186 0.017928
0 0.512712 0.134462 0.025424 0.013944
0 0.989407 0.271912 0.008475 0.009960
0 0.605932 0.576693 0.008475 0.009960
0 0.583686 0.880478 0.006356 0.011952
0 0.443856 0.744024 0.006356 0.013944
0 0.474576 0.089641 0.038136 0.035857
0 0.699153 0.516932 0.029661 0.045817
0 0.005297 0.429283 0.010593 0.025896
0 0.860169 0.057769 0.076271 0.027888
0 0.799788 0.077689 0.040254 0.055777
0 0.494703 0.617530 0.036017 0.015936
0 0.051907 0.625498 0.019068 0.023904
0 0.637712 0.678287 0.008475 0.009960
0 0.901483 0.326693 0.010593 0.031873
0 0.622881 0.458167 0.038136 0.007968
0 0.018008 0.398406 0.036017 0.031873
0 0.805085 0.104582 0.0127119 0.0258964
0 0.8125 0.10259 0.0105932 0.0338645
0 0.581568 0.556773 0.0190678 0.0378486
0 0.57839 0.51494 0.0169492 0.0418327
0 0.740466 0.25996 0.0190678 0.0458167
0 0.600636 0.548805 0.0190678 0.0458167
0 0.723517 0.258964 0.0233051 0.0478088
