0 0.310748 0.406542 0.014019 0.028037
0 0.838785 0.614486 0.042056 0.051402
0 0.654206 0.950935 0.093458 0.051402
0 0.443925 0.121495 0.084112 0.140187
0 0.745327 0.341121 0.172897 0.065421
0 0.289720 0.934579 0.018692 0.037383
0 0.845794 0.700935 0.112150 0.102804
0 0.775701 0.200935 0.028037 0.018692
0 0.336449 0.065421 0.121495 0.093458
0 0.376168 0.579439 0.014019 0.028037
0 0.642523 0.205607 0.079439 0.140187
0 0.133178 0.172897 0.163551 0.065421
0 0.128505 0.359813 0.032710 0.084112
0 0.478972 0.897196 0.070093 0.074766
0 0.380841 0.147196 0.032710 0.060748
0 0.560748 0.217290 0.074766 0.154206
0 0.516355 0.815421 0.135514 0.079439
0 0.457944 0.170561 0.121495 0.088785
0 0.950935 0.327103 0.023364 0.018692
0 0.661215 0.684579 0.107477 0.060748
0 0.238318 0.177570 0.037383 0.093458
0 0.789720 0.070093 0.046729 0.093458
0 0.901869 0.341121 0.065421 0.084112
0 0.670561 0.577103 0.116822 0.014019
0 0.852804 0.943925 0.014019 0.028037
0 0.535047 0.911215 0.126168 0.093458
0 0.147196 0.817757 0.014019 0.028037
0 0.612150 0.773364 0.009346 0.042056
0 0.492991 0.644860 0.014019 0.028037
0 0.126168 0.457944 0.168224 0.065421
0 0.268692 0.862150 0.126168 0.088785
0 0.172897 0.079439 0.130841 0.084112
0 0.665888 0.542056 0.014019 0.028037
0 0.235981 0.042056 0.079439 0.056075
0 0.163551 0.133178 0.093458 0.116822
0 0.436916 0.792056 0.014019 0.032710
0 0.135514 0.558411 0.112150 0.098131
0 0.434579 0.838785 0.018692 0.032710
0 0.443925 0.224299 0.056075 0.046729
0 0.511682 0.855140 0.042056 0.009346
0 0.065421 0.294393 0.112150 0.102804
0 0.035047 0.200935 0.070093 0.074766
