0 0.218241 0.411950 0.104235 0.050314
0 0.734528 0.114780 0.016287 0.040881
0 0.415309 0.976415 0.009772 0.022013
0 0.114007 0.444969 0.052117 0.066038
0 0.783388 0.503145 0.087948 0.062893
0 0.500000 0.251572 0.081433 0.069182
0 0.666124 0.448113 0.042345 0.040881
0 0.548860 0.078616 0.061889 0.069182
0 0.973941 0.259434 0.045603 0.078616
0 0.314332 0.644654 0.009772 0.031447
0 0.436482 0.411950 0.026059 0.037736
0 0.043974 0.845912 0.009772 0.018868
0 0.342020 0.847484 0.039088 0.047170
0 0.415309 0.518868 0.009772 0.025157
0 0.783388 0.114780 0.074919 0.072327
0 0.609121 0.633648 0.026059 0.015723
0 0.946254 0.658805 0.022801 0.009434
0 0.902280 0.072327 0.071661 0.069182
0 0.011401 0.017296 0.016287 0.015723
0 0.381107 0.044025 0.013029 0.018868
0 0.664495 0.182390 0.013029 0.018868
0 0.954397 0.152516 0.032573 0.028302
0 0.885993 0.602201 0.123779 0.040881
0 0.219870 0.677673 0.029316 0.059748
0 0.182410 0.339623 0.065147 0.081761
0 0.112378 0.580189 0.029316 0.034591
0 0.188925 0.248428 0.052117 0.050314
0 0.734528 0.391509 0.061889 0.084906
0 0.480456 0.762579 0.068404 0.053459
0 0.338762 0.586478 0.097720 0.053459
0 0.190554 0.761006 0.042345 0.094340
0 0.636808 0.850629 0.029316 0.040881
0 0.871336 0.441824 0.042345 0.028302
0 0.353420 0.913522 0.042345 0.015723
0 0.498371 0.555031 0.097720 0.053459
0 0.573290 0.462264 0.045603 0.062893
0 0.074919 0.946541 0.091205 0.056604
