0 0.725586 0.772569 0.007812 0.003472
0 0.392578 0.226562 0.007812 0.022569
0 0.593262 0.645833 0.004883 0.020833
0 0.378906 0.920139 0.013672 0.034722
0 0.463867 0.070312 0.003906 0.019097
0 0.286133 0.726562 0.003906 0.012153
0 0.437500 0.901910 0.025391 0.032986
0 0.042969 0.203993 0.005859 0.015625
0 0.370605 0.953125 0.014648 0.027778
0 0.234863 0.041667 0.002930 0.003472
0 0.555176 0.025174 0.000977 0.008681
0 0.425781 0.930556 0.009766 0.013889
0 0.611328 0.347222 0.001953 0.006944
0 0.325195 0.546007 0.007812 0.019097
0 0.639648 0.421875 0.003906 0.017361
0 0.061035 0.582465 0.002930 0.012153
0 0.427734 0.239583 0.003906 0.003472
0 0.371094 0.152778 0.017578 0.017361
0 0.188477 0.856771 0.007812 0.012153
0 0.317871 0.531250 0.004883 0.013889
0 0.098633 0.933160 0.005859 0.015625
0 0.593750 0.593750 0.005859 0.003472
0 0.571289 0.427083 0.013672 0.017361
0 0.471680 0.764757 0.001953 0.005208
0 0.112305 0.230035 0.019531 0.026042
0 0.183105 0.426215 0.006836 0.008681
