0 0.506667 0.081667 0.040000 0.123333
0 0.850000 0.235000 0.006667 0.030000
0 0.726667 0.328333 0.013333 0.016667
0 0.148333 0.175000 0.016667 0.016667
0 0.493333 0.321667 0.006667 0.030000
0 0.680000 0.483333 0.033333 0.093333
0 0.771667 0.271667 0.116667 0.050000
0 0.528333 0.620000 0.016667 0.013333
0 0.630000 0.255000 0.013333 0.016667
0 0.461667 0.810000 0.010000 0.020000
0 0.743333 0.195000 0.060000 0.096667
0 0.150000 0.650000 0.026667 0.053333
0 0.518333 0.388333 0.083333 0.070000
0 0.370000 0.406667 0.093333 0.060000
0 0.558333 0.978333 0.056667 0.043333
0 0.305000 0.358333 0.030000 0.050000
0 0.675000 0.613333 0.016667 0.033333
0 0.698333 0.403333 0.096667 0.060000
0 0.968333 0.068333 0.030000 0.030000
0 0.023333 0.088333 0.013333 0.016667
0 0.050000 0.931667 0.013333 0.016667
0 0.543333 0.865000 0.106667 0.056667
0 0.806667 0.515000 0.006667 0.030000
0 0.023333 0.641667 0.013333 0.016667
0 0.318333 0.853333 0.016667 0.040000
0 0.328333 0.893333 0.023333 0.013333
0 0.195000 0.873333 0.010000 0.020000
0 0.391667 0.945000 0.070000 0.050000
0 0.195000 0.586667 0.090000 0.066667
0 0.520000 0.828333 0.033333 0.010000
0 0.306667 0.531667 0.026667 0.043333
0 0.490000 0.018333 0.033333 0.036667
0 0.590000 0.083333 0.080000 0.073333
0 0.933333 0.356667 0.040000 0.086667
0 0.436667 0.298333 0.013333 0.016667
0 0.571667 0.810000 0.016667 0.040000
0 0.558333 0.743333 0.010000 0.020000
0 0.500000 0.950000 0.046667 0.033333
0 0.938333 0.858333 0.056667 0.083333
0 0.878333 0.286667 0.063333 0.093333
0 0.645000 0.696667 0.016667 0.013333
0 0.790000 0.606667 0.020000 0.033333
0 0.260000 0.110000 0.013333 0.020000
0 0.236667 0.140000 0.026667 0.066667
