0 0.562396 0.776740 0.003328 0.015280
0 0.449251 0.115450 0.026622 0.030560
0 0.423461 0.816638 0.008319 0.020374
0 0.089018 0.305603 0.008319 0.006791
0 0.044093 0.802207 0.024958 0.035654
0 0.727121 0.803905 0.053245 0.028862
0 0.645591 0.026316 0.036606 0.042445
0 0.269551 0.965195 0.009983 0.022071
0 0.485025 0.950764 0.008319 0.006791
0 0.638935 0.654499 0.043261 0.035654
0 0.750416 0.542445 0.053245 0.028862
0 0.975874 0.536503 0.041597 0.033956
0 0.757072 0.877759 0.013311 0.030560
0 0.355241 0.781834 0.021631 0.011885
0 0.418469 0.389643 0.041597 0.035654
0 0.090682 0.724109 0.018303 0.008489
0 0.648087 0.833616 0.038270 0.033956
0 0.657238 0.438879 0.006656 0.008489
0 0.341930 0.563667 0.044925 0.033956
0 0.633943 0.799660 0.016639 0.027165
0 0.594010 0.315789 0.023295 0.061121
0 0.647255 0.086587 0.009983 0.020374
0 0.482529 0.224958 0.006656 0.008489
0 0.068220 0.710526 0.006656 0.008489
0 0.876040 0.589134 0.004992 0.010187
0 0.612313 0.638370 0.006656 0.013582
0 0.867720 0.386248 0.051581 0.028862
0 0.790349 0.648557 0.019967 0.023769
0 0.396007 0.333616 0.026622 0.056027
0 0.212146 0.600170 0.028286 0.028862
0 0.143927 0.152801 0.008319 0.010187
0 0.482529 0.983022 0.066556 0.020374
0 0.168885 0.602716 0.004992 0.010187
0 0.592346 0.452462 0.019967 0.022071
0 0.949251 0.935484 0.011647 0.010187
0 0.314476 0.544992 0.006656 0.013582
0 0.269551 0.102716 0.016639 0.008489
0 0.340266 0.665535 0.041597 0.037351
