0 0.419101 0.493213 0.006742 0.018100
0 0.248315 0.825792 0.006742 0.013575
0 0.179775 0.817873 0.080899 0.033937
0 0.334831 0.191176 0.008989 0.020362
0 0.940449 0.132353 0.011236 0.015837
0 0.543820 0.647059 0.040449 0.058824
0 0.632584 0.766968 0.006742 0.018100
0 0.338202 0.066742 0.074157 0.020362
0 0.602247 0.744344 0.049438 0.054299
0 0.768539 0.197964 0.008989 0.029412
0 0.306742 0.180995 0.038202 0.036199
0 0.771910 0.425339 0.006742 0.013575
0 0.039326 0.104072 0.047191 0.054299
0 0.049438 0.495475 0.026966 0.027149
0 0.717978 0.239819 0.011236 0.009050
0 0.296629 0.688914 0.008989 0.020362
0 0.375281 0.455882 0.044944 0.061086
0 0.668539 0.132353 0.056180 0.047511
0 0.038202 0.411765 0.017978 0.027149
0 0.114607 0.709276 0.013483 0.015837
0 0.286517 0.031674 0.006742 0.013575
0 0.364045 0.134615 0.008989 0.011312
0 0.958427 0.920814 0.024719 0.031674
0 0.443820 0.389140 0.033708 0.022624
0 0.969663 0.108597 0.011236 0.018100
0 0.626966 0.421946 0.022472 0.042986
0 0.906742 0.114253 0.051685 0.052036
0 0.121348 0.952489 0.017978 0.018100
0 0.320225 0.615385 0.060674 0.045249
0 0.762921 0.859729 0.083146 0.031674
0 0.716854 0.752262 0.017978 0.033937
0 0.855056 0.117647 0.006742 0.013575
0 0.294382 0.713801 0.008989 0.011312
0 0.631461 0.881222 0.049438 0.052036
0 0.808989 0.389140 0.040449 0.036199
0 0.093258 0.592760 0.047191 0.058824
0 0.425843 0.096154 0.060674 0.038462
0 0.248315 0.248869 0.011236 0.009050
0 0.834831 0.312217 0.029213 0.027149
0 0.695506 0.694570 0.020225 0.018100
0 0.592135 0.959276 0.006742 0.018100
0 0.916854 0.276018 0.0269663 0.0361991
0 0.931461 0.306561 0.0292135 0.0429864
