0 0.175000 0.891667 0.063333 0.056667
0 0.953333 0.081667 0.006667 0.016667
0 0.696667 0.603333 0.013333 0.020000
0 0.458333 0.423333 0.023333 0.026667
0 0.621667 0.433333 0.030000 0.026667
0 0.653333 0.261667 0.013333 0.023333
0 0.670000 0.183333 0.026667 0.060000
0 0.608333 0.185000 0.090000 0.063333
0 0.781667 0.046667 0.016667 0.013333
0 0.188333 0.411667 0.076667 0.056667
0 0.125000 0.991667 0.030000 0.016667
0 0.785000 0.378333 0.016667 0.036667
0 0.051667 0.070000 0.016667 0.020000
0 0.791667 0.620000 0.083333 0.073333
0 0.913333 0.516667 0.033333 0.086667
0 0.878333 0.795000 0.036667 0.023333
0 0.985000 0.630000 0.010000 0.013333
0 0.721667 0.335000 0.010000 0.010000
0 0.081667 0.558333 0.030000 0.016667
0 0.355000 0.710000 0.010000 0.013333
0 0.848333 0.745000 0.010000 0.010000
0 0.105000 0.406667 0.036667 0.053333
0 0.758333 0.128333 0.010000 0.010000
