0 0.759375 0.834722 0.031250 0.069444
0 0.612500 0.559722 0.028125 0.080556
0 0.203906 0.422222 0.004687 0.022222
0 0.723437 0.813889 0.037500 0.033333
0 0.596094 0.819444 0.010937 0.044444
0 0.650000 0.769444 0.025000 0.088889
0 0.792188 0.912500 0.018750 0.036111
0 0.232031 0.815278 0.007812 0.013889
0 0.460156 0.359722 0.039062 0.058333
0 0.862500 0.911111 0.046875 0.033333
0 0.606250 0.340278 0.046875 0.047222
0 0.457031 0.484722 0.004687 0.019444
0 0.860156 0.409722 0.004687 0.019444
0 0.852344 0.019444 0.007812 0.011111
0 0.703906 0.375000 0.032813 0.038889
0 0.954688 0.069444 0.056250 0.038889
0 0.164844 0.597222 0.023438 0.050000
0 0.944531 0.037500 0.004687 0.019444
0 0.274219 0.226389 0.020313 0.030556
0 0.381250 0.048611 0.028125 0.080556
0 0.801562 0.559722 0.009375 0.030556
0 0.281250 0.445833 0.015625 0.080556
0 0.684375 0.812500 0.015625 0.013889
0 0.963281 0.615278 0.004687 0.025000
0 0.115625 0.676389 0.034375 0.069444
0 0.635156 0.681944 0.035937 0.025000
0 0.082812 0.570833 0.040625 0.058333
0 0.468750 0.620833 0.006250 0.013889
0 0.198437 0.097222 0.006250 0.033333
0 0.984375 0.497222 0.009375 0.011111
0 0.824219 0.173611 0.004687 0.019444
0 0.633594 0.870833 0.014063 0.036111
0 0.017969 0.391667 0.004687 0.016667
0 0.883594 0.543056 0.060937 0.036111
0 0.889844 0.804167 0.017188 0.013889
0 0.192188 0.776389 0.012500 0.008333
0 0.779687 0.580556 0.028125 0.077778
