0 0.087242 0.429760 0.013133 0.009242
0 0.689493 0.334566 0.005629 0.011091
0 0.808630 0.570240 0.030019 0.009242
0 0.067542 0.608133 0.030019 0.040665
0 0.324578 0.824399 0.041276 0.029575
0 0.871482 0.332717 0.024390 0.029575
0 0.241088 0.270795 0.001876 0.005545
0 0.030019 0.956562 0.056285 0.031423
0 0.793621 0.964880 0.015009 0.033272
0 0.415572 0.667283 0.016886 0.018484
0 0.131332 0.120148 0.015009 0.033272
0 0.954034 0.237523 0.028143 0.027726
0 0.455910 0.240296 0.048780 0.029575
0 0.046904 0.931608 0.007505 0.014787
0 0.384615 0.825323 0.003752 0.009242
0 0.784240 0.932532 0.060038 0.027726
0 0.628518 0.848429 0.011257 0.025878
0 0.579737 0.382625 0.011257 0.007394
0 0.713884 0.046211 0.013133 0.007394
0 0.799250 0.825323 0.026266 0.020333
0 0.039400 0.165434 0.003752 0.005545
0 0.623827 0.480591 0.013133 0.014787
0 0.100375 0.123845 0.043152 0.025878
0 0.579737 0.154344 0.003752 0.009242
0 0.013133 0.186691 0.026266 0.029575
