0 0.497890 0.270732 0.016878 0.043902
0 0.502110 0.470732 0.016878 0.063415
0 0.377637 0.673171 0.080169 0.126829
0 0.139241 0.180488 0.025316 0.029268
0 0.324895 0.473171 0.092827 0.107317
0 0.500000 0.682927 0.037975 0.117073
0 0.510549 0.358537 0.025316 0.014634
0 0.765823 0.660976 0.029536 0.024390
0 0.675105 0.500000 0.025316 0.014634
0 0.945148 0.521951 0.016878 0.029268
0 0.753165 0.448780 0.012658 0.029268
0 0.310127 0.614634 0.046414 0.019512
0 0.105485 0.239024 0.025316 0.029268
0 0.474684 0.234146 0.012658 0.039024
0 0.795359 0.424390 0.021097 0.058537
0 0.850211 0.309756 0.012658 0.034146
0 0.086498 0.326829 0.063291 0.078049
0 0.362869 0.870732 0.016878 0.024390
0 0.291139 0.917073 0.059072 0.087805
0 0.170886 0.126829 0.029536 0.078049
0 0.392405 0.563415 0.050633 0.063415
0 0.322785 0.239024 0.012658 0.039024
0 0.485232 0.860976 0.059072 0.082927
0 0.099156 0.063415 0.105485 0.107317
0 0.284810 0.136585 0.021097 0.039024
0 0.278481 0.585366 0.016878 0.029268
0 0.860759 0.241463 0.101266 0.053659
0 0.023207 0.039024 0.046414 0.078049
0 0.546414 0.595122 0.037975 0.117073
0 0.799578 0.856098 0.012658 0.034146
0 0.875527 0.643902 0.063291 0.107317
0 0.742616 0.175610 0.160338 0.068293
0 0.814346 0.551220 0.067511 0.058537
0 0.706751 0.509756 0.021097 0.024390
0 0.875527 0.836585 0.113924 0.092683
0 0.736287 0.600000 0.080169 0.087805
0 0.248945 0.892683 0.016878 0.029268
0 0.822785 0.636585 0.033755 0.063415
0 0.892405 0.714634 0.054852 0.141463
0 0.668776 0.814634 0.105485 0.087805
0 0.818565 0.736585 0.075949 0.097561
0 0.084388 0.782927 0.092827 0.121951
0 0.295359 0.829268 0.135021 0.078049
0 0.491561 0.487805 0.139241 0.078049
0 0.533755 0.780488 0.139241 0.078049
0 0.875527 0.568293 0.012658 0.034146
0 0.259494 0.534146 0.029536 0.063415
0 0.698312 0.719512 0.113924 0.092683
0 0.215190 0.343902 0.075949 0.131707
