0 0.392157 0.556650 0.014706 0.014778
0 0.378676 0.727833 0.007353 0.007389
0 0.024510 0.416256 0.024510 0.054187
0 0.203431 0.256158 0.009804 0.014778
0 0.778186 0.032020 0.012255 0.019704
0 0.102941 0.674877 0.019608 0.059113
0 0.452206 0.672414 0.026961 0.039409
0 0.063725 0.418719 0.049020 0.039409
0 0.359069 0.703202 0.036765 0.036946
0 0.631127 0.847291 0.080882 0.039409
0 0.895833 0.857143 0.007353 0.009852
0 0.317402 0.355911 0.022059 0.017241
0 0.263480 0.548030 0.007353 0.007389
0 0.454657 0.508621 0.007353 0.012315
0 0.033088 0.235222 0.026961 0.022167
0 0.397059 0.650246 0.019608 0.009852
0 0.716912 0.844828 0.012255 0.024631
0 0.154412 0.661330 0.014706 0.012315
0 0.938725 0.677340 0.083333 0.029557
0 0.185049 0.333744 0.026961 0.022167
0 0.067402 0.514778 0.017157 0.014778
0 0.817402 0.476601 0.046569 0.027094
0 0.459559 0.326355 0.090686 0.032020
0 0.411765 0.913793 0.029412 0.014778
0 0.138480 0.108374 0.041667 0.034483
0 0.060049 0.540640 0.012255 0.007389
0 0.314951 0.823892 0.012255 0.012315
