0 0.351613 0.746667 0.019355 0.026667
0 0.356989 0.368889 0.017204 0.035556
0 0.005376 0.164444 0.006452 0.013333
0 0.153763 0.958889 0.045161 0.055556
0 0.116129 0.327778 0.012903 0.015556
0 0.384946 0.302222 0.038710 0.066667
0 0.094624 0.396667 0.021505 0.006667
0 0.186022 0.095556 0.006452 0.013333
0 0.975269 0.650000 0.006452 0.024444
0 0.620430 0.581111 0.010753 0.024444
0 0.273118 0.251111 0.025806 0.040000
0 0.309677 0.051111 0.034409 0.035556
0 0.498925 0.117778 0.017204 0.008889
0 0.675269 0.161111 0.008602 0.024444
0 0.970968 0.872222 0.010753 0.015556
0 0.321505 0.706667 0.053763 0.048889
0 0.872043 0.324444 0.032258 0.035556
0 0.909677 0.183333 0.030108 0.082222
0 0.054839 0.151111 0.027957 0.084444
0 0.254839 0.835556 0.053763 0.044444
0 0.037634 0.610000 0.015054 0.042222
0 0.408602 0.220000 0.025806 0.040000
0 0.216129 0.273333 0.036559 0.066667
0 0.773118 0.343333 0.019355 0.015556
0 0.213978 0.094444 0.023656 0.046667
0 0.456989 0.144444 0.058065 0.044444
