0 0.805000 0.708333 0.030000 0.070000
0 0.366667 0.550000 0.040000 0.060000
0 0.523333 0.173333 0.086667 0.066667
0 0.315000 0.775000 0.030000 0.050000
0 0.851667 0.378333 0.023333 0.063333
0 0.081667 0.928333 0.070000 0.076667
0 0.898333 0.895000 0.030000 0.023333
0 0.096667 0.796667 0.046667 0.040000
0 0.398333 0.841667 0.063333 0.063333
0 0.266667 0.600000 0.013333 0.020000
0 0.185000 0.573333 0.010000 0.033333
0 0.738333 0.185000 0.010000 0.023333
0 0.071667 0.420000 0.023333 0.053333
0 0.483333 0.726667 0.033333 0.026667
0 0.528333 0.601667 0.010000 0.023333
0 0.751667 0.013333 0.016667 0.013333
0 0.431667 0.453333 0.063333 0.093333
0 0.135000 0.470000 0.010000 0.020000
0 0.298333 0.536667 0.090000 0.066667
0 0.345000 0.063333 0.010000 0.020000
0 0.628333 0.686667 0.010000 0.026667
0 0.728333 0.258333 0.083333 0.070000
0 0.203333 0.238333 0.006667 0.030000
0 0.345000 0.430000 0.036667 0.020000
0 0.753333 0.755000 0.046667 0.083333
0 0.561667 0.833333 0.083333 0.060000
0 0.491667 0.081667 0.016667 0.023333
0 0.950000 0.445000 0.060000 0.090000
0 0.670000 0.723333 0.053333 0.106667
0 0.181667 0.290000 0.090000 0.066667
0 0.616667 0.376667 0.033333 0.046667
0 0.076667 0.578333 0.013333 0.056667
0 0.975000 0.121667 0.050000 0.023333
0 0.896667 0.418333 0.040000 0.056667
0 0.868333 0.718333 0.050000 0.116667
0 0.598333 0.610000 0.023333 0.066667
0 0.386667 0.353333 0.060000 0.100000
0 0.653333 0.983333 0.013333 0.020000
0 0.565000 0.263333 0.010000 0.026667
