0 0.479814 0.496875 0.052795 0.093750
0 0.354037 0.848437 0.074534 0.065625
0 0.978261 0.981250 0.024845 0.037500
0 0.736025 0.495312 0.062112 0.084375
0 0.409938 0.440625 0.074534 0.068750
0 0.958075 0.739062 0.021739 0.040625
0 0.059006 0.384375 0.111801 0.043750
0 0.231366 0.675000 0.009317 0.018750
0 0.785714 0.578125 0.093168 0.056250
0 0.065217 0.300000 0.055901 0.068750
0 0.315217 0.765625 0.009317 0.018750
0 0.614907 0.245312 0.118012 0.040625
0 0.372671 0.339062 0.024845 0.046875
0 0.754658 0.517188 0.086957 0.059375
0 0.059006 0.165625 0.093168 0.056250
0 0.319876 0.792188 0.018634 0.021875
0 0.504658 0.246875 0.096273 0.050000
0 0.260870 0.821875 0.037267 0.025000
0 0.849379 0.954688 0.083851 0.059375
0 0.673913 0.303125 0.062112 0.037500
0 0.506211 0.567187 0.006211 0.028125
0 0.569876 0.093750 0.059006 0.087500
0 0.135093 0.465625 0.071429 0.043750
0 0.186335 0.817187 0.099379 0.053125
0 0.850932 0.132812 0.037267 0.053125
0 0.041925 0.100000 0.071429 0.068750
0 0.855590 0.078125 0.065217 0.043750
0 0.618012 0.117188 0.031056 0.053125
0 0.217391 0.626563 0.068323 0.021875
0 0.517081 0.306250 0.077640 0.062500
0 0.777950 0.226562 0.096273 0.053125
0 0.069876 0.210938 0.009317 0.028125
0 0.802795 0.278125 0.114907 0.043750
0 0.144410 0.756250 0.015528 0.056250
0 0.677019 0.462500 0.012422 0.025000
0 0.013975 0.320312 0.027950 0.071875
0 0.520186 0.657813 0.027950 0.046875
0 0.250000 0.978125 0.009317 0.025000
0 0.784161 0.668750 0.009317 0.025000
0 0.465839 0.642188 0.074534 0.065625
0 0.031056 0.034375 0.049689 0.037500
0 0.034161 0.640625 0.043478 0.031250
0 0.692547 0.089063 0.031056 0.053125
0 0.917702 0.175000 0.009317 0.018750
0 0.329193 0.265625 0.062112 0.062500
