0 0.846512 0.172170 0.051163 0.051887
0 0.230233 0.926887 0.037209 0.033019
0 0.766279 0.906840 0.030233 0.044811
0 0.074419 0.446934 0.009302 0.016509
0 0.895349 0.727594 0.009302 0.011792
0 0.041860 0.073113 0.013953 0.028302
0 0.243023 0.248821 0.016279 0.035377
0 0.556977 0.551887 0.034884 0.080189
0 0.161628 0.816038 0.006977 0.014151
0 0.826744 0.988208 0.006977 0.014151
0 0.863953 0.340802 0.062791 0.044811
0 0.895349 0.634434 0.032558 0.037736
0 0.038372 0.801887 0.016279 0.018868
0 0.786047 0.489387 0.023256 0.030660
0 0.015116 0.797170 0.006977 0.014151
0 0.398837 0.504717 0.016279 0.033019
0 0.733721 0.430425 0.030233 0.030660
0 0.417442 0.729953 0.053488 0.054245
0 0.906977 0.168632 0.051163 0.049528
0 0.245349 0.150943 0.016279 0.023585
0 0.450000 0.351415 0.011628 0.009434
0 0.179070 0.536557 0.018605 0.011792
0 0.790698 0.645047 0.027907 0.035377
0 0.504651 0.643868 0.041860 0.037736
0 0.133721 0.656840 0.090698 0.030660
0 0.480233 0.584906 0.030233 0.075472
0 0.388372 0.270047 0.083721 0.035377
0 0.053488 0.623821 0.013953 0.040094
0 0.339535 0.306604 0.013953 0.028302
0 0.591860 0.829009 0.048837 0.058962
0 0.360465 0.613208 0.065116 0.042453
0 0.032558 0.909198 0.032558 0.040094
0 0.073256 0.191038 0.062791 0.047170
0 0.113953 0.632075 0.013953 0.014151
0 0.533721 0.485849 0.048837 0.037736
0 0.017442 0.061321 0.006977 0.018868
0 0.754651 0.650943 0.039535 0.056604
0 0.209302 0.878538 0.009302 0.011792
0 0.882558 0.432783 0.034884 0.049528
0 0.590698 0.501179 0.013953 0.016509
0 0.080233 0.643868 0.011628 0.014151
0 0.988372 0.718160 0.023256 0.025943
0 0.906977 0.099057 0.037209 0.042453
0 0.132558 0.606132 0.037209 0.033019
0 0.966279 0.475236 0.053488 0.054245
