0 0.662471 0.320574 0.016018 0.047847
0 0.686499 0.382775 0.068650 0.043062
0 0.823799 0.608852 0.013730 0.021531
0 0.442792 0.883971 0.057208 0.050239
0 0.644165 0.330144 0.016018 0.019139
0 0.485126 0.098086 0.032037 0.023923
0 0.289474 0.029904 0.075515 0.035885
0 0.890160 0.649522 0.009153 0.016746
0 0.438215 0.671053 0.034325 0.045455
0 0.075515 0.382775 0.013730 0.043062
0 0.211670 0.855263 0.057208 0.050239
0 0.218535 0.925837 0.016018 0.023923
0 0.680778 0.918660 0.057208 0.052632
0 0.441648 0.632775 0.009153 0.026316
0 0.830664 0.643541 0.022883 0.033493
0 0.042334 0.381579 0.043478 0.055024
0 0.947368 0.958134 0.050343 0.026316
0 0.874142 0.290670 0.073227 0.040670
0 0.416476 0.569378 0.036613 0.076555
0 0.245995 0.514354 0.043478 0.043062
0 0.636156 0.034689 0.068650 0.040670
0 0.615561 0.925837 0.018307 0.028708
0 0.925629 0.369617 0.016018 0.021531
0 0.486270 0.820574 0.011442 0.028708
0 0.147597 0.596890 0.038902 0.064593
0 0.099542 0.151914 0.043478 0.064593
0 0.771167 0.789474 0.041190 0.071770
0 0.506865 0.669856 0.029748 0.066986
0 0.408467 0.315789 0.011442 0.023923
0 0.679634 0.226077 0.018307 0.045455
0 0.076659 0.562201 0.034325 0.033493
0 0.744851 0.732057 0.011442 0.033493
0 0.950801 0.266746 0.016018 0.016746
0 0.973684 0.778708 0.034325 0.026316
0 0.946224 0.200957 0.048055 0.062201
0 0.453089 0.820574 0.050343 0.057416
0 0.464531 0.754785 0.045767 0.064593
0 0.993135 0.470096 0.004577 0.021531
0 0.921053 0.568182 0.057208 0.050239
0 0.389016 0.305024 0.004577 0.021531
0 0.715103 0.344498 0.093822 0.028708
0 0.573227 0.078947 0.075515 0.038278
0 0.147597 0.821770 0.061785 0.045455
0 0.122426 0.649522 0.025172 0.016746
0 0.859268 0.523923 0.052632 0.033493
0 0.361556 0.639952 0.009153 0.011962
0 0.902746 0.252392 0.025172 0.031100
0 0.621281 0.372010 0.057208 0.031100
0 0.121281 0.771531 0.054920 0.050239
0 0.656751 0.861244 0.050343 0.052632
0 0.536613 0.471292 0.075515 0.038278
0 0.845538 0.944976 0.016018 0.038278
0 0.621281 0.222488 0.006865 0.014354
0 0.496568 0.251196 0.054920 0.052632
0 0.181922 0.526316 0.075515 0.038278
