0 0.456250 0.054167 0.028125 0.069444
0 0.493750 0.281944 0.043750 0.019444
0 0.224219 0.300000 0.007812 0.011111
0 0.714844 0.290278 0.042188 0.052778
0 0.107813 0.568056 0.006250 0.013889
0 0.725781 0.229167 0.020313 0.063889
0 0.357812 0.144444 0.025000 0.044444
0 0.914062 0.354167 0.009375 0.036111
0 0.336719 0.131944 0.014063 0.013889
0 0.827344 0.511111 0.007812 0.011111
0 0.735156 0.891667 0.048438 0.044444
0 0.453125 0.602778 0.015625 0.011111
0 0.015625 0.098611 0.012500 0.041667
0 0.525000 0.361111 0.009375 0.022222
0 0.060937 0.081944 0.025000 0.091667
0 0.384375 0.783333 0.006250 0.022222
0 0.203125 0.190278 0.003125 0.025000
0 0.921875 0.111111 0.006250 0.022222
0 0.931250 0.862500 0.040625 0.052778
0 0.516406 0.408333 0.007812 0.011111
0 0.071875 0.204167 0.043750 0.025000
0 0.265625 0.072222 0.046875 0.044444
0 0.531250 0.115278 0.009375 0.030556
0 0.888281 0.697222 0.029687 0.050000
0 0.126562 0.930556 0.015625 0.083333
0 0.611719 0.602778 0.032813 0.055556
0 0.975781 0.451389 0.039062 0.058333
0 0.782813 0.740278 0.028125 0.025000
0 0.860156 0.654167 0.004687 0.019444
0 0.270313 0.879167 0.037500 0.058333
0 0.459375 0.394444 0.028125 0.061111
0 0.589063 0.809722 0.003125 0.025000
0 0.307812 0.061111 0.018750 0.066667
0 0.684375 0.198611 0.025000 0.025000
0 0.091406 0.605556 0.039062 0.055556
0 0.219531 0.693056 0.010937 0.036111
0 0.807031 0.788889 0.010937 0.011111
0 0.646094 0.195833 0.048438 0.047222
0 0.218750 0.088889 0.018750 0.044444
0 0.135156 0.559722 0.010937 0.052778
0 0.704688 0.565278 0.006250 0.013889
0 0.145313 0.436111 0.006250 0.016667
0 0.189062 0.037500 0.034375 0.069444
0 0.888281 0.294444 0.023438 0.050000
