0 0.702413 0.314050 0.042895 0.082645
0 0.262735 0.276860 0.021448 0.041322
0 0.851206 0.272727 0.034853 0.027548
0 0.534853 0.804408 0.024129 0.033058
0 0.710456 0.085399 0.058981 0.038567
0 0.237265 0.856749 0.002681 0.005510
0 0.958445 0.716253 0.018767 0.016529
0 0.608579 0.296143 0.016086 0.008264
0 0.833780 0.701102 0.069705 0.052342
0 0.215818 0.304408 0.067024 0.057851
0 0.205094 0.034435 0.008043 0.013774
0 0.034853 0.862259 0.010724 0.022039
0 0.490617 0.944904 0.037534 0.022039
0 0.273458 0.157025 0.042895 0.055096
0 0.731903 0.688705 0.064343 0.044077
0 0.636729 0.230028 0.067024 0.030303
0 0.878016 0.086777 0.093834 0.024793
0 0.611260 0.349862 0.053619 0.022039
0 0.475871 0.214876 0.034853 0.033058
0 0.836461 0.325069 0.016086 0.033058
0 0.150134 0.088154 0.010724 0.016529
0 0.218499 0.269972 0.008043 0.005510
0 0.426273 0.231405 0.021448 0.027548
0 0.977212 0.797521 0.045576 0.035813
0 0.868633 0.855372 0.053619 0.068871
0 0.911528 0.407713 0.016086 0.033058
0 0.355228 0.059229 0.061662 0.035813
0 0.174263 0.264463 0.032172 0.016529
0 0.371314 0.337466 0.093834 0.035813
0 0.750670 0.235537 0.026810 0.024793
0 0.00938338 0.249311 0.0187668 0.0798898
0 0.580429 0.884298 0.0294906 0.077135
