0 0.474558 0.815085 0.059735 0.043796
0 0.330752 0.357664 0.046460 0.063260
0 0.879425 0.783455 0.033186 0.048662
0 0.940265 0.075426 0.008850 0.024331
0 0.070796 0.324818 0.008850 0.021898
0 0.417035 0.546229 0.015487 0.046229
0 0.982301 0.892944 0.017699 0.043796
0 0.567478 0.746959 0.055310 0.053528
0 0.082965 0.847932 0.011062 0.017032
0 0.419248 0.473236 0.006637 0.017032
0 0.538717 0.903893 0.015487 0.021898
0 0.399336 0.450122 0.024336 0.053528
0 0.421460 0.223844 0.024336 0.043796
0 0.073009 0.362530 0.057522 0.048662
0 0.857301 0.868613 0.042035 0.068127
0 0.673673 0.562044 0.042035 0.019465
0 0.469027 0.881995 0.017699 0.036496
0 0.805310 0.085158 0.044248 0.063260
0 0.294248 0.721411 0.026549 0.051095
0 0.319690 0.420925 0.033186 0.038929
0 0.129425 0.709246 0.064159 0.036496
0 0.063053 0.883212 0.050885 0.048662
0 0.702434 0.223844 0.006637 0.014599
0 0.279867 0.643552 0.059735 0.046229
0 0.500000 0.150852 0.039823 0.068127
0 0.412611 0.828467 0.059735 0.046229
0 0.977876 0.097324 0.022124 0.048662
0 0.693584 0.217762 0.006637 0.017032
0 0.936947 0.034063 0.059735 0.043796
0 0.514381 0.361314 0.046460 0.055961
0 0.913717 0.229927 0.008850 0.012165
0 0.275442 0.940389 0.006637 0.017032
0 0.951327 0.952555 0.044248 0.017032
0 0.585177 0.686131 0.019912 0.029197
0 0.036504 0.703163 0.015487 0.019465
