0 0.209970 0.951471 0.009063 0.026471
0 0.332326 0.966176 0.090634 0.050000
0 0.480363 0.254412 0.012085 0.014706
0 0.918429 0.061765 0.090634 0.052941
0 0.975831 0.454412 0.018127 0.038235
0 0.516616 0.577941 0.042296 0.055882
0 0.599698 0.229412 0.021148 0.011765
0 0.323263 0.154412 0.024169 0.050000
0 0.336858 0.117647 0.015106 0.011765
0 0.486405 0.439706 0.048338 0.061765
0 0.626888 0.333824 0.093656 0.050000
0 0.525680 0.511765 0.060423 0.076471
0 0.950151 0.541176 0.075529 0.064706
0 0.300604 0.907353 0.027190 0.055882
0 0.335347 0.927941 0.024169 0.020588
0 0.722054 0.594118 0.060423 0.076471
0 0.240181 0.311765 0.009063 0.029412
0 0.406344 0.798529 0.075529 0.050000
0 0.323263 0.800000 0.084592 0.052941
0 0.927492 0.908824 0.018127 0.023529
0 0.283988 0.329412 0.024169 0.023529
0 0.787009 0.773529 0.009063 0.017647
0 0.537764 0.897059 0.108761 0.041176
0 0.336858 0.079412 0.009063 0.017647
0 0.900302 0.530882 0.018127 0.038235
0 0.645015 0.725000 0.027190 0.061765
0 0.270393 0.730882 0.063444 0.073529
0 0.569486 0.602941 0.009063 0.017647
0 0.770393 0.542647 0.030211 0.050000
0 0.116314 0.870588 0.015106 0.011765
0 0.904834 0.879412 0.009063 0.017647
0 0.279456 0.276471 0.069486 0.064706
0 0.693353 0.547059 0.015106 0.011765
0 0.265861 0.880882 0.036254 0.020588
0 0.643505 0.533824 0.066465 0.067647
0 0.712991 0.794118 0.072508 0.064706
0 0.169184 0.641176 0.030211 0.064706
0 0.145015 0.350000 0.078550 0.052941
0 0.549849 0.057353 0.054381 0.067647
0 0.561934 0.819118 0.066465 0.050000
0 0.808157 0.441176 0.051360 0.088235
0 0.758308 0.402941 0.036254 0.064706
0 0.362538 0.667647 0.054381 0.041176
0 0.262840 0.051471 0.006042 0.026471
0 0.413897 0.744118 0.018127 0.047059
0 0.575529 0.182353 0.075529 0.064706
0 0.842900 0.298529 0.078550 0.055882
0 0.493958 0.970588 0.015106 0.029412
0 0.450151 0.563235 0.072508 0.038235
0 0.457704 0.477941 0.069486 0.061765
