0 0.623295 0.241436 0.003409 0.006525
0 0.299432 0.635400 0.003409 0.008157
0 0.688068 0.262643 0.014773 0.022838
0 0.021023 0.460033 0.014773 0.032626
0 0.037500 0.358075 0.013636 0.037520
0 0.890909 0.366232 0.013636 0.014682
0 0.272727 0.816476 0.022727 0.014682
0 0.639773 0.449429 0.013636 0.034258
0 0.638636 0.380914 0.013636 0.024470
0 0.642614 0.088907 0.021591 0.017945
0 0.067045 0.268352 0.009091 0.017945
0 0.258523 0.806688 0.003409 0.008157
0 0.413068 0.384176 0.023864 0.040783
0 0.115341 0.519576 0.021591 0.014682
0 0.103977 0.970636 0.044318 0.022838
0 0.738636 0.364600 0.002273 0.008157
0 0.215909 0.362153 0.013636 0.032626
0 0.100568 0.212072 0.005682 0.013051
0 0.233523 0.658238 0.026136 0.034258
0 0.357955 0.213703 0.006818 0.006525
0 0.581250 0.520392 0.010227 0.013051
0 0.242614 0.051387 0.010227 0.027732
0 0.975000 0.234095 0.015909 0.024470
0 0.364205 0.243883 0.003409 0.008157
0 0.402841 0.482055 0.005682 0.014682
0 0.241477 0.488581 0.030682 0.030995
0 0.835227 0.584829 0.011364 0.024470
