0 0.459627 0.448347 0.086957 0.070248
0 0.586957 0.347107 0.118012 0.049587
0 0.739130 0.568182 0.012422 0.045455
0 0.482919 0.834711 0.027950 0.082645
0 0.521739 0.185950 0.024845 0.057851
0 0.054348 0.413223 0.071429 0.090909
0 0.029503 0.508264 0.034161 0.008264
0 0.958075 0.454545 0.015528 0.033058
0 0.186335 0.873967 0.086957 0.070248
0 0.940994 0.952479 0.068323 0.020661
0 0.354037 0.564050 0.055901 0.095041
0 0.560559 0.475207 0.015528 0.033058
0 0.815217 0.479339 0.052795 0.066116
0 0.968944 0.196281 0.018634 0.037190
0 0.145963 0.696281 0.012422 0.028926
0 0.239130 0.493802 0.093168 0.070248
0 0.180124 0.167355 0.093168 0.070248
0 0.114907 0.268595 0.012422 0.016529
0 0.829193 0.185950 0.062112 0.057851
0 0.678571 0.731405 0.077640 0.041322
0 0.324534 0.053719 0.077640 0.033058
0 0.186335 0.367769 0.037267 0.082645
0 0.600932 0.743802 0.065217 0.057851
0 0.287267 0.280992 0.083851 0.074380
0 0.527950 0.564050 0.018634 0.045455
0 0.937888 0.380165 0.062112 0.099174
0 0.305901 0.789256 0.065217 0.099174
