0 0.202091 0.400000 0.006969 0.014035
0 0.672474 0.626316 0.006969 0.010526
0 0.717770 0.059649 0.013937 0.014035
0 0.184669 0.233333 0.055749 0.108772
0 0.567944 0.663158 0.034843 0.035088
0 0.104530 0.547368 0.013937 0.007018
0 0.125436 0.742105 0.013937 0.059649
0 0.909408 0.071930 0.006969 0.017544
0 0.872822 0.224561 0.003484 0.014035
0 0.555749 0.826316 0.024390 0.038596
0 0.125436 0.163158 0.048780 0.073684
0 0.351916 0.031579 0.083624 0.035088
0 0.681185 0.722807 0.108014 0.056140
0 0.733449 0.247368 0.080139 0.073684
0 0.668990 0.122807 0.027875 0.035088
0 0.846690 0.089474 0.020906 0.031579
0 0.524390 0.445614 0.066202 0.049123
0 0.675958 0.261404 0.027875 0.038596
0 0.040070 0.900000 0.003484 0.010526
0 0.343206 0.207018 0.031359 0.035088
0 0.088850 0.507018 0.080139 0.066667
0 0.613240 0.628070 0.041812 0.049123
0 0.308362 0.673684 0.094077 0.063158
0 0.660279 0.028070 0.094077 0.056140
0 0.121951 0.685965 0.020906 0.045614
0 0.648084 0.677193 0.041812 0.028070
