0 0.173669 0.910714 0.011204 0.035714
0 0.051821 0.224026 0.019608 0.051948
0 0.817927 0.881494 0.016807 0.009740
0 0.726891 0.360390 0.008403 0.025974
0 0.893557 0.649351 0.089636 0.051948
0 0.869748 0.928571 0.025210 0.006494
0 0.142857 0.103896 0.078431 0.058442
0 0.687675 0.347403 0.064426 0.025974
0 0.176471 0.607143 0.039216 0.071429
0 0.913165 0.750000 0.095238 0.051948
0 0.689076 0.561688 0.033613 0.032468
0 0.418768 0.769481 0.019608 0.071429
0 0.084034 0.873377 0.033613 0.051948
0 0.471989 0.597403 0.042017 0.090909
0 0.121849 0.810065 0.036415 0.094156
0 0.082633 0.493506 0.047619 0.103896
0 0.614846 0.465909 0.025210 0.042208
0 0.756303 0.225649 0.033613 0.042208
0 0.145658 0.035714 0.028011 0.071429
0 0.425770 0.512987 0.044818 0.103896
0 0.358543 0.282468 0.061625 0.077922
0 0.714286 0.300325 0.078431 0.061688
0 0.525210 0.261364 0.092437 0.029221
0 0.743697 0.256494 0.008403 0.019481
0 0.788515 0.639610 0.075630 0.064935
0 0.936975 0.925325 0.025210 0.058442
0 0.654062 0.298701 0.036415 0.051948
0 0.546218 0.102273 0.072829 0.068182
0 0.135854 0.714286 0.014006 0.084416
0 0.348739 0.517857 0.008403 0.022727
0 0.091036 0.378247 0.008403 0.022727
0 0.190476 0.813312 0.044818 0.061688
0 0.567227 0.407468 0.075630 0.061688
0 0.515406 0.894481 0.022409 0.0551948
0 0.518207 0.970779 0.022409 0.0519481
