0 0.566667 0.131667 0.013333 0.010000
0 0.401667 0.131667 0.010000 0.016667
0 0.308333 0.293333 0.070000 0.086667
0 0.600000 0.238333 0.060000 0.056667
0 0.473333 0.806667 0.013333 0.013333
0 0.825000 0.610000 0.010000 0.020000
0 0.941667 0.525000 0.103333 0.056667
0 0.478333 0.431667 0.016667 0.016667
0 0.676667 0.361667 0.006667 0.016667
0 0.855000 0.846667 0.083333 0.053333
0 0.208333 0.031667 0.090000 0.063333
0 0.221667 0.785000 0.010000 0.010000
0 0.843333 0.575000 0.013333 0.023333
0 0.726667 0.543333 0.093333 0.060000
0 0.521667 0.793333 0.070000 0.080000
0 0.176667 0.551667 0.006667 0.016667
0 0.110000 0.936667 0.026667 0.013333
0 0.341667 0.768333 0.096667 0.050000
0 0.170000 0.475000 0.066667 0.083333
0 0.148333 0.271667 0.030000 0.056667
