0 0.097527 0.394737 0.057692 0.070175
0 0.788462 0.409357 0.027473 0.011696
0 0.730769 0.837719 0.071429 0.055556
0 0.872253 0.055556 0.008242 0.023392
0 0.260989 0.809942 0.038462 0.029240
0 0.193681 0.580409 0.008242 0.020468
0 0.240385 0.361111 0.079670 0.049708
0 0.075549 0.808480 0.024725 0.032164
0 0.166209 0.612573 0.035714 0.020468
0 0.625000 0.824561 0.024725 0.029240
0 0.925824 0.305556 0.043956 0.032164
0 0.043956 0.679825 0.027473 0.043860
0 0.585165 0.757310 0.027473 0.035088
0 0.461538 0.837719 0.016484 0.049708
0 0.207418 0.182749 0.052198 0.078947
0 0.229396 0.752924 0.068681 0.055556
0 0.670330 0.910819 0.071429 0.061404
0 0.614011 0.070175 0.008242 0.017544
0 0.093407 0.840643 0.005495 0.026316
0 0.245879 0.571637 0.085165 0.049708
0 0.151099 0.375731 0.043956 0.096491
0 0.370879 0.603801 0.016484 0.020468
0 0.842033 0.713450 0.008242 0.017544
0 0.626374 0.897661 0.010989 0.035088
0 0.800824 0.298246 0.063187 0.064327
0 0.677198 0.412281 0.008242 0.017544
0 0.313187 0.156433 0.021978 0.026316
0 0.399725 0.789474 0.052198 0.023392
0 0.657967 0.283626 0.085165 0.046784
