0 0.080169 0.185685 0.037975 0.031120
0 0.834388 0.670124 0.040084 0.058091
0 0.418776 0.869295 0.014768 0.029046
0 0.813291 0.188797 0.035865 0.037344
0 0.909283 0.355809 0.025316 0.022822
0 0.838608 0.043568 0.031646 0.070539
0 0.715190 0.518672 0.046414 0.029046
0 0.817511 0.008299 0.006329 0.016598
0 0.266878 0.456432 0.082278 0.029046
0 0.693038 0.240664 0.069620 0.020747
0 0.243671 0.396266 0.006329 0.016598
0 0.280591 0.949170 0.071730 0.031120
0 0.338608 0.372407 0.006329 0.014523
0 0.720464 0.734440 0.006329 0.012448
0 0.791139 0.093361 0.046414 0.049793
0 0.907173 0.271784 0.046414 0.049793
0 0.560127 0.978216 0.006329 0.014523
0 0.368143 0.729253 0.065401 0.035270
0 0.737342 0.930498 0.014768 0.022822
0 0.569620 0.398340 0.050633 0.033195
0 0.541139 0.011411 0.006329 0.014523
0 0.724684 0.150415 0.027426 0.035270
0 0.169831 0.966805 0.052743 0.045643
0 0.285865 0.890041 0.006329 0.012448
0 0.418776 0.459544 0.014768 0.006224
0 0.839662 0.113071 0.008439 0.010373
0 0.334388 0.340249 0.006329 0.012448
0 0.128692 0.075726 0.037975 0.026971
0 0.651899 0.248963 0.008439 0.020747
0 0.292194 0.340249 0.048523 0.045643
0 0.918776 0.870332 0.052743 0.043568
0 0.094937 0.353734 0.054852 0.043568
0 0.736287 0.079876 0.008439 0.010373
0 0.876582 0.605809 0.061181 0.037344
0 0.775316 0.506224 0.006329 0.012448
0 0.524262 0.759336 0.006329 0.012448
0 0.908228 0.956432 0.014768 0.008299
0 0.189873 0.089212 0.029536 0.029046
0 0.972574 0.442946 0.012658 0.006224
0 0.809072 0.417012 0.094937 0.024896
0 0.647679 0.778008 0.080169 0.029046
0 0.763713 0.840249 0.008439 0.012448
