0 0.117438 0.777049 0.021352 0.026230
0 0.793594 0.400000 0.014235 0.039344
0 0.202847 0.065574 0.056940 0.026230
0 0.418149 0.834426 0.103203 0.055738
0 0.209964 0.319672 0.042705 0.042623
0 0.462633 0.027869 0.007117 0.016393
0 0.350534 0.157377 0.053381 0.052459
0 0.316726 0.837705 0.092527 0.062295
0 0.569395 0.913115 0.085409 0.036066
0 0.772242 0.447541 0.007117 0.009836
0 0.268683 0.145902 0.046263 0.055738
0 0.263345 0.013115 0.014235 0.026230
0 0.120996 0.077049 0.092527 0.062295
0 0.701068 0.704918 0.035587 0.032787
0 0.076512 0.131148 0.017794 0.026230
0 0.925267 0.929508 0.056940 0.081967
0 0.485765 0.875410 0.074733 0.078689
0 0.519573 0.096721 0.056940 0.068852
0 0.176157 0.642623 0.010676 0.026230
0 0.526690 0.372131 0.007117 0.016393
0 0.519573 0.314754 0.021352 0.039344
0 0.846975 0.913115 0.014235 0.036066
0 0.056940 0.521311 0.064057 0.091803
0 0.450178 0.386885 0.039146 0.052459
0 0.644128 0.193443 0.021352 0.032787
0 0.030249 0.063934 0.060498 0.075410
0 0.028470 0.460656 0.056940 0.022951
0 0.850534 0.593443 0.014235 0.019672
0 0.871886 0.067213 0.071174 0.081967
