0 0.673958 0.490741 0.020833 0.044444
0 0.178125 0.437037 0.020833 0.048148
0 0.104688 0.304630 0.032292 0.031481
0 0.931250 0.060185 0.004167 0.009259
0 0.164583 0.377778 0.012500 0.014815
0 0.030208 0.384259 0.014583 0.027778
0 0.266667 0.425000 0.029167 0.035185
0 0.070833 0.385185 0.014583 0.070370
0 0.261458 0.529630 0.004167 0.011111
0 0.934896 0.257407 0.021875 0.044444
0 0.688021 0.577778 0.007292 0.011111
0 0.213542 0.364815 0.008333 0.025926
0 0.743750 0.588889 0.027083 0.037037
0 0.070312 0.222222 0.005208 0.011111
0 0.280208 0.235185 0.012500 0.033333
0 0.106771 0.952778 0.003125 0.012963
0 0.671875 0.645370 0.004167 0.009259
0 0.101042 0.953704 0.004167 0.018519
0 0.098437 0.198148 0.019792 0.018519
0 0.970313 0.427778 0.003125 0.014815
0 0.151042 0.035185 0.025000 0.040741
0 0.582292 0.087963 0.027083 0.031481
0 0.487500 0.347222 0.006250 0.009259
0 0.420833 0.885185 0.020833 0.033333
0 0.725000 0.220370 0.031250 0.033333
0 0.953646 0.192593 0.003125 0.011111
0 0.865625 0.798148 0.016667 0.040741
0 0.122917 0.142593 0.012500 0.018519
0 0.547396 0.817593 0.034375 0.027778
0 0.733854 0.094444 0.017708 0.055556
0 0.375521 0.733333 0.013542 0.062963
0 0.778646 0.891667 0.003125 0.016667
0 0.065625 0.544444 0.029167 0.033333
0 0.475000 0.687963 0.031250 0.031481
0 0.525521 0.701852 0.028125 0.037037
0 0.521354 0.592593 0.026042 0.040741
0 0.873437 0.507407 0.003125 0.011111
0 0.208333 0.928704 0.022917 0.020370
0 0.355729 0.759259 0.017708 0.033333
0 0.631771 0.371296 0.011458 0.031481
0 0.148438 0.850000 0.021875 0.048148
0 0.010417 0.433333 0.018750 0.051852
0 0.368229 0.118519 0.003125 0.011111
0 0.252604 0.481481 0.034375 0.029630
0 0.061979 0.057407 0.026042 0.037037
0 0.102083 0.065741 0.039583 0.024074
0 0.535937 0.185185 0.005208 0.022222
0 0.707292 0.266667 0.035417 0.029630
