0 0.627559 0.285481 0.007874 0.006525
0 0.051969 0.595432 0.012598 0.022838
0 0.360630 0.501631 0.009449 0.014682
0 0.944882 0.951876 0.009449 0.027732
0 0.262205 0.122349 0.042520 0.032626
0 0.510236 0.177814 0.044094 0.029364
0 0.918898 0.304241 0.014173 0.011419
0 0.125984 0.416803 0.022047 0.037520
0 0.346457 0.692496 0.025197 0.021207
0 0.930709 0.035073 0.006299 0.008157
0 0.438583 0.270799 0.011024 0.009788
0 0.733071 0.844209 0.023622 0.050571
0 0.193701 0.460848 0.012598 0.021207
0 0.711811 0.802610 0.053543 0.026101
0 0.274016 0.040783 0.006299 0.013051
0 0.696850 0.562806 0.029921 0.035889
0 0.273228 0.954323 0.033071 0.042414
0 0.307874 0.185971 0.045669 0.029364
0 0.745669 0.306688 0.007874 0.029364
0 0.268504 0.743883 0.004724 0.009788
0 0.363780 0.068515 0.040945 0.032626
0 0.448031 0.228385 0.029921 0.045677
0 0.941732 0.187602 0.034646 0.019576
0 0.359055 0.224307 0.018898 0.053834
0 0.588976 0.220228 0.015748 0.013051
0 0.392913 0.600326 0.011024 0.009788
0 0.735433 0.501631 0.015748 0.014682
0 0.960630 0.119902 0.006299 0.008157
0 0.782677 0.508157 0.012598 0.034258
0 0.700000 0.644372 0.033071 0.042414
0 0.631496 0.499184 0.006299 0.009788
0 0.129921 0.308320 0.020472 0.019576
0 0.896850 0.187602 0.026772 0.013051
0 0.417323 0.233279 0.025197 0.029364
0 0.559055 0.128874 0.012598 0.042414
0 0.018110 0.505710 0.004724 0.009788
0 0.236220 0.734910 0.053543 0.024470
0 0.702362 0.416803 0.012598 0.011419
0 0.513386 0.137031 0.006299 0.013051
0 0.118110 0.955139 0.012598 0.024470
0 0.044882 0.387439 0.029921 0.030995
