0 0.727758 0.346535 0.010676 0.006601
0 0.777580 0.191419 0.074733 0.046205
0 0.169039 0.453795 0.010676 0.016502
0 0.948399 0.323432 0.081851 0.046205
0 0.916370 0.422442 0.024911 0.033003
0 0.818505 0.801980 0.071174 0.059406
0 0.597865 0.366337 0.120996 0.046205
0 0.341637 0.006601 0.007117 0.013201
0 0.930605 0.069307 0.003559 0.006601
0 0.256228 0.887789 0.035587 0.013201
0 0.291815 0.069307 0.099644 0.059406
0 0.190391 0.113861 0.053381 0.036304
0 0.074733 0.689769 0.113879 0.052805
0 0.619217 0.981848 0.007117 0.016502
0 0.772242 0.803630 0.014235 0.016502
0 0.741993 0.036304 0.003559 0.013201
0 0.457295 0.132013 0.024911 0.039604
0 0.476868 0.016502 0.007117 0.026403
0 0.644128 0.099010 0.078292 0.072607
0 0.909253 0.721122 0.003559 0.009901
0 0.782918 0.249175 0.014235 0.016502
0 0.128114 0.519802 0.007117 0.009901
0 0.571174 0.046205 0.060498 0.092409
0 0.270463 0.717822 0.007117 0.009901
0 0.880783 0.542904 0.067616 0.036304
0 0.676157 0.176568 0.078292 0.036304
0 0.124555 0.742574 0.028470 0.046205
0 0.994662 0.917492 0.010676 0.006601
0 0.307829 0.518152 0.003559 0.013201
0 0.053381 0.011551 0.007117 0.016502
0 0.574733 0.603960 0.046263 0.052805
0 0.774021 0.879538 0.039146 0.036304
0 0.185053 0.034653 0.035587 0.042904
