0 0.817073 0.965447 0.121951 0.069106
0 0.898374 0.504065 0.113821 0.073171
0 0.095528 0.766260 0.077236 0.069106
0 0.369919 0.073171 0.032520 0.056911
0 0.048780 0.660569 0.032520 0.028455
0 0.451220 0.274390 0.016260 0.028455
0 0.790650 0.682927 0.004065 0.016260
0 0.250000 0.548780 0.020325 0.008130
0 0.646341 0.213415 0.008130 0.012195
0 0.573171 0.615854 0.040650 0.052846
0 0.636179 0.091463 0.028455 0.036585
0 0.451220 0.449187 0.024390 0.044715
0 0.294715 0.605691 0.109756 0.073171
0 0.077236 0.878049 0.121951 0.065041
0 0.207317 0.530488 0.056911 0.085366
0 0.575203 0.054878 0.085366 0.069106
0 0.817073 0.924797 0.008130 0.004065
0 0.522358 0.380081 0.012195 0.028455
0 0.524390 0.609756 0.048780 0.056911
0 0.241870 0.884146 0.036585 0.012195
0 0.648374 0.894309 0.052846 0.065041
0 0.617886 0.540650 0.032520 0.048780
0 0.910569 0.229675 0.008130 0.020325
0 0.902439 0.825203 0.008130 0.008130
0 0.493902 0.113821 0.036585 0.032520
0 0.756098 0.115854 0.008130 0.012195
0 0.560976 0.912602 0.113821 0.036585
0 0.922764 0.441057 0.056911 0.044715
