0 0.202041 0.478378 0.036735 0.102703
0 0.853061 0.916216 0.057143 0.135135
0 0.797959 0.924324 0.044898 0.129730
0 0.063265 0.681081 0.085714 0.140541
0 0.740816 0.418919 0.110204 0.102703
0 0.697959 0.110811 0.016327 0.048649
0 0.416327 0.737838 0.032653 0.135135
0 0.724490 0.278378 0.134694 0.070270
0 0.718367 0.802703 0.089796 0.135135
0 0.253061 0.389189 0.065306 0.064865
0 0.481633 0.570270 0.024490 0.081081
0 0.591837 0.791892 0.130612 0.091892
0 0.904082 0.448649 0.036735 0.097297
0 0.067347 0.232432 0.020408 0.054054
0 0.373469 0.272973 0.044898 0.048649
0 0.202041 0.400000 0.020408 0.021622
0 0.859184 0.348649 0.126531 0.091892
0 0.369388 0.489189 0.012245 0.037838
0 0.273469 0.797297 0.040816 0.091892
0 0.867347 0.470270 0.028571 0.043243
0 0.375510 0.972973 0.097959 0.054054
0 0.438776 0.632432 0.044898 0.075676
0 0.136735 0.881081 0.085714 0.129730
0 0.438776 0.094595 0.126531 0.091892
0 0.061224 0.821622 0.057143 0.129730
0 0.322449 0.072973 0.089796 0.135135
0 0.579592 0.605405 0.089796 0.129730
0 0.948980 0.170270 0.012245 0.037838
0 0.810204 0.500000 0.077551 0.145946
0 0.724490 0.178378 0.110204 0.108108
0 0.465306 0.224324 0.122449 0.091892
0 0.630612 0.078378 0.069388 0.156757
0 0.397959 0.581081 0.028571 0.027027
0 0.512245 0.356757 0.061224 0.108108
0 0.571429 0.021622 0.040816 0.043243
0 0.608163 0.197297 0.024490 0.016216
0 0.304082 0.583784 0.110204 0.075676
0 0.055102 0.572973 0.077551 0.064865
0 0.508163 0.064865 0.085714 0.129730
0 0.918367 0.570270 0.024490 0.016216
0 0.779592 0.389189 0.106122 0.064865
