0 0.086473 0.579590 0.000571 0.000977
0 0.616153 0.085775 0.000571 0.000977
0 0.860445 0.802083 0.010845 0.003255
0 0.980023 0.500651 0.005708 0.007812
0 0.431507 0.164551 0.003425 0.004883
0 0.943779 0.011882 0.002854 0.003581
0 0.537957 0.908040 0.001712 0.000977
0 0.794521 0.189616 0.006849 0.003581
0 0.692352 0.012370 0.006849 0.003906
0 0.430080 0.550456 0.006279 0.002604
0 0.696347 0.211914 0.001142 0.000651
0 0.059932 0.563314 0.001142 0.000977
0 0.639555 0.713542 0.010845 0.002604
0 0.880422 0.360514 0.002854 0.002930
0 0.380708 0.342448 0.011416 0.007812
0 0.438356 0.355306 0.014840 0.006185
0 0.605879 0.787435 0.001712 0.001953
0 0.362728 0.442220 0.002854 0.001628
0 0.951199 0.321126 0.001712 0.000977
0 0.259703 0.083496 0.005708 0.005534
0 0.736872 0.457682 0.004566 0.004557
0 0.235445 0.603190 0.013128 0.007161
0 0.496290 0.318197 0.001712 0.000977
0 0.362443 0.605632 0.010274 0.008789
0 0.277683 0.073242 0.007420 0.003255
0 0.314498 0.832031 0.005708 0.005859
0 0.900685 0.215658 0.002283 0.002930
0 0.732306 0.867676 0.001142 0.001628
0 0.369863 0.554199 0.003425 0.002279
