0 0.568333 0.371667 0.030000 0.010000
0 0.008333 0.031667 0.016667 0.043333
0 0.860000 0.621667 0.013333 0.016667
0 0.873333 0.468333 0.040000 0.090000
0 0.433333 0.561667 0.026667 0.070000
0 0.248333 0.506667 0.036667 0.073333
0 0.236667 0.695000 0.013333 0.016667
0 0.576667 0.653333 0.100000 0.060000
0 0.778333 0.360000 0.083333 0.073333
0 0.598333 0.063333 0.023333 0.033333
0 0.948333 0.601667 0.083333 0.070000
0 0.543333 0.375000 0.013333 0.016667
0 0.318333 0.873333 0.070000 0.066667
0 0.136667 0.916667 0.013333 0.020000
0 0.286667 0.956667 0.073333 0.066667
0 0.345000 0.068333 0.070000 0.056667
0 0.305000 0.125000 0.023333 0.023333
0 0.643333 0.831667 0.073333 0.043333
0 0.195000 0.080000 0.056667 0.106667
0 0.973333 0.380000 0.046667 0.093333
0 0.131667 0.788333 0.090000 0.063333
0 0.786667 0.288333 0.106667 0.056667
0 0.546667 0.853333 0.113333 0.053333
0 0.410000 0.193333 0.066667 0.060000
0 0.640000 0.316667 0.040000 0.060000
0 0.583333 0.171667 0.020000 0.036667
0 0.871667 0.778333 0.016667 0.016667
0 0.051667 0.881667 0.010000 0.023333
0 0.215000 0.423333 0.096667 0.060000
0 0.883333 0.831667 0.040000 0.076667
0 0.178333 0.216667 0.056667 0.066667
0 0.598333 0.343333 0.036667 0.073333
0 0.421667 0.475000 0.030000 0.090000
0 0.733333 0.513333 0.066667 0.060000
0 0.703333 0.855000 0.020000 0.036667
0 0.280000 0.258333 0.013333 0.016667
0 0.086667 0.561667 0.086667 0.050000
0 0.778333 0.786667 0.010000 0.020000
0 0.666667 0.485000 0.060000 0.090000
0 0.410000 0.398333 0.013333 0.056667
0 0.411667 0.825000 0.110000 0.050000
0 0.258333 0.176667 0.016667 0.026667
0 0.156667 0.735000 0.053333 0.036667
0 0.191667 0.335000 0.056667 0.103333
0 0.160000 0.681667 0.093333 0.063333
0 0.838333 0.830000 0.010000 0.020000
0 0.861667 0.936667 0.010000 0.020000
