0 0.831746 0.715873 0.012698 0.015873
0 0.515873 0.068254 0.009524 0.022222
0 0.939683 0.971429 0.050794 0.044444
0 0.823810 0.209524 0.041270 0.076190
0 0.936508 0.938095 0.025397 0.015873
0 0.339683 0.071429 0.019048 0.022222
0 0.620635 0.439683 0.009524 0.028571
0 0.444444 0.200000 0.019048 0.038095
0 0.915873 0.806349 0.009524 0.019048
0 0.963492 0.719048 0.015873 0.015873
0 0.187302 0.301587 0.038095 0.044444
0 0.196825 0.526984 0.063492 0.082540
0 0.169841 0.750794 0.015873 0.022222
0 0.809524 0.780952 0.012698 0.025397
0 0.774603 0.731746 0.082540 0.066667
0 0.577778 0.730159 0.146032 0.031746
0 0.661905 0.420635 0.009524 0.022222
0 0.017460 0.900000 0.015873 0.015873
0 0.846032 0.515873 0.028571 0.041270
0 0.596825 0.501587 0.031746 0.101587
0 0.571429 0.834921 0.031746 0.063492
0 0.626984 0.920635 0.041270 0.044444
0 0.665079 0.963492 0.009524 0.022222
0 0.141270 0.247619 0.022222 0.019048
0 0.125397 0.839683 0.034921 0.034921
0 0.084127 0.476190 0.009524 0.019048
0 0.771429 0.139683 0.057143 0.076190
0 0.631746 0.525397 0.012698 0.034921
0 0.825397 0.155556 0.012698 0.025397
0 0.617460 0.687302 0.111111 0.047619
