0 0.054770 0.938291 0.038869 0.028481
0 0.701413 0.681962 0.003534 0.009494
0 0.895760 0.632911 0.038869 0.012658
0 0.754417 0.389241 0.003534 0.006329
0 0.904594 0.153481 0.028269 0.028481
0 0.577739 0.787975 0.031802 0.050633
0 0.044170 0.425633 0.003534 0.003165
0 0.704947 0.134494 0.031802 0.022152
0 0.648410 0.952532 0.024735 0.044304
0 0.457597 0.306962 0.109541 0.050633
0 0.372792 0.093354 0.003534 0.009494
0 0.674912 0.761076 0.014134 0.034810
0 0.567138 0.193038 0.024735 0.031646
0 0.653710 0.650316 0.077739 0.053797
0 0.014134 0.208861 0.021201 0.018987
0 0.883392 0.476266 0.028269 0.003165
0 0.925795 0.938291 0.056537 0.072785
0 0.872792 0.664557 0.141343 0.037975
0 0.091873 0.561709 0.042403 0.072785
0 0.909894 0.362342 0.003534 0.009494
0 0.114841 0.680380 0.017668 0.044304
0 0.657244 0.900316 0.014134 0.022152
0 0.335689 0.574367 0.134276 0.041139
0 0.231449 0.321203 0.017668 0.015823
0 0.300353 0.958861 0.049470 0.031646
0 0.899293 0.458861 0.024735 0.0379747
0 0.911661 0.458861 0.0282686 0.0379747
