0 0.763636 0.566514 0.063636 0.050459
0 0.593182 0.717890 0.122727 0.087156
0 0.531818 0.103211 0.181818 0.059633
0 0.354545 0.357798 0.063636 0.055046
0 0.872727 0.974771 0.018182 0.022936
0 0.686364 0.355505 0.118182 0.059633
0 0.504545 0.243119 0.063636 0.045872
0 0.627273 0.860092 0.063636 0.105505
0 0.118182 0.637615 0.063636 0.082569
0 0.086364 0.387615 0.145455 0.077982
0 0.065909 0.552752 0.059091 0.077982
0 0.722727 0.089450 0.136364 0.077982
0 0.581818 0.651376 0.045455 0.036697
0 0.679545 0.529817 0.050000 0.041284
0 0.863636 0.252294 0.081818 0.137615
0 0.613636 0.564220 0.063636 0.137615
0 0.402273 0.566514 0.086364 0.050459
0 0.806818 0.883028 0.031818 0.050459
0 0.375000 0.038991 0.186364 0.059633
0 0.163636 0.846330 0.172727 0.050459
0 0.595455 0.043578 0.054545 0.050459
0 0.715909 0.855505 0.040909 0.077982
0 0.593182 0.135321 0.068182 0.160550
0 0.136364 0.942661 0.036364 0.050459
0 0.843182 0.383028 0.150000 0.068807
0 0.800000 0.814220 0.118182 0.077982
0 0.534091 0.518349 0.086364 0.082569
0 0.734091 0.465596 0.086364 0.077982
0 0.020455 0.334862 0.022727 0.018349
0 0.075000 0.713303 0.068182 0.059633
0 0.181818 0.075688 0.136364 0.077982
0 0.625000 0.477064 0.013636 0.027523
0 0.215909 0.662844 0.059091 0.041284
0 0.770455 0.747706 0.013636 0.027523
0 0.559091 0.871560 0.063636 0.091743
0 0.375000 0.284404 0.013636 0.027523
0 0.045455 0.864679 0.054545 0.068807
0 0.729545 0.662844 0.050000 0.068807
0 0.656818 0.291284 0.068182 0.059633
0 0.563636 0.422018 0.145455 0.073394
0 0.188636 0.415138 0.031818 0.050459
0 0.0318182 0.0894495 0.0181818 0.0412844
0 0.0454545 0.0940367 0.0181818 0.0412844
