0 0.761062 0.292035 0.097345 0.044248
0 0.453540 0.774336 0.057522 0.088496
0 0.940265 0.176991 0.030973 0.070796
0 0.683628 0.314159 0.030973 0.035398
0 0.429204 0.845133 0.017699 0.017699
0 0.201327 0.236726 0.084071 0.039823
0 0.561947 0.823009 0.123894 0.079646
0 0.787611 0.867257 0.026549 0.070796
0 0.201327 0.351770 0.119469 0.084071
0 0.730088 0.407080 0.017699 0.044248
0 0.154867 0.488938 0.017699 0.004425
0 0.342920 0.743363 0.154867 0.061947
0 0.369469 0.701327 0.004425 0.013274
0 0.256637 0.126106 0.008850 0.022124
0 0.694690 0.234513 0.008850 0.017699
0 0.088496 0.962389 0.026549 0.030973
0 0.497788 0.674779 0.013274 0.022124
0 0.190265 0.931416 0.061947 0.084071
0 0.774336 0.537611 0.026549 0.022124
0 0.409292 0.311947 0.030973 0.039823
0 0.634956 0.834071 0.013274 0.013274
0 0.420354 0.272124 0.026549 0.030973
