0 0.691489 0.465190 0.004255 0.010549
0 0.663830 0.970464 0.017021 0.042194
0 0.255319 0.601266 0.029787 0.016878
0 0.528723 0.285865 0.010638 0.018987
0 0.813830 0.645570 0.023404 0.025316
0 0.129787 0.761603 0.046809 0.046414
0 0.813830 0.739451 0.023404 0.023207
0 0.041489 0.859705 0.036170 0.040084
0 0.568085 0.945148 0.012766 0.016878
0 0.023404 0.464135 0.021277 0.025316
0 0.773404 0.451477 0.048936 0.021097
0 0.619149 0.131857 0.025532 0.035865
0 0.490426 0.253165 0.014894 0.008439
0 0.438298 0.862869 0.042553 0.033755
0 0.872340 0.644515 0.008511 0.010549
0 0.163830 0.935654 0.034043 0.014768
0 0.200000 0.578059 0.004255 0.008439
0 0.314894 0.248945 0.017021 0.004219
0 0.163830 0.180380 0.038298 0.018987
0 0.694681 0.706751 0.040426 0.021097
0 0.722340 0.419831 0.065957 0.033755
0 0.519149 0.776371 0.021277 0.016878
0 0.945745 0.065401 0.002128 0.008439
0 0.190426 0.052743 0.027660 0.033755
0 0.080851 0.990506 0.021277 0.014768
0 0.109574 0.182489 0.019149 0.056962
0 0.187234 0.455696 0.004255 0.021097
0 0.488298 0.546414 0.006383 0.004219
