0 0.864583 0.435417 0.070833 0.062500
0 0.487500 0.643750 0.041667 0.045833
0 0.833333 0.716667 0.100000 0.025000
0 0.193750 0.247917 0.020833 0.020833
0 0.604167 0.806250 0.008333 0.020833
0 0.916667 0.075000 0.016667 0.025000
0 0.093750 0.804167 0.112500 0.083333
0 0.431250 0.870833 0.020833 0.016667
0 0.668750 0.102083 0.012500 0.020833
0 0.572917 0.906250 0.112500 0.070833
0 0.741667 0.243750 0.025000 0.045833
0 0.829167 0.691667 0.016667 0.016667
0 0.741667 0.187500 0.150000 0.058333
0 0.027083 0.720833 0.054167 0.066667
0 0.406250 0.904167 0.045833 0.033333
0 0.360417 0.822917 0.079167 0.112500
0 0.600000 0.183333 0.025000 0.050000
0 0.772917 0.583333 0.012500 0.016667
0 0.741667 0.112500 0.050000 0.075000
0 0.079167 0.625000 0.016667 0.041667
0 0.802083 0.910417 0.045833 0.037500
0 0.825000 0.356250 0.008333 0.020833
0 0.887500 0.152083 0.058333 0.120833
0 0.541667 0.372917 0.016667 0.037500
0 0.418750 0.254167 0.079167 0.025000
0 0.462500 0.204167 0.033333 0.050000
