0 0.570079 0.680261 0.009449 0.016313
0 0.699213 0.208809 0.003150 0.006525
0 0.383465 0.673736 0.007874 0.009788
0 0.335433 0.527732 0.015748 0.011419
0 0.560630 0.852365 0.040945 0.014682
0 0.025197 0.712887 0.003150 0.013051
0 0.137008 0.384176 0.025197 0.021207
0 0.070079 0.903752 0.042520 0.029364
0 0.939370 0.317292 0.011024 0.011419
0 0.301575 0.526917 0.045669 0.029364
0 0.583465 0.477977 0.004724 0.006525
0 0.788189 0.247145 0.001575 0.001631
0 0.370866 0.351550 0.045669 0.024470
0 0.528346 0.756117 0.004724 0.008157
0 0.777165 0.431485 0.001575 0.004894
0 0.789764 0.113377 0.029921 0.027732
0 0.092126 0.681077 0.001575 0.004894
0 0.680315 0.008972 0.012598 0.014682
0 0.621260 0.464111 0.026772 0.037520
0 0.737008 0.522838 0.015748 0.024470
0 0.313386 0.984502 0.012598 0.017945
0 0.092913 0.672104 0.003150 0.009788
0 0.151969 0.160685 0.001575 0.004894
0 0.262205 0.377651 0.023622 0.024470
0 0.531496 0.168026 0.001575 0.006525
0 0.679528 0.072594 0.007874 0.004894
