0 0.548327 0.246154 0.011152 0.023077
0 0.620818 0.082692 0.014870 0.019231
0 0.808550 0.132692 0.115242 0.065385
0 0.319703 0.825000 0.111524 0.065385
0 0.711896 0.648077 0.055762 0.103846
0 0.661710 0.296154 0.037175 0.076923
0 0.089219 0.417308 0.052045 0.119231
0 0.568773 0.205769 0.022305 0.019231
0 0.330855 0.161538 0.074349 0.100000
0 0.278810 0.101923 0.014870 0.019231
0 0.637546 0.442308 0.011152 0.023077
0 0.128253 0.178846 0.070632 0.080769
0 0.689591 0.101923 0.107807 0.065385
0 0.202602 0.346154 0.100372 0.076923
0 0.827138 0.684615 0.033457 0.038462
0 0.856877 0.828846 0.040892 0.026923
0 0.221190 0.800000 0.040892 0.046154
0 0.044610 0.311538 0.074349 0.023077
0 0.689591 0.430769 0.011152 0.023077
0 0.213755 0.100000 0.055762 0.123077
0 0.230483 0.586538 0.104089 0.073077
0 0.827138 0.053846 0.100372 0.038462
0 0.579926 0.776923 0.081784 0.084615
0 0.100372 0.248077 0.081784 0.096154
0 0.057621 0.200000 0.048327 0.030769
0 0.622677 0.121154 0.018587 0.034615
0 0.548327 0.344231 0.115242 0.050000
0 0.888476 0.130769 0.037175 0.030769
0 0.615242 0.050000 0.055762 0.084615
0 0.111524 0.146154 0.126394 0.061538
0 0.434944 0.880769 0.081784 0.092308
0 0.524164 0.034615 0.104089 0.069231
0 0.901487 0.780769 0.033457 0.046154
0 0.345725 0.582692 0.111524 0.065385
