0 0.092892 0.357513 0.024233 0.088083
0 0.172052 0.528497 0.011309 0.025907
0 0.389338 0.645078 0.042003 0.051813
0 0.751212 0.351036 0.025848 0.085492
0 0.894992 0.086788 0.048465 0.044041
0 0.760097 0.733161 0.033926 0.062176
0 0.695477 0.145078 0.004847 0.020725
0 0.483845 0.712435 0.011309 0.015544
0 0.265751 0.509067 0.017771 0.028497
0 0.927302 0.163212 0.022617 0.082902
0 0.155089 0.840674 0.025848 0.064767
0 0.465267 0.705959 0.016155 0.028497
0 0.529887 0.089378 0.006462 0.023316
0 0.039580 0.222798 0.014540 0.051813
0 0.670436 0.571244 0.071082 0.028497
0 0.067044 0.295337 0.037157 0.031088
0 0.068659 0.094560 0.027464 0.064767
0 0.982229 0.974093 0.009693 0.015544
0 0.295638 0.812176 0.003231 0.023316
0 0.857027 0.055699 0.021002 0.018135
0 0.655089 0.481865 0.021002 0.041451
0 0.561389 0.533679 0.024233 0.067358
0 0.739095 0.839378 0.043619 0.051813
0 0.257674 0.250000 0.027464 0.080311
0 0.789176 0.409326 0.014540 0.025907
0 0.985460 0.774611 0.009693 0.015544
0 0.768982 0.501295 0.042003 0.054404
0 0.906300 0.690415 0.035541 0.064767
0 0.436995 0.417098 0.037157 0.056995
0 0.204362 0.196891 0.033926 0.067358
0 0.852989 0.269430 0.025848 0.015544
0 0.502423 0.242228 0.012924 0.038860
0 0.891761 0.966321 0.012924 0.046632
0 0.355412 0.937824 0.006462 0.025907
0 0.138126 0.927461 0.033926 0.062176
0 0.256866 0.681347 0.012924 0.036269
0 0.072698 0.654145 0.012924 0.023316
0 0.491922 0.098446 0.014540 0.056995
0 0.072698 0.230570 0.019386 0.010363
