0 0.605263 0.676056 0.019737 0.028169
0 0.768092 0.707746 0.009868 0.021127
0 0.131579 0.292254 0.013158 0.049296
0 0.486842 0.580986 0.052632 0.112676
0 0.276316 0.704225 0.046053 0.133803
0 0.615132 0.279930 0.026316 0.038732
0 0.578947 0.205986 0.013158 0.017606
0 0.777961 0.061620 0.009868 0.024648
0 0.809211 0.734155 0.059211 0.088028
0 0.365132 0.419014 0.032895 0.021127
0 0.981908 0.475352 0.009868 0.028169
0 0.891447 0.153169 0.118421 0.052817
0 0.486842 0.728873 0.052632 0.119718
0 0.726974 0.121479 0.013158 0.024648
0 0.889803 0.475352 0.009868 0.028169
0 0.358553 0.360915 0.072368 0.088028
0 0.947368 0.880282 0.039474 0.070423
0 0.759868 0.656690 0.098684 0.059859
0 0.717105 0.397887 0.098684 0.063380
0 0.434211 0.098592 0.059211 0.049296
0 0.092105 0.184859 0.059211 0.095070
0 0.365132 0.834507 0.046053 0.070423
0 0.444079 0.184859 0.072368 0.080986
0 0.820724 0.044014 0.023026 0.017606
0 0.074013 0.651408 0.108553 0.042254
0 0.555921 0.232394 0.026316 0.077465
0 0.243421 0.670775 0.013158 0.017606
0 0.391447 0.220070 0.026316 0.052817
0 0.470395 0.320423 0.144737 0.042254
0 0.414474 0.617958 0.013158 0.017606
0 0.648026 0.385563 0.032895 0.052817
0 0.337171 0.649648 0.016447 0.045775
0 0.037829 0.487676 0.055921 0.052817
0 0.455592 0.260563 0.016447 0.021127
0 0.245066 0.220070 0.023026 0.024648
0 0.672697 0.681338 0.069079 0.088028
