0 0.758123 0.857143 0.021661 0.043290
0 0.119134 0.136364 0.050542 0.030303
0 0.725632 0.231602 0.043321 0.116883
0 0.203971 0.867965 0.032491 0.064935
0 0.043321 0.961039 0.050542 0.051948
0 0.292419 0.699134 0.028881 0.030303
0 0.256318 0.512987 0.014440 0.021645
0 0.129964 0.909091 0.014440 0.043290
0 0.747292 0.766234 0.079422 0.103896
0 0.631769 0.690476 0.137184 0.056277
0 0.388087 0.658009 0.061372 0.138528
0 0.485560 0.318182 0.025271 0.030303
0 0.214801 0.166667 0.075812 0.038961
0 0.259928 0.653680 0.028881 0.077922
0 0.128159 0.829004 0.097473 0.082251
0 0.918773 0.153680 0.054152 0.047619
0 0.949458 0.084416 0.057762 0.082251
0 0.862816 0.045455 0.108303 0.073593
0 0.180505 0.593074 0.115523 0.069264
0 0.527076 0.768398 0.036101 0.125541
0 0.203971 0.510823 0.018051 0.077922
0 0.324910 0.145022 0.043321 0.090909
0 0.095668 0.450216 0.097473 0.060606
0 0.449458 0.748918 0.104693 0.077922
0 0.166065 0.930736 0.036101 0.095238
0 0.469314 0.251082 0.079422 0.095238
0 0.489170 0.402597 0.010830 0.025974
0 0.368231 0.331169 0.028881 0.047619
0 0.039711 0.727273 0.079422 0.103896
0 0.799639 0.015152 0.010830 0.030303
0 0.054152 0.071429 0.064982 0.125541
0 0.967509 0.326840 0.028881 0.047619
0 0.651625 0.229437 0.097473 0.086580
0 0.516245 0.562771 0.072202 0.069264
0 0.409747 0.545455 0.104693 0.077922
0 0.638989 0.168831 0.014440 0.025974
0 0.077617 0.541126 0.083032 0.095238
0 0.445848 0.463203 0.104693 0.077922
