0 0.864444 0.304615 0.031111 0.061538
0 0.261111 0.538462 0.060000 0.061538
0 0.803333 0.475385 0.011111 0.021538
0 0.922222 0.861538 0.071111 0.049231
0 0.185556 0.740000 0.028889 0.040000
0 0.958889 0.572308 0.064444 0.055385
0 0.706667 0.187692 0.022222 0.055385
0 0.914444 0.821538 0.024444 0.024615
0 0.042222 0.818462 0.053333 0.030769
0 0.103333 0.803077 0.055556 0.067692
0 0.173333 0.710769 0.017778 0.012308
0 0.765556 0.455385 0.055556 0.049231
0 0.955556 0.452308 0.044444 0.043077
0 0.220000 0.560000 0.017778 0.043077
0 0.683333 0.187692 0.020000 0.061538
0 0.018889 0.570769 0.006667 0.027692
0 0.032222 0.396923 0.006667 0.018462
0 0.092222 0.760000 0.028889 0.012308
0 0.830000 0.904615 0.028889 0.024615
0 0.538889 0.649231 0.015556 0.024615
0 0.655556 0.870769 0.048889 0.067692
0 0.047778 0.972308 0.064444 0.055385
0 0.106667 0.229231 0.031111 0.052308
0 0.180000 0.127692 0.066667 0.052308
0 0.611111 0.232308 0.066667 0.052308
0 0.390000 0.566154 0.006667 0.018462
0 0.185556 0.583077 0.033333 0.058462
0 0.604444 0.833846 0.026667 0.043077
0 0.447778 0.850769 0.024444 0.083077
0 0.321111 0.264615 0.060000 0.036923
0 0.336667 0.436923 0.028889 0.061538
0 0.110000 0.312308 0.015556 0.052308
0 0.843333 0.826154 0.077778 0.046154
0 0.914444 0.221538 0.064444 0.055385
