0 0.386677 0.882488 0.004594 0.018433
0 0.973966 0.604839 0.015314 0.039171
0 0.255743 0.648618 0.018377 0.029954
0 0.314701 0.084101 0.016845 0.034562
0 0.742726 0.229263 0.012251 0.025346
0 0.329250 0.944700 0.012251 0.036866
0 0.683767 0.808756 0.010720 0.023041
0 0.309342 0.841014 0.036753 0.046083
0 0.228178 0.459677 0.006126 0.020737
0 0.418070 0.147465 0.012251 0.013825
0 0.711332 0.372120 0.029096 0.029954
0 0.456355 0.412442 0.018377 0.055300
0 0.737366 0.036866 0.035222 0.041475
0 0.960184 0.789171 0.015314 0.039171
0 0.700613 0.147465 0.010720 0.041475
0 0.535988 0.752304 0.009188 0.016129
0 0.300919 0.600230 0.047473 0.039171
0 0.274119 0.595622 0.003063 0.020737
0 0.579632 0.903226 0.007657 0.009217
0 0.526799 0.365207 0.033691 0.052995
0 0.029096 0.173963 0.018377 0.034562
0 0.723583 0.552995 0.047473 0.036866
0 0.815467 0.354839 0.038285 0.050691
0 0.654671 0.573733 0.050536 0.036866
0 0.645482 0.168203 0.007657 0.009217
0 0.532159 0.912442 0.004594 0.018433
0 0.424962 0.323733 0.004594 0.016129
0 0.616386 0.923963 0.032159 0.059908
0 0.759571 0.819124 0.003063 0.020737
0 0.977795 0.430876 0.019908 0.055300
0 0.821593 0.753456 0.0290965 0.0829493
0 0.766463 0.564516 0.0229709 0.0829493
0 0.80781 0.543779 0.0229709 0.078341
