0 0.831486 0.156319 0.017738 0.006652
0 0.064302 0.570953 0.008869 0.019956
0 0.449002 0.363636 0.028825 0.039911
0 0.637472 0.532151 0.006652 0.017738
0 0.972284 0.638581 0.006652 0.013304
0 0.970067 0.022173 0.006652 0.013304
0 0.651885 0.515521 0.004435 0.019956
0 0.796009 0.725055 0.053215 0.048780
0 0.171840 0.878049 0.006652 0.017738
0 0.209534 0.921286 0.042129 0.059867
0 0.166297 0.299335 0.057650 0.044346
0 0.239468 0.815965 0.008869 0.013304
0 0.053215 0.109756 0.039911 0.059867
0 0.721729 0.250554 0.011086 0.022173
0 0.263858 0.802661 0.035477 0.070953
0 0.435698 0.211752 0.064302 0.037694
0 0.665188 0.735033 0.070953 0.028825
0 0.405765 0.898004 0.075388 0.035477
0 0.179601 0.345898 0.066519 0.039911
0 0.455654 0.106430 0.019956 0.022173
0 0.331486 0.076497 0.050998 0.050998
0 0.721729 0.550998 0.024390 0.024390
0 0.227273 0.718404 0.028825 0.093126
0 0.627494 0.464523 0.026608 0.019956
0 0.844789 0.452328 0.022173 0.048780
0 0.135255 0.737251 0.057650 0.042129
0 0.226164 0.474501 0.079823 0.031042
0 0.077605 0.837029 0.008869 0.011086
0 0.544346 0.731707 0.006652 0.013304
0 0.619734 0.800443 0.064302 0.039911
0 0.566519 0.559867 0.019956 0.046563
0 0.113082 0.174058 0.013304 0.015521
0 0.782705 0.353659 0.008869 0.015521
0 0.123060 0.103104 0.033259 0.050998
0 0.562084 0.496674 0.033259 0.053215
0 0.560976 0.440133 0.008869 0.011086
0 0.111973 0.800443 0.011086 0.031042
0 0.220621 0.348115 0.006652 0.013304
0 0.947894 0.414634 0.011086 0.013304
0 0.500000 0.710643 0.073171 0.033259
0 0.665188 0.431264 0.008869 0.019956
