0 0.507552 0.331944 0.002604 0.006481
0 0.761719 0.589815 0.007812 0.014815
0 0.802083 0.923148 0.001042 0.003704
0 0.865365 0.690278 0.001563 0.004630
0 0.847396 0.651389 0.006250 0.012037
0 0.170573 0.592130 0.001563 0.004630
0 0.479687 0.675926 0.001042 0.003704
0 0.209896 0.375463 0.010417 0.015741
0 0.938542 0.051389 0.001042 0.002778
0 0.651042 0.555093 0.008333 0.004630
0 0.271094 0.729630 0.006771 0.007407
0 0.556510 0.048611 0.017188 0.013889
0 0.267708 0.226389 0.001042 0.002778
0 0.508073 0.013889 0.004687 0.025926
0 0.421354 0.837963 0.003125 0.007407
0 0.862760 0.596296 0.010937 0.016667
0 0.559115 0.235185 0.016146 0.014815
0 0.223958 0.606481 0.004167 0.011111
0 0.485677 0.493519 0.013021 0.016667
0 0.482812 0.352778 0.002083 0.003704
0 0.978646 0.045370 0.016667 0.014815
0 0.414323 0.579630 0.006771 0.016667
0 0.830469 0.311574 0.003646 0.015741
0 0.898698 0.495370 0.002604 0.009259
0 0.204427 0.199074 0.002604 0.009259
0 0.102344 0.277315 0.015104 0.015741
0 0.360938 0.600926 0.001042 0.001852
0 0.802344 0.214815 0.0078125 0.012963
0 0.80625 0.114352 0.00729167 0.0138889
0 0.563281 0.00462963 0.00677083 0.00925926
0 0.572656 0.0523148 0.00572917 0.0101852
0 0.611198 0.147222 0.00677083 0.0111111
0 0.616927 0.122222 0.00572917 0.0111111
0 0.591406 0.0101852 0.0046875 0.00925926
0 0.758333 0.252315 0.00833333 0.0138889
0 0.619792 0.197685 0.00625 0.0101852
0 0.620833 0.137037 0.00625 0.0111111
0 0.83151 0.315741 0.00677083 0.0111111
0 0.81276 0.348611 0.00572917 0.0101852
0 0.611458 0.0875 0.00729167 0.0101852
0 0.814844 0.170833 0.00677083 0.0138889
0 0.620833 0.0717593 0.00833333 0.0101852
0 0.815625 0.338426 0.00729167 0.012037
0 0.802083 0.234722 0.00729167 0.0101852
0 0.578646 0.140741 0.009375 0.012963
0 0.799479 0.19537 0.00833333 0.0111111
0 0.860417 0.377778 0.009375 0.0148148
0 0.830469 0.459722 0.0078125 0.012037
0 0.821094 0.236111 0.0078125 0.0111111
0 0.883594 0.313426 0.0078125 0.012037
0 0.589063 0.134722 0.00625 0.0101852
0 0.211198 0.453704 0.00989583 0.0111111
0 0.833594 0.384259 0.0078125 0.012963
0 0.285937 0.500463 0.00833333 0.0157407
0 0.59375 0.0740741 0.00729167 0.0111111
0 0.590885 0.164815 0.00677083 0.0111111
0 0.826042 0.316204 0.00833333 0.012037
0 0.75599 0.281944 0.00885417 0.0175926
0 0.769792 0.172685 0.0114583 0.0194444
0 0.626042 0.149074 0.00520833 0.00925926
0 0.819271 0.410185 0.00625 0.00925926
0 0.807552 0.222685 0.00989583 0.0101852
0 0.836719 0.249537 0.0109375 0.012037
0 0.783073 0.505556 0.00885417 0.00925926
0 0.765625 0.306019 0.00625 0.012037
0 0.601562 0.0537037 0.0104167 0.00925926
0 0.815625 0.304167 0.009375 0.0175926
0 0.894271 0.256019 0.00625 0.0138889
0 0.804688 0.379167 0.00833333 0.012037
0 0.56875 0.0296296 0.00625 0.0111111
0 0.781771 0.333333 0.00625 0.0166667
0 0.85625 0.331944 0.00833333 0.012037
0 0.596094 0.0361111 0.00677083 0.00925926
0 0.813542 0.318519 0.00729167 0.012963
