0 0.272541 0.452869 0.012295 0.020492
0 0.178279 0.866803 0.110656 0.069672
0 0.977459 0.368852 0.020492 0.040984
0 0.358607 0.090164 0.028689 0.032787
0 0.340164 0.635246 0.090164 0.049180
0 0.788934 0.629098 0.012295 0.012295
0 0.940574 0.811475 0.102459 0.090164
0 0.204918 0.149590 0.040984 0.069672
0 0.885246 0.608607 0.016393 0.012295
0 0.647541 0.551230 0.057377 0.036885
0 0.377049 0.485656 0.049180 0.069672
0 0.745902 0.375000 0.016393 0.036885
0 0.096311 0.409836 0.012295 0.032787
0 0.643443 0.653689 0.106557 0.086066
0 0.086066 0.721311 0.016393 0.016393
0 0.358607 0.864754 0.094262 0.065574
0 0.799180 0.297131 0.073770 0.086066
0 0.711066 0.512295 0.061475 0.040984
0 0.858607 0.180328 0.020492 0.016393
0 0.032787 0.127049 0.057377 0.032787
0 0.717213 0.448770 0.008197 0.020492
0 0.221311 0.797131 0.131148 0.061475
0 0.797131 0.485656 0.102459 0.036885
0 0.385246 0.588115 0.040984 0.036885
0 0.102459 0.778689 0.032787 0.040984
0 0.936475 0.161885 0.127049 0.069672
0 0.555328 0.875000 0.094262 0.053279
