0 0.871324 0.216981 0.002451 0.008086
0 0.221814 0.535040 0.026961 0.013477
0 0.411765 0.535040 0.039216 0.024259
0 0.840686 0.427224 0.034314 0.045822
0 0.346814 0.398922 0.056373 0.048518
0 0.068627 0.935310 0.024510 0.026954
0 0.113971 0.219677 0.002451 0.008086
0 0.154412 0.646900 0.068627 0.048518
0 0.818627 0.322102 0.014706 0.008086
0 0.687500 0.781671 0.022059 0.043127
0 0.232843 0.626685 0.058824 0.056604
0 0.658088 0.238544 0.007353 0.013477
0 0.089461 0.138814 0.012255 0.008086
0 0.140931 0.609164 0.036765 0.021563
0 0.569853 0.292453 0.041667 0.024259
0 0.090686 0.157682 0.004902 0.008086
0 0.508578 0.952830 0.031863 0.018868
0 0.247549 0.039084 0.009804 0.029650
0 0.910539 0.448787 0.022059 0.013477
0 0.296569 0.889488 0.019608 0.032345
0 0.953431 0.154987 0.014706 0.018868
0 0.324755 0.652291 0.007353 0.021563
0 0.099265 0.721024 0.002451 0.008086
0 0.627451 0.183288 0.004902 0.010782
0 0.400735 0.168464 0.071078 0.045822
0 0.0159314 0.214286 0.0220588 0.0458221
0 0.10049 0.0983827 0.0196078 0.0458221
0 0.0980392 0.0363881 0.0196078 0.0458221
0 0.16299 0.0242588 0.0220588 0.0485175
0 0.0404412 0.207547 0.0171569 0.0485175
