0 0.836272 0.041667 0.025189 0.022727
0 0.295970 0.122475 0.083123 0.037879
0 0.779597 0.907828 0.057935 0.053030
0 0.716625 0.441919 0.007557 0.020202
0 0.342569 0.773990 0.015113 0.012626
0 0.544081 0.578283 0.015113 0.035354
0 0.967254 0.460859 0.065491 0.047980
0 0.678841 0.828283 0.017632 0.020202
0 0.404282 0.452020 0.032746 0.050505
0 0.822418 0.157828 0.022670 0.012626
0 0.240554 0.448232 0.017632 0.047980
0 0.178841 0.715909 0.025189 0.053030
0 0.969773 0.915404 0.005038 0.007576
0 0.294710 0.763889 0.060453 0.037879
0 0.124685 0.250000 0.062972 0.050505
0 0.557935 0.910354 0.032746 0.042929
0 0.195214 0.814394 0.012594 0.012626
0 0.889169 0.396465 0.045340 0.040404
0 0.023929 0.785354 0.022670 0.045455
0 0.760705 0.291667 0.005038 0.022727
0 0.138539 0.708333 0.050378 0.017677
0 0.377834 0.872475 0.075567 0.042929
0 0.505038 0.297980 0.037783 0.025253
0 0.260705 0.897727 0.007557 0.017677
0 0.125945 0.878788 0.010076 0.015152
0 0.120907 0.501263 0.035264 0.017677
0 0.670025 0.784091 0.015113 0.022727
0 0.041562 0.429293 0.007557 0.005051
0 0.487406 0.897727 0.022670 0.032828
0 0.549118 0.434343 0.045340 0.055556
0 0.691436 0.595960 0.012594 0.020202
0 0.732997 0.915404 0.025189 0.053030
0 0.132242 0.810606 0.002519 0.010101
0 0.360202 0.037879 0.020151 0.030303
