0 0.320639 0.378049 0.051597 0.051491
0 0.377150 0.498645 0.041769 0.059621
0 0.353808 0.367209 0.009828 0.013550
0 0.264128 0.067751 0.076167 0.043360
0 0.020885 0.678862 0.027027 0.084011
0 0.558968 0.635501 0.007371 0.018970
0 0.718673 0.855014 0.007371 0.018970
0 0.454545 0.464770 0.054054 0.067751
0 0.255528 0.430894 0.014742 0.010840
0 0.126536 0.590786 0.017199 0.016260
0 0.943489 0.134146 0.063882 0.056911
0 0.664619 0.597561 0.007371 0.024390
0 0.756757 0.868564 0.009828 0.013550
0 0.244472 0.414634 0.007371 0.016260
0 0.501229 0.777778 0.014742 0.021680
0 0.687961 0.153117 0.049140 0.051491
0 0.051597 0.388889 0.039312 0.018970
0 0.334152 0.968835 0.068796 0.046070
0 0.512285 0.551491 0.071253 0.046070
0 0.681818 0.090786 0.051597 0.067751
0 0.638821 0.830623 0.049140 0.029810
0 0.653563 0.902439 0.083538 0.043360
0 0.109337 0.341463 0.007371 0.021680
0 0.540541 0.663957 0.024570 0.037940
0 0.471744 0.655827 0.063882 0.054201
0 0.276413 0.121951 0.051597 0.059621
0 0.402948 0.841463 0.049140 0.073171
0 0.114251 0.787263 0.007371 0.018970
