0 0.838870 0.114007 0.009967 0.019544
0 0.504983 0.161238 0.013289 0.022801
0 0.265781 0.052117 0.046512 0.032573
0 0.705980 0.355049 0.076412 0.065147
0 0.774086 0.758958 0.046512 0.058632
0 0.790698 0.144951 0.033223 0.055375
0 0.073090 0.039088 0.033223 0.013029
0 0.724252 0.131922 0.086379 0.068404
0 0.383721 0.631922 0.029900 0.013029
0 0.069767 0.270358 0.046512 0.065147
0 0.501661 0.389251 0.013289 0.016287
0 0.596346 0.094463 0.076412 0.039088
0 0.229236 0.609121 0.019934 0.013029
0 0.124585 0.296417 0.023256 0.026059
0 0.632890 0.166124 0.089701 0.065147
0 0.290698 0.827362 0.056478 0.097720
0 0.292359 0.343648 0.013289 0.016287
0 0.142857 0.252443 0.026578 0.029316
0 0.774086 0.324104 0.006645 0.029316
0 0.586379 0.638436 0.096346 0.058632
0 0.501661 0.757329 0.006645 0.029316
0 0.657807 0.858306 0.086379 0.061889
0 0.448505 0.627036 0.013289 0.016287
0 0.313953 0.576547 0.043189 0.084691
0 0.519934 0.319218 0.056478 0.084691
0 0.594684 0.540717 0.039867 0.039088
0 0.222591 0.361564 0.039867 0.058632
0 0.480066 0.213355 0.069767 0.074919
0 0.265781 0.659609 0.033223 0.055375
0 0.700997 0.495114 0.086379 0.065147
0 0.656146 0.986971 0.009967 0.019544
0 0.415282 0.180782 0.039867 0.055375
0 0.262458 0.962541 0.013289 0.016287
0 0.333887 0.218241 0.109635 0.026059
0 0.681063 0.783388 0.073090 0.081433
0 0.451827 0.553746 0.039867 0.065147
0 0.264120 0.535831 0.049834 0.029316
