0 0.400722 0.584175 0.007220 0.010101
0 0.039711 0.732323 0.064982 0.037037
0 0.144404 0.915825 0.050542 0.047138
0 0.074007 0.207071 0.068592 0.050505
0 0.366426 0.031987 0.010830 0.037037
0 0.738267 0.484848 0.068592 0.040404
0 0.236462 0.365320 0.025271 0.050505
0 0.297834 0.968013 0.075812 0.057239
0 0.137184 0.126263 0.036101 0.070707
0 0.476534 0.129630 0.151625 0.030303
0 0.610108 0.853535 0.043321 0.057239
0 0.566787 0.314815 0.007220 0.010101
0 0.629964 0.735690 0.010830 0.023569
0 0.433213 0.900673 0.028881 0.043771
0 0.268953 0.149832 0.039711 0.084175
0 0.709386 0.075758 0.119134 0.043771
0 0.830325 0.558923 0.108303 0.053872
0 0.319495 0.824916 0.018051 0.033670
0 0.525271 0.074074 0.025271 0.020202
0 0.104693 0.161616 0.021661 0.053872
0 0.057762 0.570707 0.007220 0.010101
0 0.243682 0.153199 0.003610 0.010101
0 0.938628 0.638047 0.007220 0.010101
0 0.164260 0.649832 0.018051 0.020202
