0 0.795918 0.575540 0.068027 0.043165
0 0.721088 0.170264 0.013605 0.019185
0 0.736961 0.673861 0.058957 0.028777
0 0.201814 0.866906 0.009070 0.016787
0 0.575964 0.545564 0.022676 0.007194
0 0.535147 0.201439 0.009070 0.014388
0 0.707483 0.579137 0.009070 0.026379
0 0.115646 0.538369 0.022676 0.045564
0 0.641723 0.092326 0.036281 0.035971
0 0.142857 0.115108 0.018141 0.033573
0 0.171202 0.910072 0.006803 0.016787
0 0.420635 0.401679 0.015873 0.016787
0 0.405896 0.164269 0.063492 0.045564
0 0.973923 0.646283 0.047619 0.059952
0 0.396825 0.917266 0.009070 0.011990
0 0.246032 0.342926 0.052154 0.052758
0 0.373016 0.810552 0.061224 0.047962
0 0.810658 0.517986 0.043084 0.062350
0 0.930839 0.093525 0.074830 0.038369
0 0.178005 0.570743 0.061224 0.047962
0 0.346939 0.231415 0.045351 0.064748
0 0.306122 0.913669 0.045351 0.028777
0 0.340136 0.691847 0.049887 0.059952
0 0.306122 0.029976 0.022676 0.021583
0 0.615646 0.091127 0.006803 0.014388
0 0.316327 0.774580 0.043084 0.047962
0 0.426304 0.280576 0.013605 0.014388
0 0.315193 0.187050 0.013605 0.047962
0 0.663265 0.752998 0.006803 0.014388
