0 0.593243 0.782432 0.035135 0.035135
0 0.882432 0.325676 0.018919 0.040541
0 0.047297 0.695946 0.040541 0.008108
0 0.047297 0.628378 0.040541 0.062162
0 0.529730 0.608108 0.010811 0.016216
0 0.117568 0.479730 0.029730 0.029730
0 0.952703 0.447297 0.013514 0.013514
0 0.162162 0.029730 0.075676 0.048649
0 0.636486 0.924324 0.056757 0.064865
0 0.121622 0.225676 0.005405 0.018919
0 0.021622 0.774324 0.005405 0.013514
0 0.290541 0.206757 0.040541 0.056757
0 0.112162 0.005405 0.018919 0.010811
0 0.394595 0.490541 0.005405 0.013514
0 0.336486 0.136486 0.008108 0.008108
0 0.913514 0.072973 0.021622 0.037838
0 0.744595 0.636486 0.013514 0.024324
0 0.081081 0.087838 0.032432 0.008108
0 0.617568 0.112162 0.072973 0.051351
0 0.185135 0.459459 0.040541 0.054054
0 0.668919 0.656757 0.008108 0.010811
0 0.860811 0.897297 0.008108 0.010811
0 0.836486 0.171622 0.067568 0.056757
0 0.633784 0.478378 0.067568 0.048649
0 0.010811 0.660811 0.021622 0.035135
0 0.531081 0.624324 0.008108 0.010811
0 0.282432 0.583784 0.040541 0.027027
0 0.418919 0.066216 0.005405 0.013514
0 0.664865 0.131081 0.005405 0.013514
