0 0.134343 0.219000 0.030303 0.054000
0 0.281818 0.773000 0.050505 0.042000
0 0.380808 0.694000 0.058586 0.036000
0 0.155556 0.383000 0.032323 0.030000
0 0.775758 0.438000 0.044444 0.048000
0 0.274747 0.320000 0.032323 0.060000
0 0.943434 0.257000 0.024242 0.034000
0 0.928283 0.497000 0.054545 0.038000
0 0.476768 0.257000 0.036364 0.014000
0 0.754545 0.967000 0.006061 0.014000
0 0.573737 0.116000 0.052525 0.040000
0 0.025253 0.246000 0.038384 0.056000
0 0.825253 0.168000 0.042424 0.044000
0 0.869697 0.056000 0.046465 0.040000
0 0.100000 0.226000 0.006061 0.012000
0 0.685859 0.567000 0.038384 0.050000
0 0.102020 0.877000 0.050505 0.042000
0 0.390909 0.540000 0.046465 0.044000
0 0.510101 0.971000 0.010101 0.034000
0 0.076768 0.061000 0.068687 0.030000
0 0.695960 0.412000 0.022222 0.040000
0 0.411111 0.054000 0.010101 0.008000
0 0.310101 0.527000 0.062626 0.034000
0 0.176768 0.098000 0.018182 0.004000
0 0.080808 0.722000 0.012121 0.036000
0 0.483838 0.321000 0.018182 0.038000
0 0.074747 0.133000 0.024242 0.050000
0 0.043434 0.464000 0.010101 0.008000
0 0.267677 0.113000 0.062626 0.034000
0 0.153535 0.129000 0.012121 0.006000
0 0.872727 0.182000 0.020202 0.028000
0 0.362626 0.489000 0.038384 0.054000
0 0.077778 0.429000 0.026263 0.026000
0 0.065657 0.470000 0.006061 0.012000
0 0.554545 0.569000 0.010101 0.010000
0 0.043434 0.139000 0.018182 0.010000
0 0.774747 0.260000 0.006061 0.016000
0 0.827273 0.133000 0.030303 0.022000
0 0.927273 0.627000 0.008081 0.010000
0 0.434343 0.190000 0.012121 0.020000
0 0.950505 0.953000 0.062626 0.034000
0 0.012121 0.486000 0.012121 0.036000
0 0.332323 0.732000 0.006061 0.012000
0 0.391919 0.408000 0.040404 0.036000
0 0.883838 0.518000 0.030303 0.028000
0 0.020202 0.122000 0.024242 0.032000
