0 0.581274 0.190672 0.007802 0.010974
0 0.224967 0.158436 0.010403 0.004115
0 0.293238 0.934156 0.006502 0.005487
0 0.384915 0.506173 0.015605 0.054870
0 0.914174 0.945816 0.044213 0.017833
0 0.605332 0.014403 0.045514 0.020576
0 0.888817 0.614540 0.037711 0.024691
0 0.561769 0.334019 0.015605 0.048011
0 0.519506 0.421811 0.032510 0.028807
0 0.310143 0.143347 0.003901 0.009602
0 0.059168 0.954047 0.024707 0.034294
0 0.004551 0.096022 0.006502 0.005487
0 0.671651 0.833333 0.027308 0.017833
0 0.886866 0.867627 0.007802 0.023320
0 0.175553 0.174211 0.010403 0.005487
0 0.788036 0.177641 0.010403 0.015089
0 0.186606 0.966392 0.011704 0.023320
0 0.521456 0.613855 0.020806 0.042524
0 0.722367 0.508916 0.006502 0.010974
0 0.429779 0.098080 0.016905 0.037037
0 0.880364 0.126886 0.005202 0.006859
0 0.529909 0.740741 0.006502 0.005487
0 0.252276 0.927984 0.020806 0.045267
0 0.453186 0.824417 0.016905 0.013717
0 0.912874 0.750343 0.031209 0.030178
0 0.826398 0.660494 0.035111 0.017833
0 0.788687 0.271605 0.014304 0.032922
0 0.668401 0.325103 0.020806 0.016461
0 0.146944 0.865569 0.026008 0.016461
0 0.100780 0.096022 0.003901 0.010974
0 0.944733 0.153635 0.037711 0.024691
0 0.035761 0.228395 0.037711 0.023320
0 0.096879 0.753772 0.016905 0.023320
0 0.144993 0.104252 0.0403121 0.096022
0 0.0253576 0.0679012 0.0377113 0.0891632
