0 0.914373 0.041547 0.024465 0.060172
0 0.733945 0.886819 0.006116 0.014327
0 0.050459 0.686246 0.064220 0.060172
0 0.686544 0.308023 0.045872 0.020057
0 0.863914 0.148997 0.009174 0.011461
0 0.798165 0.299427 0.103976 0.042980
0 0.385321 0.492837 0.030581 0.045845
0 0.622324 0.328080 0.051988 0.083095
0 0.613150 0.611748 0.009174 0.008596
0 0.354740 0.478510 0.024465 0.022923
0 0.285933 0.763610 0.107034 0.042980
0 0.232416 0.247851 0.061162 0.060172
0 0.966361 0.689112 0.018349 0.014327
0 0.912844 0.679083 0.009174 0.011461
0 0.844037 0.786533 0.006116 0.014327
0 0.636086 0.170487 0.091743 0.048711
0 0.073394 0.962751 0.085627 0.034384
0 0.022936 0.810888 0.009174 0.017192
0 0.749235 0.436963 0.006116 0.014327
0 0.282875 0.316619 0.027523 0.054441
0 0.328746 0.074499 0.021407 0.040115
0 0.918960 0.846705 0.009174 0.008596
0 0.091743 0.557307 0.006116 0.014327
0 0.212538 0.415473 0.009174 0.011461
0 0.689602 0.292264 0.027523 0.005731
0 0.071865 0.521490 0.100917 0.045845
0 0.333333 0.828080 0.042813 0.045845
0 0.474006 0.176218 0.024465 0.031519
0 0.889908 0.018625 0.018349 0.037249
0 0.743119 0.210602 0.012232 0.008596
0 0.198777 0.872493 0.006116 0.014327
0 0.504587 0.790831 0.061162 0.045845
0 0.331804 0.497135 0.015291 0.014327
0 0.148318 0.065903 0.082569 0.045845
0 0.697248 0.714900 0.012232 0.014327
0 0.425076 0.25788 0.030581 0.0573066
0 0.480122 0.861032 0.0244648 0.0601719
0 0.41896 0.859599 0.030581 0.0687679
0 0.98318 0.0229226 0.0275229 0.0458453
0 0.501529 0.206304 0.0366972 0.0630372
0 0.12844 0.438395 0.0244648 0.0630372
0 0.207951 0.366762 0.030581 0.0573066
