0 0.130814 0.879747 0.029070 0.050633
0 0.133721 0.161392 0.029070 0.063291
0 0.430233 0.393987 0.040698 0.022152
0 0.449128 0.025316 0.014535 0.012658
0 0.186047 0.264241 0.011628 0.015823
0 0.643895 0.387658 0.008721 0.022152
0 0.816860 0.599684 0.011628 0.015823
0 0.120640 0.268987 0.084302 0.056962
0 0.215116 0.485759 0.011628 0.015823
0 0.094477 0.113924 0.049419 0.025316
0 0.078488 0.023734 0.011628 0.015823
0 0.835756 0.537975 0.008721 0.018987
0 0.667151 0.572785 0.043605 0.037975
0 0.610465 0.306962 0.011628 0.037975
0 0.194767 0.356013 0.011628 0.022152
0 0.675872 0.344937 0.037791 0.044304
0 0.405523 0.542722 0.061047 0.053797
0 0.331395 0.678797 0.040698 0.085443
0 0.588663 0.224684 0.095930 0.050633
0 0.299419 0.818038 0.011628 0.015823
0 0.261628 0.784810 0.075581 0.044304
0 0.755814 0.920886 0.023256 0.063291
0 0.074128 0.379747 0.008721 0.018987
0 0.718023 0.856013 0.087209 0.053797
0 0.892442 0.387658 0.058140 0.079114
0 0.549419 0.795886 0.017442 0.009494
0 0.940407 0.352848 0.014535 0.041139
0 0.633721 0.783228 0.023256 0.041139
0 0.498547 0.681962 0.008721 0.022152
0 0.925872 0.324367 0.008721 0.022152
0 0.607558 0.072785 0.046512 0.069620
0 0.896802 0.485759 0.078488 0.060127
0 0.856105 0.325949 0.037791 0.012658
0 0.642442 0.727848 0.081395 0.050633
0 0.739826 0.060127 0.014535 0.012658
0 0.678779 0.439873 0.008721 0.018987
0 0.754360 0.693038 0.008721 0.018987
0 0.046512 0.412975 0.005814 0.028481
0 0.549419 0.061709 0.058140 0.034810
0 0.119186 0.977848 0.011628 0.025316
0 0.712209 0.794304 0.058140 0.056962
0 0.565407 0.691456 0.008721 0.022152
0 0.011628 0.830696 0.011628 0.022152
