0 0.443548 0.517182 0.061290 0.092784
0 0.906452 0.087629 0.006452 0.030928
0 0.935484 0.678694 0.116129 0.051546
0 0.051613 0.101375 0.077419 0.051546
0 0.880645 0.608247 0.038710 0.082474
0 0.674194 0.027491 0.012903 0.020619
0 0.420968 0.872852 0.061290 0.054983
0 0.770968 0.168385 0.103226 0.054983
0 0.209677 0.742268 0.090323 0.061856
0 0.956452 0.618557 0.009677 0.027491
0 0.906452 0.534364 0.051613 0.058419
0 0.930645 0.591065 0.035484 0.027491
0 0.233871 0.268041 0.074194 0.075601
0 0.488710 0.797251 0.074194 0.075601
0 0.927419 0.240550 0.029032 0.034364
0 0.661290 0.790378 0.096774 0.054983
0 0.864516 0.268041 0.077419 0.075601
0 0.300000 0.541237 0.012903 0.024055
0 0.143548 0.462199 0.035484 0.044674
0 0.735484 0.240550 0.070968 0.082474
0 0.514516 0.431271 0.054839 0.030928
0 0.817742 0.350515 0.016129 0.013746
0 0.682258 0.323024 0.067742 0.068729
0 0.674194 0.494845 0.103226 0.054983
0 0.409677 0.429553 0.077419 0.075601
0 0.106452 0.584192 0.058065 0.103093
0 0.519355 0.479381 0.012903 0.051546
0 0.506452 0.745704 0.012903 0.020619
0 0.040323 0.881443 0.048387 0.072165
0 0.370968 0.807560 0.038710 0.068729
0 0.869355 0.701031 0.009677 0.020619
0 0.137097 0.798969 0.048387 0.051546
0 0.674194 0.434708 0.096774 0.058419
0 0.679032 0.369416 0.087097 0.065292
0 0.746774 0.957045 0.087097 0.065292
0 0.029032 0.048110 0.058065 0.096220
0 0.653226 0.182131 0.009677 0.020619
0 0.756452 0.529210 0.009677 0.020619
0 0.498387 0.604811 0.074194 0.068729
0 0.250000 0.541237 0.035484 0.024055
0 0.735484 0.874570 0.070968 0.079038
0 0.362903 0.737113 0.087097 0.065292
0 0.048387 0.494845 0.090323 0.061856
0 0.311290 0.902062 0.029032 0.065292
0 0.929032 0.115120 0.012903 0.024055
0 0.367742 0.493127 0.038710 0.024055
0 0.635484 0.706186 0.045161 0.085911
0 0.450000 0.176976 0.048387 0.120275
0 0.358065 0.410653 0.019355 0.030928
