0 0.406977 0.953074 0.056478 0.061489
0 0.787375 0.781553 0.086379 0.061489
0 0.031561 0.116505 0.056478 0.058252
0 0.769103 0.276699 0.036545 0.029126
0 0.274086 0.205502 0.009967 0.035599
0 0.267442 0.610032 0.083056 0.067961
0 0.300664 0.254045 0.023256 0.055016
0 0.599668 0.540453 0.109635 0.051780
0 0.760797 0.053398 0.106312 0.055016
0 0.328904 0.626214 0.013289 0.029126
0 0.534884 0.254045 0.019934 0.048544
0 0.941860 0.140777 0.083056 0.067961
0 0.481728 0.548544 0.053156 0.035599
0 0.084718 0.475728 0.009967 0.019417
0 0.832226 0.281553 0.009967 0.019417
0 0.257475 0.517799 0.009967 0.019417
0 0.400332 0.347896 0.069767 0.080906
0 0.069767 0.713592 0.079734 0.067961
0 0.669435 0.380259 0.029900 0.035599
0 0.073090 0.058252 0.112957 0.051780
0 0.960133 0.642395 0.053156 0.048544
0 0.870432 0.551780 0.013289 0.016181
0 0.083056 0.019417 0.019934 0.019417
0 0.616279 0.639159 0.029900 0.061489
0 0.702658 0.888350 0.016611 0.016181
0 0.717608 0.289644 0.013289 0.016181
0 0.302326 0.500000 0.073090 0.080906
0 0.353821 0.101942 0.029900 0.022654
0 0.666113 0.058252 0.069767 0.058252
0 0.855482 0.532362 0.009967 0.022654
0 0.347176 0.336570 0.029900 0.032362
0 0.888704 0.077670 0.109635 0.051780
0 0.495017 0.752427 0.053156 0.055016
0 0.368771 0.922330 0.013289 0.038835
0 0.860465 0.132686 0.026578 0.038835
0 0.870432 0.407767 0.112957 0.051780
0 0.235880 0.477346 0.053156 0.106796
0 0.176080 0.398058 0.059801 0.058252
0 0.760797 0.894822 0.086379 0.061489
0 0.488372 0.506472 0.013289 0.016181
0 0.818937 0.101942 0.043189 0.055016
