0 0.461667 0.826667 0.010000 0.026667
0 0.776667 0.155000 0.073333 0.076667
0 0.818333 0.873333 0.010000 0.020000
0 0.188333 0.406667 0.050000 0.073333
0 0.340000 0.658333 0.033333 0.123333
0 0.671667 0.166667 0.076667 0.066667
0 0.245000 0.675000 0.023333 0.010000
0 0.650000 0.738333 0.026667 0.083333
0 0.265000 0.300000 0.036667 0.080000
0 0.256667 0.858333 0.013333 0.016667
0 0.155000 0.270000 0.023333 0.026667
0 0.046667 0.550000 0.046667 0.073333
0 0.810000 0.925000 0.013333 0.016667
0 0.786667 0.513333 0.033333 0.033333
0 0.240000 0.630000 0.080000 0.073333
0 0.903333 0.306667 0.020000 0.033333
0 0.523333 0.718333 0.046667 0.123333
0 0.415000 0.256667 0.010000 0.020000
0 0.121667 0.938333 0.010000 0.023333
0 0.083333 0.120000 0.106667 0.053333
0 0.390000 0.511667 0.013333 0.016667
0 0.045000 0.290000 0.010000 0.026667
0 0.808333 0.586667 0.043333 0.073333
0 0.046667 0.258333 0.020000 0.023333
0 0.110000 0.251667 0.100000 0.056667
0 0.065000 0.706667 0.036667 0.033333
0 0.188333 0.130000 0.010000 0.026667
0 0.316667 0.800000 0.073333 0.073333
0 0.076667 0.038333 0.100000 0.056667
0 0.048333 0.211667 0.016667 0.030000
0 0.011667 0.508333 0.016667 0.016667
0 0.498333 0.546667 0.050000 0.080000
0 0.385000 0.905000 0.063333 0.083333
0 0.245000 0.136667 0.010000 0.020000
0 0.395000 0.201667 0.050000 0.083333
0 0.125000 0.626667 0.016667 0.046667
0 0.756667 0.543333 0.053333 0.033333
0 0.070000 0.830000 0.040000 0.060000
0 0.886667 0.980000 0.026667 0.033333
0 0.718333 0.430000 0.083333 0.073333
0 0.555000 0.381667 0.030000 0.023333
0 0.021667 0.026667 0.043333 0.046667
0 0.970000 0.283333 0.033333 0.053333
0 0.741667 0.035000 0.043333 0.056667
