0 0.843548 0.927835 0.009677 0.020619
0 0.330645 0.908935 0.009677 0.024055
0 0.414516 0.233677 0.029032 0.041237
0 0.651613 0.216495 0.083871 0.068729
0 0.109677 0.470790 0.038710 0.034364
0 0.433871 0.417526 0.009677 0.030928
0 0.308065 0.845361 0.029032 0.089347
0 0.977419 0.929553 0.012903 0.017182
0 0.035484 0.589347 0.070968 0.079038
0 0.314516 0.048110 0.009677 0.020619
0 0.133871 0.152921 0.009677 0.030928
0 0.348387 0.554983 0.064516 0.037801
0 0.417742 0.625430 0.016129 0.061856
0 0.703226 0.670103 0.083871 0.068729
0 0.961290 0.046392 0.064516 0.092784
0 0.270968 0.487973 0.096774 0.061856
0 0.188710 0.410653 0.061290 0.092784
0 0.888710 0.060137 0.035484 0.024055
0 0.917742 0.024055 0.016129 0.048110
0 0.901613 0.010309 0.009677 0.020619
0 0.195161 0.754296 0.093548 0.058419
0 0.500000 0.422680 0.032258 0.048110
0 0.103226 0.104811 0.012903 0.037801
0 0.169355 0.503436 0.100000 0.058419
0 0.538710 0.202749 0.051613 0.103093
0 0.798387 0.128866 0.041935 0.106529
0 0.632258 0.661512 0.051613 0.024055
0 0.740323 0.472509 0.029032 0.030928
0 0.822581 0.871134 0.090323 0.065292
0 0.840323 0.515464 0.100000 0.054983
0 0.574194 0.769759 0.051613 0.068729
0 0.150000 0.353952 0.016129 0.013746
0 0.822581 0.455326 0.096774 0.058419
0 0.609677 0.835052 0.025806 0.034364
0 0.283871 0.871134 0.012903 0.017182
0 0.504839 0.766323 0.080645 0.068729
0 0.391935 0.151203 0.041935 0.116838
0 0.569355 0.773196 0.041935 0.130584
0 0.904839 0.159794 0.061290 0.072165
0 0.835484 0.073883 0.012903 0.017182
0 0.364516 0.474227 0.019355 0.041237
