0 0.186411 0.542403 0.024390 0.024735
0 0.235192 0.180212 0.017422 0.014134
0 0.827526 0.505300 0.087108 0.070671
0 0.062718 0.429329 0.090592 0.074205
0 0.433798 0.920495 0.045296 0.081272
0 0.452962 0.332155 0.111498 0.056537
0 0.712544 0.549470 0.052265 0.067138
0 0.336237 0.505300 0.010453 0.021201
0 0.327526 0.957597 0.041812 0.035336
0 0.214286 0.802120 0.052265 0.120141
0 0.569686 0.922261 0.059233 0.113074
0 0.435540 0.796820 0.104530 0.060071
0 0.259582 0.077739 0.066202 0.084806
0 0.564460 0.588339 0.013937 0.017668
0 0.928571 0.524735 0.024390 0.038869
0 0.358885 0.823322 0.020906 0.056537
0 0.921603 0.376325 0.031359 0.010601
0 0.909408 0.871025 0.041812 0.067138
0 0.146341 0.369258 0.062718 0.074205
0 0.914634 0.761484 0.017422 0.024735
0 0.418118 0.273852 0.027875 0.024735
0 0.172474 0.012367 0.024390 0.017668
0 0.628920 0.770318 0.010453 0.021201
0 0.968641 0.340989 0.062718 0.031802
0 0.991289 0.125442 0.017422 0.017668
0 0.134146 0.210247 0.031359 0.095406
0 0.630662 0.393993 0.090592 0.074205
0 0.881533 0.482332 0.013937 0.017668
