0 0.656156 0.563725 0.003003 0.009804
0 0.654655 0.683007 0.054054 0.032680
0 0.741742 0.439542 0.012012 0.022876
0 0.310811 0.975490 0.051051 0.049020
0 0.693694 0.761438 0.024024 0.026144
0 0.812312 0.266340 0.009009 0.022876
0 0.858859 0.202614 0.090090 0.052288
0 0.722222 0.392157 0.075075 0.065359
0 0.388889 0.127451 0.033033 0.058824
0 0.783784 0.364379 0.012012 0.016340
0 0.381381 0.517974 0.006006 0.009804
0 0.100601 0.598039 0.021021 0.026144
0 0.357357 0.815359 0.030030 0.055556
0 0.409910 0.299020 0.003003 0.009804
0 0.678679 0.343137 0.012012 0.026144
0 0.262763 0.854575 0.045045 0.042484
0 0.761261 0.080065 0.045045 0.049020
0 0.578078 0.527778 0.033033 0.055556
0 0.202703 0.794118 0.033033 0.052288
0 0.764264 0.217320 0.087087 0.055556
0 0.966967 0.529412 0.036036 0.032680
0 0.770270 0.179739 0.039039 0.013072
0 0.686186 0.173203 0.045045 0.045752
0 0.551051 0.486928 0.015015 0.026144
0 0.872372 0.473856 0.003003 0.006536
0 0.621622 0.364379 0.096096 0.049020
0 0.873874 0.428105 0.030030 0.078431
0 0.965465 0.575163 0.027027 0.032680
