0 0.914716 0.725753 0.030100 0.080268
0 0.929766 0.638796 0.080268 0.073579
0 0.474916 0.123746 0.013378 0.020067
0 0.150502 0.108696 0.026756 0.036789
0 0.976589 0.809365 0.033445 0.013378
0 0.180602 0.521739 0.180602 0.033445
0 0.712375 0.501672 0.026756 0.033445
0 0.941472 0.267559 0.010033 0.020067
0 0.894649 0.147157 0.010033 0.026756
0 0.105351 0.740803 0.043478 0.023411
0 0.931438 0.951505 0.083612 0.063545
0 0.088629 0.483278 0.023411 0.036789
0 0.752508 0.652174 0.100334 0.060201
0 0.953177 0.367893 0.060201 0.093645
0 0.295987 0.623746 0.016722 0.036789
0 0.394649 0.491639 0.046823 0.127090
0 0.852843 0.361204 0.046823 0.053512
0 0.794314 0.553512 0.010033 0.023411
0 0.747492 0.269231 0.103679 0.056856
0 0.700669 0.413043 0.016722 0.023411
0 0.401338 0.784281 0.086957 0.070234
0 0.568562 0.506689 0.073579 0.083612
0 0.469900 0.565217 0.030100 0.020067
0 0.734114 0.596990 0.063545 0.043478
0 0.115385 0.844482 0.103679 0.056856
0 0.775920 0.799331 0.107023 0.053512
0 0.663880 0.354515 0.096990 0.060201
0 0.596990 0.658863 0.030100 0.026756
0 0.590301 0.841137 0.023411 0.023411
0 0.369565 0.724080 0.016722 0.036789
0 0.148829 0.058528 0.103679 0.056856
0 0.262542 0.944816 0.117057 0.050167
0 0.749164 0.931438 0.033445 0.090301
0 0.459866 0.354515 0.016722 0.033445
0 0.053512 0.782609 0.093645 0.060201
0 0.451505 0.294314 0.080268 0.073579
0 0.085284 0.704013 0.050167 0.036789
0 0.806020 0.764214 0.020067 0.010033
0 0.117057 0.311037 0.013378 0.020067
0 0.255853 0.416388 0.030100 0.023411
0 0.312709 0.642140 0.010033 0.020067
0 0.792642 0.326087 0.006689 0.030100
0 0.377926 0.678930 0.020067 0.026756
0 0.617057 0.802676 0.016722 0.013378
