0 0.844000 0.309585 0.066667 0.054404
0 0.792000 0.546632 0.016000 0.025907
0 0.066667 0.312176 0.080000 0.044041
0 0.774667 0.544041 0.013333 0.010363
0 0.072000 0.685233 0.069333 0.054404
0 0.465333 0.215026 0.066667 0.051813
0 0.101333 0.431347 0.016000 0.018135
0 0.017333 0.282383 0.018667 0.010363
0 0.785333 0.051813 0.082667 0.041451
0 0.570667 0.603627 0.021333 0.031088
0 0.869333 0.968912 0.042667 0.041451
0 0.216000 0.849741 0.016000 0.031088
0 0.662667 0.720207 0.008000 0.015544
0 0.698667 0.028497 0.069333 0.051813
0 0.697333 0.448187 0.061333 0.056995
0 0.366667 0.878238 0.008000 0.015544
0 0.324000 0.325130 0.066667 0.038860
0 0.676000 0.321244 0.061333 0.056995
0 0.480000 0.702073 0.026667 0.010363
0 0.892000 0.362694 0.008000 0.015544
0 0.437333 0.362694 0.053333 0.010363
0 0.156000 0.375648 0.050667 0.051813
0 0.594667 0.277202 0.096000 0.036269
0 0.978667 0.945596 0.016000 0.025907
0 0.774667 0.930052 0.066667 0.046632
0 0.181333 0.086788 0.010667 0.012953
0 0.762667 0.396373 0.064000 0.015544
0 0.914667 0.740933 0.010667 0.015544
0 0.382667 0.168394 0.072000 0.051813
0 0.486667 0.510363 0.082667 0.036269
0 0.633333 0.032383 0.056000 0.064767
