0 0.154412 0.620690 0.009804 0.014778
0 0.348039 0.881773 0.009804 0.014778
0 0.328431 0.421182 0.053922 0.054187
0 0.689951 0.396552 0.051471 0.059113
0 0.741422 0.516010 0.031863 0.051724
0 0.129902 0.732759 0.009804 0.027094
0 0.582108 0.896552 0.031863 0.049261
0 0.029412 0.416256 0.019608 0.024631
0 0.953431 0.384236 0.053922 0.054187
0 0.778186 0.758621 0.007353 0.014778
0 0.091912 0.763547 0.022059 0.004926
0 0.968137 0.488916 0.039216 0.061576
0 0.808824 0.732759 0.049020 0.061576
0 0.062500 0.890394 0.056373 0.041872
0 0.517157 0.093596 0.053922 0.054187
0 0.922794 0.334975 0.022059 0.024631
0 0.846814 0.327586 0.056373 0.054187
0 0.460784 0.387931 0.004902 0.022167
0 0.868873 0.805419 0.007353 0.014778
0 0.278186 0.891626 0.056373 0.054187
0 0.785539 0.315271 0.031863 0.034483
0 0.362745 0.278325 0.029412 0.029557
0 0.102941 0.697044 0.078431 0.039409
0 0.122549 0.934729 0.009804 0.022167
0 0.079657 0.064039 0.031863 0.049261
0 0.213235 0.408867 0.073529 0.044335
0 0.828431 0.054187 0.019608 0.059113
0 0.562500 0.320197 0.012255 0.009852
0 0.729167 0.975369 0.022059 0.024631
0 0.050245 0.958128 0.007353 0.014778
0 0.435049 0.168719 0.007353 0.017241
0 0.286765 0.795567 0.014706 0.014778
0 0.750000 0.741379 0.019608 0.034483
0 0.810049 0.926108 0.007353 0.014778
