0 0.828125 0.429167 0.018750 0.025000
0 0.089063 0.502778 0.003125 0.005556
0 0.734375 0.669444 0.006250 0.005556
0 0.309375 0.888889 0.021875 0.044444
0 0.210156 0.558333 0.035937 0.044444
0 0.282813 0.230556 0.012500 0.038889
0 0.545312 0.790278 0.046875 0.036111
0 0.589063 0.706944 0.009375 0.013889
0 0.370312 0.913889 0.006250 0.005556
0 0.356250 0.455556 0.025000 0.050000
0 0.819531 0.158333 0.023438 0.083333
0 0.272656 0.340278 0.014063 0.025000
0 0.991406 0.215278 0.007812 0.030556
0 0.047656 0.625000 0.023438 0.027778
0 0.939844 0.056944 0.042188 0.030556
0 0.648438 0.969444 0.025000 0.044444
0 0.533594 0.273611 0.014063 0.052778
0 0.982812 0.627778 0.021875 0.016667
0 0.702344 0.251389 0.035937 0.052778
0 0.547656 0.947222 0.017188 0.011111
0 0.156250 0.097222 0.053125 0.038889
0 0.901563 0.983333 0.006250 0.016667
0 0.552344 0.308333 0.004687 0.022222
0 0.478125 0.538889 0.003125 0.016667
0 0.072656 0.861111 0.004687 0.011111
0 0.235937 0.334722 0.012500 0.047222
0 0.407031 0.661111 0.020313 0.050000
0 0.587500 0.205556 0.012500 0.050000
0 0.025781 0.266667 0.020313 0.022222
0 0.343750 0.398611 0.037500 0.058333
0 0.361719 0.886111 0.010937 0.027778
