0 0.875781 0.258333 0.042188 0.055556
0 0.710938 0.302778 0.009375 0.022222
0 0.193750 0.091667 0.034375 0.066667
0 0.298438 0.650000 0.009375 0.027778
0 0.196094 0.854167 0.026562 0.058333
0 0.532813 0.100000 0.018750 0.044444
0 0.758594 0.761111 0.004687 0.016667
0 0.007031 0.758333 0.004687 0.022222
0 0.900781 0.341667 0.004687 0.016667
0 0.275000 0.336111 0.053125 0.044444
0 0.313281 0.905556 0.026562 0.033333
0 0.929688 0.701389 0.009375 0.019444
0 0.635156 0.227778 0.042188 0.055556
0 0.217969 0.033333 0.054688 0.038889
0 0.603906 0.398611 0.023438 0.019444
0 0.980469 0.437500 0.035937 0.063889
0 0.057031 0.308333 0.032813 0.066667
0 0.530469 0.225000 0.010937 0.044444
0 0.838281 0.205556 0.048438 0.044444
0 0.161719 0.527778 0.014063 0.027778
0 0.658594 0.423611 0.032813 0.041667
0 0.307031 0.269444 0.004687 0.016667
0 0.671094 0.051389 0.010937 0.036111
0 0.586719 0.747222 0.004687 0.022222
0 0.543750 0.372222 0.043750 0.050000
0 0.603906 0.913889 0.039062 0.061111
0 0.541406 0.747222 0.007812 0.027778
0 0.396875 0.493056 0.046875 0.041667
0 0.512500 0.515278 0.009375 0.008333
0 0.767188 0.361111 0.040625 0.033333
0 0.803906 0.730556 0.026562 0.083333
0 0.977344 0.970833 0.045312 0.047222
0 0.369531 0.494444 0.004687 0.016667
0 0.186719 0.988889 0.007812 0.011111
