0 0.097668 0.068182 0.078717 0.058442
0 0.539359 0.543831 0.064140 0.061688
0 0.562682 0.954545 0.011662 0.019481
0 0.642857 0.634740 0.102041 0.048701
0 0.655977 0.284091 0.034985 0.042208
0 0.600583 0.227273 0.064140 0.077922
0 0.779883 0.108766 0.020408 0.029221
0 0.911079 0.147727 0.020408 0.042208
0 0.505831 0.735390 0.043732 0.042208
0 0.333819 0.800325 0.049563 0.094156
0 0.549563 0.592532 0.072886 0.068182
0 0.505831 0.350649 0.067055 0.064935
0 0.476676 0.514610 0.055394 0.087662
0 0.303207 0.685065 0.017493 0.019481
0 0.584548 0.029221 0.026239 0.025974
0 0.653061 0.405844 0.046647 0.038961
0 0.488338 0.141234 0.014577 0.016234
0 0.672012 0.194805 0.014577 0.012987
0 0.919825 0.806818 0.102041 0.048701
0 0.206997 0.030844 0.040816 0.048701
0 0.282799 0.784091 0.040816 0.048701
0 0.421283 0.512987 0.043732 0.032468
0 0.099125 0.235390 0.005831 0.029221
0 0.586006 0.444805 0.075802 0.064935
