0 0.614912 0.397906 0.005263 0.006981
0 0.322807 0.691972 0.003509 0.008726
0 0.658772 0.857766 0.026316 0.047120
0 0.631579 0.487784 0.028070 0.026178
0 0.912281 0.815881 0.003509 0.008726
0 0.680702 0.084642 0.031579 0.036649
0 0.950877 0.434555 0.010526 0.010471
0 0.133333 0.749564 0.017544 0.019197
0 0.356140 0.596859 0.035088 0.027923
0 0.871930 0.935428 0.014035 0.010471
0 0.812281 0.447644 0.007018 0.005236
0 0.110526 0.495637 0.007018 0.010471
0 0.146491 0.095986 0.012281 0.017452
0 0.712281 0.880454 0.028070 0.019197
0 0.056140 0.924084 0.010526 0.022688
0 0.564912 0.299302 0.014035 0.022688
0 0.516667 0.406632 0.050877 0.031414
0 0.604386 0.212914 0.008772 0.006981
0 0.156140 0.820244 0.007018 0.006981
0 0.590351 0.226876 0.005263 0.006981
0 0.962281 0.589878 0.015789 0.010471
0 0.346491 0.562827 0.040351 0.033159
0 0.861404 0.863002 0.003509 0.008726
0 0.786842 0.241710 0.005263 0.008726
0 0.030702 0.192845 0.022807 0.026178
0 0.571053 0.378709 0.012281 0.006981
0 0.242982 0.189354 0.047368 0.026178
0 0.108772 0.374346 0.045614 0.026178
