0 0.564220 0.137441 0.018349 0.014218
0 0.052752 0.577014 0.009174 0.016588
0 0.942661 0.770142 0.013761 0.023697
0 0.113532 0.655213 0.038991 0.068720
0 0.270642 0.581754 0.077982 0.035545
0 0.545872 0.168246 0.045872 0.028436
0 0.332569 0.063981 0.009174 0.014218
0 0.631881 0.485782 0.057339 0.037915
0 0.897936 0.958531 0.016055 0.030806
0 0.252294 0.510664 0.009174 0.011848
0 0.810780 0.817536 0.006881 0.014218
0 0.877294 0.927725 0.011468 0.016588
0 0.441514 0.718009 0.025229 0.033175
0 0.175459 0.558057 0.011468 0.030806
0 0.441514 0.428910 0.025229 0.085308
0 0.227064 0.087678 0.050459 0.052133
0 0.442661 0.302133 0.027523 0.049763
0 0.352064 0.902844 0.016055 0.014218
0 0.074541 0.985782 0.006881 0.014218
0 0.418578 0.422986 0.016055 0.026066
0 0.063073 0.901659 0.020642 0.021327
0 0.797018 0.568720 0.052752 0.042654
0 0.947248 0.626777 0.009174 0.011848
0 0.614679 0.072275 0.004587 0.021327
0 0.471330 0.210900 0.029817 0.075829
0 0.682339 0.261848 0.029817 0.082938
0 0.347477 0.617299 0.020642 0.016588
0 0.881881 0.183649 0.006881 0.016588
0 0.089450 0.575829 0.022936 0.014218
0 0.266055 0.393365 0.059633 0.018957
0 0.277523 0.930095 0.009174 0.011848
0 0.580275 0.545024 0.009174 0.028436
0 0.854358 0.843602 0.011468 0.009479
0 0.332569 0.367299 0.068807 0.033175
0 0.034404 0.872038 0.032110 0.018957
