0 0.126603 0.111554 0.016026 0.015936
0 0.487179 0.121514 0.083333 0.075697
0 0.799679 0.394422 0.086538 0.023904
0 0.479167 0.701195 0.028846 0.007968
0 0.887821 0.553785 0.032051 0.127490
0 0.799679 0.613546 0.035256 0.079681
0 0.035256 0.537849 0.070513 0.087649
0 0.650641 0.956175 0.025641 0.023904
0 0.408654 0.408367 0.080128 0.059761
0 0.556090 0.077689 0.022436 0.051793
0 0.708333 0.772908 0.038462 0.063745
0 0.549679 0.517928 0.022436 0.087649
0 0.501603 0.089641 0.073718 0.091633
0 0.689103 0.282869 0.019231 0.047809
0 0.701923 0.071713 0.038462 0.007968
0 0.913462 0.193227 0.096154 0.067729
0 0.250000 0.051793 0.038462 0.015936
0 0.110577 0.872510 0.060897 0.047809
0 0.200321 0.848606 0.016026 0.039841
0 0.695513 0.966135 0.019231 0.051793
0 0.876603 0.673307 0.028846 0.047809
0 0.971154 0.764940 0.038462 0.111554
0 0.427885 0.669323 0.016026 0.015936
0 0.690705 0.380478 0.092949 0.067729
0 0.216346 0.320717 0.060897 0.107570
0 0.235577 0.912351 0.086538 0.079681
0 0.495192 0.452191 0.080128 0.083665
0 0.689103 0.912351 0.070513 0.047809
0 0.149038 0.167331 0.080128 0.079681
0 0.737179 0.643426 0.032051 0.043825
0 0.769231 0.073705 0.051282 0.059761
0 0.078526 0.448207 0.080128 0.083665
0 0.637821 0.772908 0.025641 0.023904
0 0.516026 0.213147 0.044872 0.091633
0 0.394231 0.754980 0.134615 0.035857
0 0.637821 0.543825 0.083333 0.083665
0 0.677885 0.760956 0.016026 0.015936
0 0.269231 0.776892 0.089744 0.071713
0 0.258013 0.169323 0.073718 0.091633
