0 0.503425 0.694257 0.047945 0.084459
0 0.395548 0.173986 0.119863 0.050676
0 0.217466 0.912162 0.010274 0.020270
0 0.955479 0.160473 0.034247 0.057432
0 0.044521 0.417230 0.020548 0.057432
0 0.873288 0.569257 0.013699 0.016892
0 0.611301 0.557432 0.071918 0.087838
0 0.905822 0.949324 0.030822 0.060811
0 0.845890 0.412162 0.027397 0.054054
0 0.792808 0.770270 0.092466 0.060811
0 0.866438 0.329392 0.054795 0.023649
0 0.054795 0.079392 0.047945 0.023649
0 0.409247 0.868243 0.017123 0.013514
0 0.547945 0.533784 0.047945 0.033784
0 0.386986 0.474662 0.089041 0.064189
0 0.023973 0.520270 0.020548 0.013514
0 0.503425 0.957770 0.041096 0.050676
0 0.888699 0.103041 0.078767 0.077703
0 0.825342 0.221284 0.020548 0.037162
0 0.313356 0.331081 0.058219 0.101351
0 0.121575 0.628378 0.030822 0.074324
0 0.255137 0.297297 0.030822 0.054054
0 0.073630 0.878378 0.030822 0.020270
0 0.236301 0.020270 0.020548 0.040541
0 0.063356 0.814189 0.085616 0.074324
0 0.275685 0.961149 0.010274 0.023649
0 0.660959 0.962838 0.082192 0.074324
0 0.549658 0.207770 0.010274 0.023649
0 0.063356 0.567568 0.078767 0.074324
0 0.111301 0.251689 0.085616 0.070946
0 0.431507 0.741554 0.082192 0.057432
0 0.494863 0.918919 0.010274 0.020270
0 0.443493 0.030405 0.113014 0.054054
0 0.071918 0.726351 0.068493 0.087838
0 0.491438 0.530405 0.017123 0.013514
0 0.044521 0.246622 0.041096 0.033784
0 0.205479 0.427365 0.013699 0.030405
0 0.397260 0.246622 0.109589 0.054054
0 0.424658 0.663851 0.068493 0.091216
0 0.018836 0.952703 0.017123 0.040541
