0 0.988599 0.849057 0.009772 0.018868
0 0.819218 0.592767 0.087948 0.059748
0 0.008143 0.515723 0.016287 0.006289
0 0.561889 0.786164 0.048860 0.100629
0 0.947883 0.061321 0.039088 0.053459
0 0.475570 0.424528 0.019544 0.012579
0 0.773616 0.133648 0.016287 0.015723
0 0.470684 0.050314 0.009772 0.037736
0 0.074919 0.309748 0.045603 0.034591
0 0.982085 0.816038 0.029316 0.028302
0 0.964169 0.861635 0.032573 0.018868
0 0.605863 0.591195 0.026059 0.044025
0 0.881107 0.183962 0.074919 0.066038
0 0.602606 0.272013 0.006515 0.015723
0 0.081433 0.358491 0.058632 0.056604
0 0.799674 0.301887 0.055375 0.081761
0 0.315961 0.926101 0.026059 0.009434
0 0.154723 0.765723 0.009772 0.009434
0 0.543974 0.869497 0.130293 0.040881
0 0.263844 0.599057 0.019544 0.022013
0 0.944625 0.253145 0.052117 0.047170
0 0.576547 0.253145 0.039088 0.066038
0 0.648208 0.845912 0.058632 0.069182
0 0.679153 0.378931 0.016287 0.009434
0 0.273616 0.921384 0.045603 0.050314
0 0.053746 0.621069 0.016287 0.040881
0 0.558632 0.584906 0.029316 0.012579
0 0.416938 0.334906 0.071661 0.053459
0 0.615635 0.144654 0.045603 0.025157
