0 0.309829 0.688312 0.068376 0.030303
0 0.755342 0.558442 0.027778 0.056277
0 0.914530 0.055195 0.025641 0.023810
0 0.159188 0.961039 0.010684 0.021645
0 0.790598 0.237013 0.042735 0.054113
0 0.291667 0.945887 0.014957 0.030303
0 0.061966 0.784632 0.059829 0.041126
0 0.556624 0.064935 0.019231 0.017316
0 0.448718 0.823593 0.004274 0.019481
0 0.951923 0.350649 0.023504 0.034632
0 0.341880 0.141775 0.008547 0.010823
0 0.539530 0.935065 0.006410 0.017316
0 0.137821 0.589827 0.023504 0.041126
0 0.649573 0.025974 0.051282 0.047619
0 0.356838 0.970779 0.059829 0.015152
0 0.513889 0.204545 0.006410 0.015152
0 0.472222 0.283550 0.008547 0.012987
0 0.811966 0.990260 0.008547 0.010823
0 0.293803 0.291126 0.019231 0.006494
0 0.489316 0.678571 0.034188 0.054113
0 0.663462 0.222944 0.049145 0.043290
0 0.636752 0.716450 0.051282 0.047619
0 0.154915 0.796537 0.044872 0.056277
0 0.650641 0.543290 0.040598 0.060606
0 0.975427 0.602814 0.019231 0.032468
0 0.337607 0.570346 0.008547 0.010823
0 0.747863 0.832251 0.008547 0.010823
0 0.261752 0.703463 0.006410 0.012987
0 0.584402 0.932900 0.010684 0.012987
0 0.352564 0.449134 0.042735 0.019481
0 0.350427 0.800866 0.072650 0.034632
0 0.702991 0.143939 0.008547 0.010823
0 0.290598 0.606061 0.017094 0.038961
0 0.916667 0.892857 0.025641 0.032468
0 0.852564 0.291126 0.004274 0.019481
0 0.139957 0.162338 0.053419 0.030303
0 0.198718 0.628788 0.008547 0.010823
0 0.620726 0.799784 0.006410 0.015152
0 0.488248 0.564935 0.083333 0.030303
0 0.793803 0.845238 0.027778 0.058442
0 0.473291 0.594156 0.014957 0.023810
0 0.907051 0.413420 0.044872 0.017316
0 0.806624 0.594156 0.040598 0.049784
0 0.182692 0.472944 0.010684 0.041126
0 0.592949 0.461039 0.023504 0.012987
0 0.210470 0.602814 0.019231 0.019481
0 0.717949 0.884199 0.051282 0.045455
0 0.959402 0.940476 0.034188 0.036797
0 0.945513 0.264069 0.010684 0.034632
