0 0.788714 0.050000 0.013123 0.011765
0 0.423885 0.511765 0.070866 0.052941
0 0.981627 0.539706 0.026247 0.061765
0 0.334646 0.576471 0.044619 0.082353
0 0.585302 0.883824 0.015748 0.032353
0 0.515748 0.408824 0.018373 0.047059
0 0.371391 0.789706 0.091864 0.044118
0 0.765092 0.725000 0.007874 0.020588
0 0.597113 0.032353 0.086614 0.047059
0 0.742782 0.530882 0.010499 0.014706
0 0.427822 0.772059 0.010499 0.014706
0 0.062992 0.450000 0.036745 0.058824
0 0.152231 0.241176 0.078740 0.052941
0 0.276903 0.507353 0.018373 0.014706
0 0.034121 0.075000 0.052493 0.079412
0 0.102362 0.064706 0.015748 0.041176
0 0.612861 0.117647 0.013123 0.011765
0 0.153543 0.030882 0.028871 0.061765
0 0.250656 0.486765 0.028871 0.044118
0 0.259843 0.722059 0.036745 0.085294
0 0.704724 0.838235 0.060367 0.047059
0 0.213911 0.911765 0.023622 0.023529
0 0.312336 0.938235 0.031496 0.017647
0 0.198163 0.979412 0.018373 0.041176
0 0.959318 0.841176 0.060367 0.064706
0 0.562992 0.697059 0.086614 0.047059
0 0.069554 0.267647 0.039370 0.029412
0 0.206037 0.522059 0.055118 0.032353
0 0.476378 0.979412 0.013123 0.035294
0 0.429134 0.347059 0.023622 0.047059
0 0.204724 0.060294 0.015748 0.020588
0 0.560367 0.920588 0.007874 0.017647
0 0.727034 0.216176 0.010499 0.014706
0 0.497375 0.755882 0.018373 0.052941
0 0.300525 0.100000 0.007874 0.017647
