0 0.657718 0.330769 0.026846 0.015385
0 0.484899 0.246154 0.090604 0.061538
0 0.625839 0.066154 0.057047 0.040000
0 0.795302 0.116923 0.114094 0.049231
0 0.520134 0.689231 0.100671 0.055385
0 0.172819 0.332308 0.070470 0.080000
0 0.115772 0.710769 0.077181 0.067692
0 0.483221 0.047692 0.147651 0.033846
0 0.397651 0.830769 0.010067 0.018462
0 0.734899 0.053846 0.073826 0.070769
0 0.521812 0.941538 0.030201 0.036923
0 0.503356 0.121538 0.060403 0.064615
0 0.917785 0.803077 0.010067 0.018462
0 0.684564 0.333846 0.013423 0.021538
0 0.629195 0.884615 0.070470 0.076923
0 0.835570 0.953846 0.073826 0.073846
0 0.703020 0.852308 0.057047 0.061538
0 0.166107 0.227692 0.030201 0.024615
0 0.895973 0.943077 0.013423 0.033846
0 0.964765 0.750769 0.016779 0.018462
0 0.860738 0.675385 0.063758 0.083077
0 0.796980 0.584615 0.023490 0.018462
0 0.644295 0.035385 0.033557 0.070769
0 0.778523 0.173846 0.013423 0.015385
0 0.983221 0.289231 0.026846 0.024615
0 0.375839 0.772308 0.060403 0.092308
0 0.629195 0.267692 0.036913 0.012308
0 0.632550 0.027692 0.090604 0.055385
0 0.672819 0.466154 0.010067 0.021538
0 0.880872 0.583077 0.016779 0.040000
0 0.657718 0.813846 0.040268 0.009231
0 0.412752 0.653846 0.093960 0.058462
0 0.588926 0.492308 0.110738 0.049231
0 0.115772 0.640000 0.104027 0.049231
0 0.546980 0.840000 0.026846 0.024615
0 0.125839 0.418462 0.057047 0.036923
0 0.550336 0.070769 0.060403 0.092308
0 0.949664 0.507692 0.053691 0.067692
0 0.035235 0.667692 0.070470 0.061538
0 0.226510 0.160000 0.016779 0.012308
0 0.894295 0.144615 0.070470 0.073846
0 0.906040 0.224615 0.040268 0.067692
0 0.194631 0.546154 0.013423 0.015385
0 0.338926 0.655385 0.046980 0.030769
0 0.310403 0.392308 0.117450 0.040000
0 0.553691 0.936923 0.013423 0.015385
0 0.453020 0.515385 0.080537 0.033846
0 0.545302 0.547692 0.023490 0.018462
