0 0.702899 0.366093 0.033816 0.044226
0 0.263285 0.713759 0.014493 0.031941
0 0.798309 0.917690 0.016908 0.007371
0 0.193237 0.442260 0.024155 0.024570
0 0.832126 0.146192 0.021739 0.022113
0 0.717391 0.452088 0.009662 0.019656
0 0.475845 0.588452 0.004831 0.022113
0 0.954106 0.240786 0.014493 0.014742
0 0.388889 0.324324 0.014493 0.044226
0 0.100242 0.047912 0.021739 0.012285
0 0.421498 0.765356 0.031401 0.036855
0 0.417874 0.733415 0.024155 0.022113
0 0.462560 0.340295 0.050725 0.061425
0 0.664251 0.269042 0.019324 0.031941
0 0.565217 0.475430 0.024155 0.046683
0 0.864734 0.460688 0.014493 0.031941
0 0.375604 0.540541 0.026570 0.063882
0 0.880435 0.948403 0.012077 0.009828
0 0.740338 0.033170 0.084541 0.036855
0 0.239130 0.674447 0.043478 0.036855
0 0.764493 0.550369 0.070048 0.044226
0 0.986715 0.979115 0.007246 0.017199
0 0.615942 0.506143 0.028986 0.049140
0 0.111111 0.025799 0.009662 0.012285
0 0.756039 0.517199 0.009662 0.017199
0 0.603865 0.072482 0.077295 0.041769
0 0.689614 0.457002 0.041063 0.078624
0 0.356280 0.878378 0.036232 0.041769
0 0.260870 0.286241 0.067633 0.036855
0 0.451691 0.662162 0.014493 0.022113
