0 0.132743 0.670354 0.026549 0.022124
0 0.236726 0.225664 0.022124 0.017699
0 0.847345 0.641593 0.013274 0.026549
0 0.141593 0.086283 0.212389 0.048673
0 0.413717 0.391593 0.084071 0.101770
0 0.750000 0.081858 0.030973 0.039823
0 0.688053 0.411504 0.128319 0.079646
0 0.134956 0.955752 0.057522 0.061947
0 0.230088 0.896018 0.035398 0.030973
0 0.331858 0.300885 0.026549 0.017699
0 0.497788 0.619469 0.022124 0.053097
0 0.778761 0.250000 0.017699 0.030973
0 0.889381 0.867257 0.017699 0.026549
0 0.586283 0.095133 0.013274 0.030973
0 0.688053 0.818584 0.013274 0.026549
0 0.977876 0.221239 0.035398 0.026549
0 0.595133 0.657080 0.101770 0.066372
0 0.207965 0.568584 0.035398 0.066372
0 0.741150 0.011062 0.030973 0.022124
0 0.712389 0.115044 0.035398 0.044248
0 0.719027 0.654867 0.084071 0.123894
0 0.732301 0.533186 0.101770 0.101770
0 0.042035 0.823009 0.030973 0.044248
0 0.334071 0.865044 0.101770 0.101770
0 0.376106 0.949115 0.035398 0.048673
0 0.743363 0.329646 0.176991 0.057522
0 0.657080 0.785398 0.039823 0.075221
0 0.915929 0.466814 0.168142 0.057522
0 0.495575 0.411504 0.026549 0.070796
0 0.192478 0.942478 0.013274 0.026549
0 0.466814 0.767699 0.199115 0.048673
0 0.283186 0.533186 0.035398 0.022124
0 0.325221 0.413717 0.084071 0.119469
0 0.134956 0.327434 0.075221 0.115044
0 0.988938 0.716814 0.013274 0.026549
0 0.561947 0.681416 0.088496 0.097345
0 0.298673 0.181416 0.013274 0.035398
0 0.106195 0.539823 0.141593 0.053097
