0 0.252266 0.340058 0.039275 0.034582
0 0.738671 0.510086 0.033233 0.046110
0 0.119335 0.546110 0.015106 0.020173
0 0.184290 0.916427 0.048338 0.092219
0 0.756798 0.912104 0.099698 0.043228
0 0.963746 0.953890 0.012085 0.017291
0 0.922961 0.606628 0.021148 0.054755
0 0.330816 0.561960 0.027190 0.040346
0 0.503021 0.682997 0.015106 0.017291
0 0.042296 0.841499 0.024169 0.046110
0 0.447130 0.834294 0.018127 0.025937
0 0.126888 0.680115 0.084592 0.051873
0 0.666163 0.799712 0.009063 0.020173
0 0.288520 0.170029 0.015106 0.011527
0 0.645015 0.063401 0.027190 0.040346
0 0.702417 0.876081 0.009063 0.023055
0 0.779456 0.595101 0.090634 0.048991
0 0.262840 0.262248 0.012085 0.028818
0 0.619335 0.027378 0.018127 0.025937
0 0.382175 0.386167 0.009063 0.017291
0 0.811178 0.325648 0.033233 0.028818
0 0.847432 0.511527 0.015106 0.014409
0 0.078550 0.851585 0.042296 0.020173
0 0.661631 0.827089 0.072508 0.063401
0 0.246224 0.220461 0.105740 0.043228
0 0.222054 0.461095 0.015106 0.040346
0 0.450151 0.410663 0.018127 0.014409
0 0.986405 0.770893 0.027190 0.060519
0 0.252266 0.134006 0.027190 0.020173
0 0.679758 0.367435 0.096677 0.048991
