0 0.765643 0.510758 0.001181 0.002445
0 0.426210 0.158191 0.000787 0.002445
0 0.572412 0.931540 0.001968 0.003912
0 0.687525 0.119560 0.007871 0.006357
0 0.344156 0.402445 0.001181 0.001956
0 0.915191 0.436675 0.010626 0.006846
0 0.282763 0.094377 0.008264 0.008802
0 0.672963 0.786553 0.003935 0.007335
0 0.341991 0.278240 0.012593 0.007824
0 0.726486 0.769438 0.002361 0.001467
0 0.546045 0.365037 0.002755 0.006357
0 0.826250 0.732274 0.005116 0.011247
0 0.540338 0.694866 0.007871 0.010758
0 0.853011 0.784352 0.007477 0.009780
0 0.577725 0.317848 0.011019 0.008802
0 0.881936 0.811736 0.005510 0.003912
0 0.063361 0.877017 0.012593 0.008313
0 0.304014 0.887775 0.001968 0.006357
0 0.878591 0.510513 0.002755 0.006846
0 0.626525 0.094866 0.005510 0.007824
0 0.818379 0.687042 0.001181 0.001956
0 0.160960 0.593643 0.001574 0.002934
0 0.259543 0.487286 0.002755 0.010269
0 0.683983 0.0317848 0.017316 0.0430318
0 0.226092 0.212225 0.0192837 0.0449878
0 0.218221 0.326895 0.0240063 0.0454768
0 0.250492 0.225672 0.0184967 0.0601467
0 0.274498 0.269193 0.0192837 0.0591687
0 0.224518 0.24621 0.0184967 0.0650367
0 0.279811 0.23912 0.017316 0.0469438
0 0.354191 0.276773 0.0212515 0.0635697
0 0.197166 0.331785 0.0267611 0.0444988
0 0.258953 0.283374 0.0196773 0.0630807
