0 0.629291 0.625285 0.009153 0.025057
0 0.137300 0.457859 0.013730 0.031891
0 0.985126 0.753986 0.006865 0.013667
0 0.870709 0.283599 0.016018 0.006834
0 0.284897 0.596811 0.006865 0.013667
0 0.838673 0.444191 0.034325 0.027335
0 0.843249 0.750569 0.016018 0.015945
0 0.378719 0.841686 0.006865 0.020501
0 0.336384 0.945330 0.082380 0.031891
0 0.591533 0.682232 0.006865 0.025057
0 0.895881 0.371298 0.052632 0.045558
0 0.790618 0.930524 0.043478 0.061503
0 0.248284 0.345103 0.029748 0.020501
0 0.538902 0.738041 0.006865 0.013667
0 0.250572 0.952164 0.006865 0.018223
0 0.108696 0.595672 0.016018 0.015945
0 0.470252 0.280182 0.006865 0.013667
0 0.859268 0.497722 0.011442 0.020501
0 0.789474 0.878132 0.050343 0.038724
0 0.786041 0.102506 0.006865 0.013667
0 0.045767 0.026196 0.041190 0.029613
0 0.120137 0.472665 0.016018 0.025057
0 0.425629 0.838269 0.082380 0.031891
0 0.922197 0.417995 0.022883 0.006834
0 0.106407 0.126424 0.025172 0.034169
0 0.760870 0.232346 0.075515 0.036446
0 0.551487 0.966970 0.004577 0.020501
0 0.256293 0.479499 0.059497 0.047836
0 0.498856 0.133257 0.018307 0.020501
0 0.036613 0.273349 0.045767 0.059226
0 0.673913 0.633257 0.006865 0.018223
0 0.195652 0.797267 0.006865 0.013667
0 0.267735 0.145786 0.068650 0.041002
0 0.201373 0.966970 0.022883 0.043280
0 0.272311 0.051253 0.009153 0.011390
0 0.143021 0.373576 0.011442 0.018223
