0 0.921053 0.614925 0.010526 0.029851
0 0.860526 0.314925 0.010526 0.032836
0 0.156579 0.091045 0.028947 0.044776
0 0.435526 0.116418 0.044737 0.089552
0 0.276316 0.388060 0.042105 0.083582
0 0.671053 0.211940 0.047368 0.083582
0 0.842105 0.908955 0.005263 0.026866
0 0.922368 0.889552 0.081579 0.047761
0 0.672368 0.852239 0.028947 0.056716
0 0.777632 0.914925 0.065789 0.032836
0 0.634211 0.485075 0.010526 0.014925
0 0.269737 0.638806 0.034211 0.041791
0 0.915789 0.804478 0.010526 0.020896
0 0.921053 0.464179 0.031579 0.074627
0 0.538158 0.507463 0.007895 0.017910
0 0.377632 0.489552 0.007895 0.029851
0 0.925000 0.273134 0.065789 0.062687
0 0.980263 0.534328 0.023684 0.053731
0 0.818421 0.729851 0.036842 0.086567
0 0.560526 0.717910 0.073684 0.050746
0 0.894737 0.155224 0.015789 0.035821
0 0.493421 0.677612 0.013158 0.011940
0 0.613158 0.279104 0.036842 0.038806
0 0.702632 0.458209 0.057895 0.068657
0 0.192105 0.101493 0.026316 0.041791
0 0.436842 0.835821 0.063158 0.065672
0 0.089474 0.205970 0.042105 0.053731
0 0.223684 0.864179 0.068421 0.062687
0 0.642105 0.402985 0.047368 0.047761
0 0.746053 0.292537 0.007895 0.017910
0 0.771053 0.544776 0.026316 0.056716
0 0.780263 0.600000 0.013158 0.035821
0 0.514474 0.310448 0.023684 0.029851
