0 0.156085 0.666987 0.012346 0.021113
0 0.720459 0.120921 0.015873 0.011516
0 0.350088 0.851248 0.005291 0.009597
0 0.647266 0.052783 0.003527 0.005758
0 0.418871 0.939539 0.008818 0.017274
0 0.677249 0.412668 0.028219 0.023033
0 0.485009 0.594050 0.038801 0.017274
0 0.007055 0.123800 0.003527 0.009597
0 0.044092 0.792706 0.031746 0.026871
0 0.803351 0.759117 0.040564 0.040307
0 0.007937 0.263916 0.008818 0.017274
0 0.685185 0.486564 0.029982 0.013436
0 0.928571 0.974088 0.005291 0.005758
0 0.646384 0.711132 0.026455 0.017274
0 0.353616 0.697697 0.022928 0.021113
0 0.617284 0.742802 0.014109 0.026871
0 0.110229 0.690979 0.019400 0.030710
0 0.545855 0.272553 0.005291 0.007678
0 0.669312 0.670825 0.040564 0.024952
0 0.799824 0.483685 0.001764 0.007678
0 0.051146 0.666027 0.010582 0.023033
0 0.694004 0.284069 0.005291 0.007678
0 0.107584 0.656430 0.003527 0.007678
0 0.019400 0.226488 0.014109 0.038388
0 0.445326 0.348369 0.047619 0.028791
0 0.648148 0.335893 0.008818 0.015355
0 0.618166 0.166027 0.037037 0.032630
0 0.868607 0.143954 0.047619 0.015355
0 0.786596 0.417466 0.003527 0.009597
