0 0.651000 0.982000 0.062000 0.028000
0 0.066000 0.595000 0.020000 0.010000
0 0.257000 0.744000 0.010000 0.008000
0 0.738000 0.939000 0.016000 0.006000
0 0.807000 0.426000 0.046000 0.044000
0 0.731000 0.034000 0.062000 0.032000
0 0.307000 0.689000 0.014000 0.034000
0 0.067000 0.817000 0.026000 0.034000
0 0.268000 0.582000 0.012000 0.012000
0 0.265000 0.679000 0.014000 0.022000
0 0.027000 0.069000 0.054000 0.038000
0 0.043000 0.396000 0.030000 0.036000
0 0.719000 0.763000 0.014000 0.042000
0 0.235000 0.298000 0.042000 0.048000
0 0.563000 0.735000 0.010000 0.018000
0 0.651000 0.404000 0.050000 0.040000
0 0.399000 0.132000 0.006000 0.012000
0 0.409000 0.030000 0.018000 0.016000
0 0.805000 0.220000 0.038000 0.056000
0 0.966000 0.735000 0.004000 0.018000
0 0.423000 0.791000 0.058000 0.018000
0 0.534000 0.625000 0.060000 0.034000
0 0.752000 0.445000 0.036000 0.042000
0 0.805000 0.697000 0.042000 0.026000
0 0.521000 0.452000 0.038000 0.048000
0 0.769000 0.881000 0.006000 0.014000
0 0.124000 0.481000 0.008000 0.010000
0 0.382000 0.647000 0.068000 0.030000
0 0.496000 0.137000 0.012000 0.006000
0 0.637000 0.940000 0.034000 0.052000
0 0.799000 0.107000 0.026000 0.082000
0 0.886000 0.910000 0.024000 0.052000
0 0.953000 0.504000 0.014000 0.012000
0 0.214000 0.674000 0.072000 0.028000
0 0.120000 0.444000 0.036000 0.056000
0 0.483000 0.397000 0.034000 0.062000
0 0.375000 0.925000 0.022000 0.034000
0 0.687000 0.565000 0.006000 0.022000
0 0.447000 0.853000 0.054000 0.038000
0 0.746000 0.918000 0.040000 0.032000
0 0.697000 0.409000 0.070000 0.030000
0 0.960000 0.155000 0.056000 0.038000
0 0.251000 0.451000 0.038000 0.054000
0 0.207000 0.819000 0.010000 0.010000
0 0.057000 0.434000 0.062000 0.032000
0 0.011000 0.679000 0.014000 0.026000
0 0.050000 0.034000 0.076000 0.028000
0 0.806000 0.989000 0.032000 0.022000
0 0.784000 0.348000 0.056000 0.036000
0 0.043000 0.502000 0.006000 0.012000
0 0.752000 0.669000 0.052000 0.042000
0 0.480000 0.047000 0.004000 0.018000
