0 0.483204 0.509186 0.067183 0.047244
0 0.660207 0.821522 0.018088 0.031496
0 0.518088 0.182415 0.054264 0.039370
0 0.421189 0.284777 0.051680 0.028871
0 0.651163 0.402887 0.005168 0.013123
0 0.764858 0.351706 0.020672 0.026247
0 0.832041 0.223097 0.015504 0.020997
0 0.195090 0.716535 0.002584 0.010499
0 0.868217 0.740157 0.015504 0.015748
0 0.905685 0.742782 0.043928 0.020997
0 0.860465 0.316273 0.020672 0.039370
0 0.533592 0.927822 0.012920 0.018373
0 0.706718 0.811024 0.007752 0.010499
0 0.537468 0.993438 0.010336 0.007874
0 0.789406 0.652231 0.007752 0.007874
0 0.718346 0.385827 0.015504 0.026247
0 0.391473 0.081365 0.054264 0.020997
0 0.803618 0.216535 0.036176 0.023622
0 0.925065 0.276903 0.015504 0.034121
0 0.052972 0.396325 0.007752 0.005249
0 0.466408 0.837270 0.007752 0.015748
0 0.416021 0.334646 0.015504 0.013123
0 0.136951 0.261155 0.031008 0.023622
0 0.220930 0.898950 0.023256 0.060367
0 0.731266 0.143045 0.005168 0.007874
0 0.112403 0.429134 0.023256 0.023622
0 0.571059 0.261155 0.025840 0.034121
0 0.634367 0.901575 0.002584 0.007874
0 0.794574 0.635171 0.043928 0.020997
0 0.311370 0.666667 0.023256 0.015748
