0 0.818255 0.383420 0.008078 0.015544
0 0.819871 0.939119 0.008078 0.033679
0 0.073506 0.922280 0.024233 0.062176
0 0.231018 0.257772 0.009693 0.028497
0 0.025040 0.038860 0.004847 0.015544
0 0.420032 0.457254 0.006462 0.012953
0 0.839257 0.055699 0.017771 0.028497
0 0.147819 0.683938 0.024233 0.046632
0 0.418417 0.261658 0.016155 0.088083
0 0.311793 0.595855 0.006462 0.020725
0 0.351373 0.524611 0.024233 0.059585
0 0.550081 0.590674 0.004847 0.015544
0 0.149435 0.773316 0.050081 0.044041
0 0.878029 0.093264 0.053312 0.041451
0 0.683360 0.542746 0.012924 0.033679
0 0.922456 0.768135 0.016155 0.038860
0 0.202746 0.477979 0.053312 0.038860
0 0.253635 0.082902 0.022617 0.051813
0 0.603393 0.699482 0.004847 0.015544
0 0.697092 0.148964 0.011309 0.018135
0 0.949111 0.483161 0.004847 0.018135
0 0.785137 0.129534 0.045234 0.046632
0 0.613086 0.345855 0.021002 0.023316
0 0.726171 0.216321 0.011309 0.028497
0 0.966882 0.247409 0.033926 0.054404
0 0.782714 0.085492 0.024233 0.031088
0 0.116317 0.691710 0.019386 0.067358
0 0.344103 0.795337 0.022617 0.056995
0 0.189015 0.388601 0.009693 0.020725
0 0.487076 0.242228 0.046850 0.044041
0 0.137318 0.917098 0.038772 0.036269
0 0.594507 0.059585 0.019386 0.020725
0 0.457997 0.054404 0.014540 0.046632
0 0.843296 0.489637 0.022617 0.020725
0 0.347334 0.082902 0.035541 0.056995
0 0.122779 0.459845 0.035541 0.033679
0 0.010501 0.788860 0.008078 0.018135
0 0.424879 0.603627 0.019386 0.098446
0 0.600969 0.023316 0.048465 0.046632
0 0.867528 0.975389 0.009693 0.018135
0 0.531502 0.024611 0.051696 0.044041
0 0.881260 0.336788 0.037157 0.056995
