0 0.828629 0.891129 0.014113 0.013441
0 0.065020 0.127688 0.005040 0.008065
0 0.718750 0.368952 0.018145 0.036290
0 0.117944 0.965726 0.004032 0.006720
0 0.766129 0.323253 0.014113 0.052419
0 0.634073 0.637769 0.030242 0.022849
0 0.736895 0.204301 0.014113 0.013441
0 0.082661 0.167339 0.026210 0.025538
0 0.382560 0.030914 0.003024 0.008065
0 0.504032 0.944892 0.006048 0.016129
0 0.832157 0.495968 0.005040 0.008065
0 0.386593 0.738575 0.019153 0.012097
0 0.059980 0.865591 0.005040 0.008065
0 0.744456 0.094758 0.019153 0.036290
0 0.898690 0.485215 0.013105 0.016129
0 0.821069 0.475806 0.009073 0.024194
0 0.314012 0.819892 0.005040 0.010753
0 0.905746 0.240591 0.031250 0.021505
0 0.618952 0.608199 0.006048 0.004032
0 0.644657 0.356183 0.013105 0.016129
0 0.061996 0.420699 0.019153 0.032258
0 0.931452 0.461694 0.010081 0.044355
0 0.589718 0.235887 0.006048 0.004032
0 0.520161 0.935484 0.024194 0.026882
0 0.390121 0.719086 0.026210 0.021505
0 0.978327 0.900538 0.029234 0.024194
0 0.866431 0.436156 0.025202 0.028226
0 0.764113 0.274866 0.030242 0.022849
0 0.873488 0.913306 0.003024 0.009409
0 0.465726 0.071237 0.018145 0.016129
0 0.675403 0.596774 0.022177 0.032258
0 0.731855 0.972446 0.030242 0.022849
0 0.869960 0.393145 0.030242 0.022849
0 0.830645 0.581317 0.014113 0.033602
0 0.532258 0.408602 0.030242 0.024194
0 0.450101 0.392473 0.005040 0.008065
0 0.738407 0.684140 0.015121 0.021505
0 0.467238 0.038978 0.015121 0.045699
0 0.198589 0.610215 0.004032 0.013441
0 0.550403 0.467742 0.022177 0.032258
0 0.553427 0.831989 0.014113 0.013441
0 0.322077 0.447581 0.009073 0.024194
0 0.419355 0.905242 0.006048 0.009409
0 0.288810 0.723790 0.025202 0.028226
0 0.041331 0.137769 0.004032 0.014785
0 0.224798 0.135081 0.010081 0.012097
0 0.563004 0.583333 0.025202 0.010753
0 0.830645 0.074597 0.008065 0.025538
0 0.340726 0.819892 0.0141129 0.0430108
0 0.355847 0.734543 0.0120968 0.0389785
0 0.341734 0.733199 0.0120968 0.0389785
0 0.457157 0.3125 0.0131048 0.0389785
0 0.658266 0.504704 0.0141129 0.0336022
0 0.511593 0.31922 0.0131048 0.0416667
0 0.362903 0.829973 0.0141129 0.0443548
0 0.566532 0.33871 0.0181452 0.0349462
0 0.480343 0.256048 0.0131048 0.0443548
0 0.0362903 0.318548 0.0141129 0.0510753
0 0.483871 0.244624 0.0141129 0.0456989
0 0.430444 0.255376 0.0120968 0.0430108
0 0.402218 0.727151 0.0141129 0.0430108
0 0.685484 0.495296 0.0141129 0.0443548
0 0.984879 0.655914 0.0141129 0.0376344
0 0.414315 0.299059 0.016129 0.0416667
0 0.410282 0.747312 0.0181452 0.0456989
0 0.438508 0.227823 0.016129 0.0416667
0 0.824093 0.638441 0.0110887 0.0430108
0 0.704637 0.489247 0.0141129 0.0510753
0 0.386593 0.726479 0.0131048 0.0389785
0 0.853831 0.619624 0.0141129 0.0430108
0 0.425403 0.235887 0.0120968 0.047043
0 0.362399 0.290995 0.015121 0.0497312
0 0.545867 0.315188 0.015121 0.0416667
0 0.46119 0.260753 0.015121 0.0430108
0 0.623488 0.949597 0.015121 0.0443548
0 0.450605 0.726479 0.0141129 0.0443548
0 0.501008 0.115591 0.0141129 0.0403226
0 0.965726 0.650538 0.0100806 0.0403226
0 0.347782 0.290323 0.0141129 0.0430108
0 0.955645 0.668683 0.0141129 0.0416667
0 0.436996 0.723118 0.0131048 0.0456989
0 0.375 0.827957 0.0120968 0.0456989
0 0.856351 0.700941 0.0131048 0.047043
0 0.83871 0.629032 0.0120968 0.0403226
0 0.684476 0.932124 0.0120968 0.0416667
0 0.544859 0.762097 0.0131048 0.0430108
0 0.94506 0.778898 0.0131048 0.0443548
0 0.546875 0.284946 0.015121 0.0483871
0 0.529234 0.72043 0.0141129 0.0456989
0 0.84879 0.722446 0.0120968 0.0416667
0 0.873992 0.6875 0.0120968 0.0416667
0 0.760585 0.745968 0.0131048 0.0403226
0 0.756048 0.8125 0.0120968 0.0443548
0 0.697077 0.930108 0.0110887 0.0403226
0 0.74496 0.813844 0.0120968 0.047043
0 0.891129 0.747984 0.0141129 0.0416667
0 0.964214 0.778226 0.015121 0.0456989
