0 0.848148 0.578475 0.081481 0.107623
0 0.664815 0.278027 0.077778 0.107623
0 0.855556 0.708520 0.125926 0.071749
0 0.522222 0.831839 0.081481 0.085202
0 0.611111 0.786996 0.066667 0.130045
0 0.251852 0.522422 0.029630 0.076233
0 0.150000 0.881166 0.025926 0.031390
0 0.179630 0.661435 0.040741 0.049327
0 0.559259 0.262332 0.066667 0.067265
0 0.837037 0.396861 0.022222 0.013453
0 0.653704 0.623318 0.077778 0.116592
0 0.937037 0.020179 0.044444 0.022422
0 0.307407 0.387892 0.081481 0.112108
0 0.064815 0.118834 0.062963 0.130045
0 0.155556 0.576233 0.029630 0.040359
0 0.783333 0.466368 0.077778 0.116592
0 0.381481 0.286996 0.118519 0.071749
0 0.120370 0.733184 0.062963 0.139013
0 0.501852 0.950673 0.048148 0.053812
0 0.125926 0.894619 0.014815 0.022422
0 0.751852 0.914798 0.125926 0.071749
0 0.374074 0.926009 0.103704 0.085202
0 0.612963 0.186099 0.122222 0.067265
0 0.133333 0.103139 0.022222 0.071749
0 0.105556 0.495516 0.122222 0.067265
0 0.729630 0.464126 0.022222 0.058296
0 0.259259 0.733184 0.066667 0.112108
0 0.233333 0.636771 0.037037 0.071749
0 0.568519 0.533632 0.085185 0.071749
0 0.379630 0.206278 0.092593 0.080717
0 0.074074 0.704036 0.022222 0.044843
0 0.070370 0.926009 0.014815 0.040359
