0 0.276660 0.957245 0.002012 0.009501
0 0.534205 0.763658 0.006036 0.011876
0 0.143863 0.185273 0.010060 0.009501
0 0.265594 0.237530 0.004024 0.004751
0 0.255533 0.737530 0.004024 0.007126
0 0.545272 0.637767 0.024145 0.016627
0 0.705231 0.611639 0.006036 0.007126
0 0.979879 0.636580 0.008048 0.023753
0 0.770624 0.807601 0.004024 0.009501
0 0.908451 0.402613 0.114688 0.021378
0 0.147887 0.977435 0.018109 0.021378
0 0.641851 0.209026 0.020121 0.023753
0 0.432596 0.895487 0.020121 0.038005
0 0.252515 0.533254 0.010060 0.011876
0 0.633803 0.566508 0.008048 0.007126
0 0.145875 0.793349 0.002012 0.009501
0 0.273642 0.725653 0.012072 0.007126
0 0.116700 0.165083 0.004024 0.007126
0 0.244467 0.824228 0.010060 0.028504
0 0.543260 0.071259 0.008048 0.023753
0 0.610664 0.548694 0.026157 0.014252
0 0.600604 0.465558 0.058350 0.042755
0 0.569416 0.603325 0.004024 0.019002
0 0.059356 0.127078 0.030181 0.040380
0 0.472837 0.805226 0.008048 0.009501
0 0.662978 0.650831 0.082495 0.028504
0 0.641851 0.836105 0.028169 0.033254
