0 0.715339 0.865031 0.061947 0.030675
0 0.331858 0.924847 0.008850 0.027607
0 0.948378 0.427914 0.038348 0.039877
0 0.904130 0.426380 0.020649 0.030675
0 0.737463 0.093558 0.070796 0.064417
0 0.979351 0.599693 0.011799 0.015337
0 0.336283 0.190184 0.082596 0.055215
0 0.837758 0.375767 0.011799 0.015337
0 0.252212 0.248466 0.073746 0.055215
0 0.174041 0.397239 0.029499 0.015337
0 0.741888 0.437117 0.014749 0.027607
0 0.405605 0.921779 0.085546 0.052147
0 0.651917 0.599693 0.029499 0.064417
0 0.650442 0.815951 0.079646 0.061350
0 0.464602 0.642638 0.014749 0.027607
0 0.101770 0.895706 0.008850 0.018405
0 0.486726 0.277607 0.017699 0.009202
0 0.660767 0.237730 0.094395 0.052147
0 0.479351 0.674847 0.044248 0.030675
0 0.042773 0.937117 0.020649 0.015337
0 0.581121 0.256135 0.017699 0.015337
0 0.560472 0.211656 0.094395 0.049080
0 0.297935 0.072086 0.017699 0.033742
0 0.765487 0.766871 0.044248 0.110429
0 0.502950 0.202454 0.008850 0.018405
0 0.246313 0.601227 0.008850 0.024540
0 0.523599 0.559816 0.085546 0.052147
0 0.019174 0.207055 0.038348 0.046012
0 0.246313 0.414110 0.008850 0.018405
0 0.162242 0.493865 0.011799 0.018405
0 0.585546 0.407975 0.067847 0.067485
0 0.523599 0.940184 0.038348 0.039877
0 0.455752 0.365031 0.014749 0.012270
0 0.764012 0.670245 0.017699 0.015337
0 0.830383 0.616564 0.026549 0.042945
0 0.573746 0.322086 0.044248 0.024540
