0 0.341096 0.933784 0.019178 0.051351
0 0.902740 0.013514 0.008219 0.016216
0 0.745205 0.960811 0.005479 0.013514
0 0.220548 0.547297 0.008219 0.008108
0 0.589041 0.235135 0.032877 0.048649
0 0.682192 0.052703 0.065753 0.056757
0 0.883562 0.445946 0.019178 0.010811
0 0.628767 0.285135 0.024658 0.018919
0 0.373973 0.640541 0.046575 0.075676
0 0.661644 0.794595 0.041096 0.037838
0 0.809589 0.566216 0.063014 0.056757
0 0.716438 0.843243 0.035616 0.016216
0 0.558904 0.578378 0.021918 0.027027
0 0.571233 0.533784 0.030137 0.024324
0 0.123288 0.506757 0.027397 0.018919
0 0.417808 0.551351 0.073973 0.032432
0 0.490411 0.764865 0.076712 0.048649
0 0.939726 0.894595 0.043836 0.043243
0 0.431507 0.709459 0.024658 0.013514
0 0.112329 0.489189 0.005479 0.010811
0 0.597260 0.047297 0.038356 0.056757
0 0.960274 0.724324 0.008219 0.016216
0 0.032877 0.624324 0.010959 0.005405
0 0.834247 0.714865 0.030137 0.018919
0 0.324658 0.602703 0.046575 0.048649
0 0.243836 0.685135 0.082192 0.040541
0 0.505479 0.154054 0.008219 0.016216
0 0.763014 0.751351 0.013699 0.016216
