0 0.222222 0.070732 0.071895 0.053659
0 0.645425 0.873171 0.075163 0.058537
0 0.356209 0.860976 0.052288 0.151220
0 0.116013 0.839024 0.075163 0.107317
0 0.498366 0.741463 0.016340 0.058537
0 0.109477 0.204878 0.009804 0.039024
0 0.897059 0.641463 0.029412 0.043902
0 0.214052 0.200000 0.022876 0.029268
0 0.568627 0.256098 0.052288 0.073171
0 0.415033 0.851220 0.058824 0.102439
0 0.021242 0.163415 0.016340 0.043902
0 0.586601 0.521951 0.081699 0.097561
0 0.722222 0.592683 0.104575 0.073171
0 0.199346 0.600000 0.032680 0.039024
0 0.447712 0.143902 0.091503 0.063415
0 0.282680 0.753659 0.088235 0.053659
0 0.539216 0.448780 0.013072 0.039024
0 0.630719 0.209756 0.052288 0.058537
0 0.441176 0.439024 0.006536 0.019512
0 0.047386 0.739024 0.094771 0.082927
0 0.826797 0.080488 0.006536 0.014634
0 0.468954 0.587805 0.029412 0.121951
0 0.586601 0.873171 0.035948 0.146341
0 0.856209 0.758537 0.065359 0.112195
0 0.300654 0.641463 0.013072 0.053659
0 0.380719 0.792683 0.003268 0.014634
0 0.632353 0.700000 0.029412 0.102439
0 0.774510 0.329268 0.045752 0.034146
0 0.455882 0.485366 0.101307 0.073171
0 0.844771 0.482927 0.029412 0.039024
0 0.150327 0.526829 0.091503 0.087805
