0 0.570175 0.634111 0.012531 0.032070
0 0.848371 0.574344 0.062657 0.064140
0 0.203008 0.389213 0.085213 0.043732
0 0.971178 0.708455 0.007519 0.023324
0 0.427318 0.725948 0.007519 0.017493
0 0.968672 0.450437 0.007519 0.026239
0 0.552632 0.877551 0.012531 0.011662
0 0.692982 0.485423 0.077694 0.049563
0 0.672932 0.053936 0.042607 0.055394
0 0.303258 0.033528 0.015038 0.008746
0 0.486216 0.529155 0.010025 0.020408
0 0.530075 0.661808 0.057644 0.040816
0 0.246867 0.530612 0.082707 0.046647
0 0.860902 0.762391 0.062657 0.061224
0 0.476190 0.256560 0.050125 0.075802
0 0.555138 0.545190 0.017544 0.064140
0 0.982456 0.295918 0.020050 0.037901
0 0.459900 0.647230 0.077694 0.046647
0 0.375940 0.698251 0.010025 0.014577
0 0.348371 0.653061 0.055138 0.064140
0 0.619048 0.983965 0.005013 0.026239
0 0.299499 0.620991 0.032581 0.017493
0 0.333333 0.809038 0.050125 0.078717
0 0.759398 0.948980 0.005013 0.026239
0 0.843358 0.909621 0.007519 0.023324
0 0.617794 0.454810 0.007519 0.017493
0 0.502506 0.758017 0.047619 0.081633
0 0.993734 0.406706 0.012531 0.026239
0 0.741855 0.285714 0.030075 0.034985
0 0.535088 0.690962 0.077694 0.046647
0 0.129073 0.921283 0.012531 0.011662
0 0.078947 0.290087 0.022556 0.026239
0 0.616541 0.132653 0.015038 0.032070
0 0.210526 0.816327 0.010025 0.017493
0 0.433584 0.252187 0.010025 0.014577
0 0.825815 0.689504 0.012531 0.037901
0 0.819549 0.376093 0.015038 0.046647
0 0.030075 0.030612 0.015038 0.037901
0 0.621554 0.609329 0.020050 0.052478
0 0.540100 0.141399 0.007519 0.020408
0 0.414787 0.393586 0.037594 0.040816
0 0.349624 0.260933 0.052632 0.049563
0 0.466165 0.481050 0.020050 0.064140
