0 0.451613 0.045556 0.017204 0.037778
0 0.327957 0.698889 0.010753 0.011111
0 0.822581 0.665556 0.032258 0.020000
0 0.330108 0.412222 0.066667 0.037778
0 0.291398 0.141111 0.015054 0.020000
0 0.833333 0.883333 0.053763 0.046667
0 0.709677 0.083333 0.038710 0.064444
0 0.370968 0.964444 0.040860 0.062222
0 0.351613 0.903333 0.045161 0.055556
0 0.254839 0.663333 0.023656 0.068889
0 0.436559 0.613333 0.051613 0.048889
0 0.108602 0.967778 0.019355 0.033333
0 0.865591 0.931111 0.036559 0.031111
0 0.548387 0.121111 0.025806 0.020000
0 0.784946 0.945556 0.012903 0.015556
0 0.419355 0.405556 0.047312 0.055556
0 0.191398 0.046667 0.025806 0.048889
0 0.598925 0.550000 0.053763 0.037778
0 0.972043 0.894444 0.025806 0.033333
0 0.175269 0.436667 0.045161 0.020000
0 0.711828 0.586667 0.021505 0.031111
0 0.846237 0.286667 0.049462 0.048889
0 0.792473 0.815556 0.006452 0.013333
0 0.813978 0.320000 0.006452 0.017778
0 0.974194 0.574444 0.008602 0.028889
0 0.369892 0.752222 0.025806 0.073333
0 0.580645 0.685556 0.008602 0.011111
0 0.537634 0.493333 0.021505 0.008889
0 0.412903 0.254444 0.060215 0.042222
0 0.740860 0.844444 0.019355 0.004444
0 0.061290 0.178889 0.019355 0.006667
0 0.372043 0.217778 0.034409 0.026667
0 0.947312 0.665556 0.066667 0.037778
0 0.349462 0.221111 0.006452 0.015556
0 0.313978 0.497778 0.008602 0.026667
0 0.119355 0.464444 0.053763 0.048889
0 0.443011 0.511111 0.055914 0.044444
