0 0.654328 0.836767 0.003417 0.009509
0 0.565490 0.675911 0.017084 0.023772
0 0.220957 0.873217 0.015945 0.057052
0 0.448178 0.335182 0.003417 0.011094
0 0.668565 0.782092 0.004556 0.007924
0 0.787016 0.640254 0.031891 0.028526
0 0.887244 0.439778 0.029613 0.033281
0 0.376424 0.503170 0.014806 0.026941
0 0.459567 0.076070 0.003417 0.009509
0 0.593394 0.240887 0.022779 0.041204
0 0.619590 0.530111 0.004556 0.007924
0 0.358200 0.940571 0.012528 0.049128
0 0.348519 0.826466 0.004556 0.014263
0 0.133257 0.341521 0.009112 0.014263
0 0.849089 0.212361 0.014806 0.025357
0 0.968109 0.091918 0.018223 0.047544
0 0.108200 0.503962 0.004556 0.015848
0 0.520501 0.144216 0.027335 0.025357
0 0.739749 0.548336 0.010251 0.003170
0 0.007973 0.842314 0.013667 0.030111
0 0.896925 0.833597 0.021640 0.041204
0 0.260820 0.800317 0.038724 0.025357
0 0.570615 0.096672 0.041002 0.022187
0 0.558087 0.627575 0.018223 0.031696
0 0.165148 0.448494 0.009112 0.009509
0 0.266515 0.632330 0.041002 0.022187
0 0.381549 0.619651 0.020501 0.019017
0 0.951025 0.091125 0.004556 0.007924
0 0.814920 0.758320 0.007973 0.011094
0 0.444761 0.675119 0.005695 0.006339
0 0.565490 0.605388 0.003417 0.009509
0 0.128702 0.500792 0.029613 0.031696
0 0.623576 0.359746 0.010251 0.050713
0 0.104214 0.739303 0.005695 0.007924
0 0.797267 0.270998 0.009112 0.006339
0 0.822323 0.032488 0.025057 0.039620
0 0.509681 0.240095 0.023918 0.033281
0 0.186219 0.641838 0.017084 0.019017
0 0.345672 0.304279 0.010251 0.028526
0 0.005125 0.360539 0.003417 0.011094
0 0.696469 0.258320 0.028474 0.031696
0 0.591686 0.875594 0.010251 0.014263
0 0.988610 0.075277 0.015945 0.033281
0 0.722665 0.577655 0.005695 0.011094
0 0.375285 0.335975 0.010251 0.025357
0 0.066629 0.787639 0.007973 0.019017
