0 0.602321 0.903527 0.035865 0.060166
0 0.283755 0.294606 0.048523 0.045643
0 0.600211 0.324689 0.018987 0.018672
0 0.948312 0.318465 0.027426 0.031120
0 0.241561 0.670124 0.010549 0.008299
0 0.222574 0.714730 0.006329 0.014523
0 0.462025 0.692946 0.008439 0.020747
0 0.495781 0.191909 0.004219 0.018672
0 0.378692 0.891079 0.040084 0.056017
0 0.725738 0.347510 0.012658 0.014523
0 0.161392 0.481328 0.014768 0.033195
0 0.836498 0.699170 0.048523 0.029046
0 0.124473 0.347510 0.012658 0.006224
0 0.093882 0.101660 0.006329 0.012448
0 0.828059 0.118257 0.056962 0.041494
0 0.149789 0.010373 0.033755 0.020747
0 0.374473 0.337137 0.018987 0.026971
0 0.765823 0.017635 0.012658 0.031120
0 0.045359 0.015560 0.018987 0.010373
0 0.970464 0.019710 0.059072 0.039419
0 0.650844 0.621369 0.056962 0.039419
0 0.608650 0.602697 0.023207 0.035270
0 0.208861 0.061203 0.012658 0.006224
0 0.246835 0.610996 0.080169 0.026971
0 0.244726 0.310166 0.016878 0.035270
0 0.585443 0.024896 0.006329 0.016598
0 0.524262 0.292531 0.061181 0.033195
0 0.351266 0.301867 0.027426 0.039419
0 0.551688 0.170124 0.010549 0.020747
0 0.138186 0.824689 0.014768 0.010373
0 0.640295 0.806017 0.010549 0.010373
0 0.585443 0.298755 0.006329 0.012448
0 0.787975 0.072614 0.018987 0.058091
0 0.578059 0.697095 0.050633 0.045643
0 0.886076 0.022822 0.046414 0.045643
0 0.020042 0.482365 0.027426 0.076763
0 0.786920 0.878631 0.042194 0.056017
0 0.585443 0.656639 0.082278 0.026971
0 0.833333 0.360996 0.054852 0.041494
0 0.719409 0.148340 0.063291 0.035270
