0 0.916084 0.221284 0.006993 0.030405
0 0.263986 0.271959 0.010490 0.023649
0 0.856643 0.447635 0.013986 0.016892
0 0.194056 0.114865 0.024476 0.027027
0 0.236014 0.163851 0.108392 0.057432
0 0.326923 0.888514 0.024476 0.040541
0 0.636364 0.295608 0.104895 0.057432
0 0.204545 0.488176 0.101399 0.057432
0 0.377622 0.138514 0.027972 0.054054
0 0.947552 0.452703 0.083916 0.074324
0 0.318182 0.165541 0.083916 0.074324
0 0.875874 0.425676 0.052448 0.013514
0 0.110140 0.351351 0.045455 0.067568
0 0.250000 0.094595 0.101399 0.054054
0 0.314685 0.837838 0.118881 0.054054
0 0.075175 0.359797 0.017483 0.023649
0 0.029720 0.714527 0.010490 0.023649
0 0.865385 0.746622 0.073427 0.040541
0 0.097902 0.782095 0.090909 0.064189
0 0.860140 0.923986 0.118881 0.050676
0 0.195804 0.035473 0.013986 0.050676
0 0.566434 0.214527 0.020979 0.030405
0 0.169580 0.689189 0.024476 0.054054
0 0.868881 0.601351 0.010490 0.020270
0 0.131119 0.871622 0.024476 0.027027
0 0.138112 0.565878 0.031469 0.037162
0 0.325175 0.655405 0.013986 0.027027
0 0.718531 0.422297 0.094406 0.054054
0 0.769231 0.951014 0.013986 0.016892
0 0.430070 0.663851 0.041958 0.030405
0 0.882867 0.018581 0.052448 0.037162
