0 0.436556 0.546131 0.021148 0.056548
0 0.951662 0.264881 0.012085 0.035714
0 0.141994 0.797619 0.012085 0.017857
0 0.099698 0.236607 0.024169 0.050595
0 0.347432 0.691964 0.060423 0.032738
0 0.060423 0.025298 0.054381 0.038690
0 0.900302 0.388393 0.054381 0.038690
0 0.262840 0.380952 0.084592 0.053571
0 0.629909 0.617560 0.009063 0.020833
0 0.862538 0.438988 0.009063 0.020833
0 0.613293 0.906250 0.132931 0.032738
0 0.403323 0.354167 0.057402 0.029762
0 0.732628 0.870536 0.051360 0.038690
0 0.219033 0.208333 0.057402 0.083333
0 0.116314 0.366071 0.045317 0.083333
0 0.554381 0.302083 0.009063 0.026786
0 0.300604 0.212798 0.015106 0.050595
0 0.291541 0.851190 0.039275 0.023810
0 0.209970 0.726190 0.027190 0.059524
0 0.064955 0.991071 0.009063 0.017857
0 0.752266 0.568452 0.084592 0.053571
0 0.870091 0.084821 0.006042 0.026786
0 0.853474 0.741071 0.051360 0.041667
0 0.625378 0.370536 0.054381 0.080357
0 0.877644 0.781250 0.021148 0.020833
0 0.389728 0.324405 0.012085 0.023810
0 0.521148 0.166667 0.075529 0.065476
0 0.521148 0.447917 0.093656 0.050595
0 0.107251 0.180060 0.063444 0.056548
0 0.836858 0.880952 0.078550 0.047619
0 0.948640 0.443452 0.036254 0.029762
0 0.507553 0.647321 0.048338 0.026786
0 0.613293 0.299107 0.084592 0.056548
0 0.779456 0.202381 0.030211 0.023810
0 0.033233 0.758929 0.042296 0.029762
