0 0.540682 0.832353 0.020997 0.029412
0 0.877953 0.805882 0.007874 0.017647
0 0.072178 0.500000 0.007874 0.047059
0 0.772966 0.766176 0.060367 0.044118
0 0.482940 0.313235 0.010499 0.008824
0 0.297900 0.907353 0.034121 0.032353
0 0.641732 0.047059 0.013123 0.005882
0 0.662730 0.683824 0.013123 0.038235
0 0.834646 0.201471 0.005249 0.008824
0 0.073491 0.350000 0.005249 0.029412
0 0.073491 0.686765 0.015748 0.044118
0 0.657480 0.776471 0.013123 0.035294
0 0.300525 0.839706 0.039370 0.044118
0 0.767717 0.897059 0.018373 0.035294
0 0.330709 0.958824 0.005249 0.011765
0 0.969816 0.402941 0.018373 0.029412
0 0.251969 0.270588 0.057743 0.064706
0 0.778215 0.169118 0.018373 0.020588
0 0.872703 0.486765 0.007874 0.020588
0 0.141732 0.420588 0.041995 0.035294
0 0.704724 0.951471 0.034121 0.038235
0 0.700787 0.533824 0.010499 0.032353
0 0.935696 0.326471 0.013123 0.011765
0 0.183727 0.777941 0.041995 0.055882
0 0.562992 0.541176 0.013123 0.041176
0 0.417323 0.089706 0.104987 0.038235
0 0.900262 0.026471 0.020997 0.041176
0 0.292651 0.591176 0.044619 0.023529
0 0.812336 0.905882 0.055118 0.058824
0 0.434383 0.480882 0.034121 0.091176
0 0.602362 0.857353 0.044619 0.061765
0 0.636483 0.345588 0.076115 0.050000
