0 0.970126 0.230892 0.003145 0.009554
0 0.459119 0.490446 0.018868 0.012739
0 0.180818 0.055732 0.003145 0.009554
0 0.595912 0.785032 0.053459 0.047771
0 0.275157 0.203822 0.084906 0.050955
0 0.264151 0.942675 0.050314 0.044586
0 0.816038 0.595541 0.022013 0.044586
0 0.962264 0.246815 0.006289 0.009554
0 0.772013 0.224522 0.028302 0.028662
0 0.143082 0.184713 0.034591 0.038217
0 0.794025 0.600318 0.015723 0.041401
0 0.045597 0.477707 0.040881 0.019108
0 0.367925 0.783439 0.125786 0.038217
0 0.649371 0.426752 0.015723 0.044586
0 0.100629 0.848726 0.012579 0.009554
0 0.419811 0.457006 0.053459 0.073248
0 0.380503 0.434713 0.018868 0.028662
0 0.819182 0.390127 0.072327 0.060510
0 0.257862 0.571656 0.037736 0.022293
0 0.493711 0.023885 0.025157 0.015924
0 0.627358 0.633758 0.066038 0.050955
0 0.298742 0.969745 0.006289 0.009554
0 0.257862 0.750000 0.037736 0.054140
0 0.097484 0.148089 0.006289 0.009554
0 0.018868 0.807325 0.037736 0.073248
0 0.168239 0.785032 0.009434 0.022293
0 0.319182 0.507962 0.009434 0.015924
0 0.588050 0.272293 0.025157 0.028662
