0 0.183871 0.441748 0.035484 0.053398
0 0.699194 0.457524 0.014516 0.046117
0 0.542742 0.904126 0.004839 0.016990
0 0.715323 0.473301 0.004839 0.014563
0 0.454032 0.382282 0.004839 0.021845
0 0.602419 0.565534 0.004839 0.014563
0 0.707258 0.959951 0.027419 0.016990
0 0.329839 0.766990 0.004839 0.014563
0 0.273387 0.216019 0.008065 0.014563
0 0.913710 0.116505 0.004839 0.014563
0 0.107258 0.877427 0.014516 0.012136
0 0.796774 0.311893 0.048387 0.031553
0 0.097581 0.655340 0.011290 0.029126
0 0.123387 0.263350 0.050000 0.041262
0 0.520968 0.615291 0.051613 0.041262
0 0.388710 0.808252 0.032258 0.063107
0 0.219355 0.059466 0.041935 0.021845
0 0.462097 0.730583 0.014516 0.038835
0 0.641935 0.050971 0.006452 0.014563
0 0.476613 0.197816 0.017742 0.021845
0 0.641129 0.502427 0.011290 0.024272
0 0.395968 0.345874 0.030645 0.041262
0 0.645968 0.725728 0.004839 0.019417
0 0.433065 0.740291 0.014516 0.004854
0 0.855645 0.919903 0.027419 0.048544
0 0.808065 0.336165 0.006452 0.012136
0 0.484677 0.120146 0.037097 0.050971
0 0.234677 0.555825 0.033871 0.019417
0 0.518548 0.507282 0.004839 0.014563
0 0.584677 0.894417 0.050000 0.041262
0 0.479032 0.723301 0.012903 0.038835
0 0.613710 0.308252 0.011290 0.033981
0 0.652419 0.444175 0.017742 0.053398
0 0.436290 0.689320 0.030645 0.043689
0 0.415323 0.936893 0.011290 0.024272
0 0.371774 0.486650 0.020968 0.021845
0 0.708065 0.722087 0.032258 0.036408
0 0.819355 0.530340 0.006452 0.012136
