0 0.401786 0.899240 0.029762 0.049430
0 0.062500 0.397338 0.035714 0.072243
0 0.352679 0.152091 0.026786 0.060837
0 0.430060 0.669202 0.044643 0.083650
0 0.418155 0.507605 0.032738 0.041825
0 0.834821 0.414449 0.038690 0.076046
0 0.406250 0.745247 0.008929 0.022814
0 0.252976 0.359316 0.029762 0.019011
0 0.921131 0.182510 0.008929 0.022814
0 0.300595 0.716730 0.089286 0.064639
0 0.944940 0.539924 0.008929 0.022814
0 0.261905 0.045627 0.095238 0.060837
0 0.776786 0.541825 0.035714 0.041825
0 0.125000 0.125475 0.047619 0.106464
0 0.497024 0.051331 0.059524 0.095057
0 0.191964 0.036122 0.038690 0.072243
0 0.854167 0.169202 0.035714 0.049430
0 0.505952 0.792776 0.035714 0.133080
0 0.610119 0.275665 0.041667 0.072243
0 0.796131 0.072243 0.133929 0.045627
0 0.090774 0.108365 0.014881 0.034221
0 0.565476 0.847909 0.011905 0.022814
0 0.069940 0.209125 0.038690 0.030418
0 0.440476 0.800380 0.089286 0.064639
0 0.389881 0.636882 0.029762 0.110266
0 0.675595 0.418251 0.083333 0.068441
0 0.061012 0.754753 0.014881 0.026616
0 0.053571 0.264259 0.011905 0.041825
0 0.436012 0.948669 0.020833 0.019011
0 0.476190 0.707224 0.035714 0.030418
0 0.834821 0.619772 0.068452 0.083650
0 0.944940 0.623574 0.014881 0.068441
0 0.263393 0.866920 0.098214 0.053232
0 0.958333 0.089354 0.035714 0.034221
