0 0.307042 0.470350 0.095775 0.040431
0 0.905634 0.851752 0.081690 0.048518
0 0.425352 0.948787 0.073239 0.053908
0 0.316901 0.358491 0.008451 0.021563
0 0.673239 0.514825 0.016901 0.016173
0 0.469014 0.826146 0.042254 0.083558
0 0.049296 0.676550 0.025352 0.026954
0 0.823944 0.850404 0.053521 0.072776
0 0.428169 0.177898 0.061972 0.037736
0 0.529577 0.246631 0.011268 0.013477
0 0.402817 0.470350 0.056338 0.061995
0 0.559155 0.338275 0.042254 0.035040
0 0.132394 0.774933 0.011268 0.013477
0 0.040845 0.442049 0.042254 0.021563
0 0.284507 0.834232 0.028169 0.083558
0 0.795775 0.568733 0.025352 0.032345
0 0.380282 0.013477 0.039437 0.005391
0 0.221127 0.074124 0.070423 0.056604
0 0.246479 0.909704 0.025352 0.024259
0 0.915493 0.253369 0.084507 0.048518
0 0.130986 0.915094 0.059155 0.056604
0 0.846479 0.200809 0.076056 0.051213
0 0.208451 0.448787 0.090141 0.045822
0 0.746479 0.909704 0.022535 0.013477
0 0.770423 0.411051 0.014085 0.035040
0 0.597183 0.029650 0.078873 0.048518
0 0.890141 0.097035 0.022535 0.032345
0 0.932394 0.557951 0.028169 0.026954
0 0.330986 0.648248 0.059155 0.061995
0 0.012676 0.177898 0.014085 0.010782
0 0.702817 0.452830 0.036620 0.048518
0 0.309859 0.764151 0.084507 0.045822
0 0.643662 0.803235 0.030986 0.070081
0 0.460563 0.436658 0.008451 0.021563
0 0.516901 0.025606 0.076056 0.051213
0 0.626761 0.975741 0.087324 0.043127
0 0.852113 0.095687 0.025352 0.088949
0 0.488732 0.301887 0.008451 0.016173
0 0.207042 0.714286 0.008451 0.016173
0 0.685915 0.614555 0.092958 0.043127
0 0.745070 0.423181 0.030986 0.026954
0 0.794366 0.517520 0.016901 0.016173
0 0.239437 0.149596 0.107042 0.035040
0 0.919718 0.053908 0.076056 0.048518
0 0.842254 0.977089 0.084507 0.045822
