0 0.183333 0.587500 0.100000 0.212500
0 0.343333 0.565625 0.140000 0.068750
0 0.456667 0.053125 0.033333 0.043750
0 0.783333 0.521875 0.086667 0.031250
0 0.553333 0.440625 0.120000 0.156250
0 0.936667 0.637500 0.060000 0.100000
0 0.350000 0.918750 0.033333 0.087500
0 0.133333 0.243750 0.040000 0.062500
0 0.606667 0.775000 0.106667 0.137500
0 0.500000 0.306250 0.173333 0.100000
0 0.700000 0.431250 0.160000 0.137500
0 0.063333 0.896875 0.046667 0.031250
0 0.953333 0.300000 0.080000 0.062500
0 0.676667 0.053125 0.020000 0.043750
0 0.786667 0.615625 0.026667 0.043750
0 0.716667 0.796875 0.100000 0.156250
0 0.250000 0.096875 0.180000 0.118750
0 0.650000 0.768750 0.020000 0.050000
0 0.480000 0.700000 0.133333 0.112500
0 0.116667 0.615625 0.020000 0.056250
0 0.320000 0.359375 0.173333 0.131250
0 0.133333 0.059375 0.200000 0.106250
0 0.616667 0.150000 0.020000 0.037500
0 0.446667 0.590625 0.040000 0.093750
0 0.176667 0.393750 0.086667 0.062500
0 0.016667 0.018750 0.020000 0.037500
0 0.243333 0.231250 0.086667 0.100000
0 0.293333 0.200000 0.066667 0.062500
0 0.666667 0.915625 0.026667 0.031250
0 0.536667 0.609375 0.073333 0.056250
0 0.816667 0.150000 0.073333 0.100000
0 0.046667 0.237500 0.040000 0.075000
0 0.096667 0.421875 0.060000 0.131250
0 0.096667 0.068750 0.193333 0.112500
0 0.853333 0.837500 0.093333 0.237500
0 0.223333 0.962500 0.020000 0.037500
0 0.490000 0.225000 0.086667 0.050000
0 0.133333 0.481250 0.146667 0.150000
