0 0.868750 0.856132 0.020833 0.014151
0 0.977083 0.422170 0.029167 0.033019
0 0.850000 0.731132 0.066667 0.066038
0 0.243750 0.903302 0.129167 0.080189
0 0.235417 0.219340 0.012500 0.014151
0 0.452083 0.731132 0.087500 0.113208
0 0.643750 0.823113 0.012500 0.042453
0 0.550000 0.481132 0.075000 0.132075
0 0.377083 0.799528 0.029167 0.023585
0 0.145833 0.308962 0.041667 0.033019
0 0.031250 0.650943 0.054167 0.066038
0 0.150000 0.089623 0.141667 0.075472
0 0.852083 0.514151 0.029167 0.066038
0 0.341667 0.728774 0.125000 0.080189
0 0.781250 0.429245 0.020833 0.037736
0 0.954167 0.176887 0.025000 0.042453
0 0.941667 0.601415 0.016667 0.033019
0 0.516667 0.926887 0.025000 0.033019
0 0.612500 0.860849 0.008333 0.023585
0 0.708333 0.290094 0.008333 0.023585
0 0.725000 0.160377 0.033333 0.047170
