0 0.803226 0.150485 0.019355 0.048544
0 0.297581 0.983010 0.004839 0.014563
0 0.770161 0.315534 0.024194 0.019417
0 0.144355 0.788835 0.008065 0.009709
0 0.497581 0.645631 0.017742 0.063107
0 0.018548 0.746359 0.033871 0.060680
0 0.349194 0.287621 0.050000 0.031553
0 0.794355 0.461165 0.004839 0.014563
0 0.308065 0.036408 0.009677 0.014563
0 0.030645 0.646845 0.048387 0.041262
0 0.812903 0.412621 0.029032 0.067961
0 0.370968 0.719660 0.006452 0.012136
0 0.287903 0.104369 0.024194 0.063107
0 0.086290 0.019417 0.027419 0.019417
0 0.257258 0.047330 0.033871 0.060680
0 0.587903 0.720874 0.030645 0.063107
0 0.054032 0.876214 0.011290 0.043689
0 0.856452 0.052184 0.019355 0.026699
0 0.344355 0.183252 0.014516 0.016990
0 0.912097 0.470874 0.004839 0.014563
0 0.192742 0.976942 0.008065 0.012136
0 0.697581 0.262136 0.004839 0.019417
0 0.003226 0.617718 0.006452 0.012136
0 0.148387 0.876214 0.012903 0.019417
0 0.932258 0.536408 0.022581 0.009709
0 0.532258 0.468447 0.006452 0.014563
0 0.898387 0.058252 0.032258 0.033981
0 0.487903 0.487864 0.008065 0.029126
0 0.979032 0.070388 0.029032 0.067961
0 0.646774 0.714806 0.006452 0.021845
0 0.416129 0.765777 0.041935 0.050971
0 0.917742 0.724515 0.003226 0.021845
0 0.523387 0.075243 0.040323 0.043689
0 0.181452 0.564320 0.020968 0.031553
0 0.028226 0.115291 0.037097 0.055825
0 0.188710 0.523058 0.009677 0.016990
