0 0.090000 0.563333 0.053333 0.053333
0 0.231667 0.075000 0.043333 0.030000
0 0.606667 0.641667 0.120000 0.050000
0 0.791667 0.531667 0.056667 0.076667
0 0.190000 0.670000 0.033333 0.046667
0 0.976667 0.700000 0.013333 0.020000
0 0.548333 0.233333 0.056667 0.106667
0 0.711667 0.565000 0.083333 0.070000
0 0.123333 0.675000 0.046667 0.043333
0 0.046667 0.821667 0.073333 0.083333
0 0.271667 0.270000 0.016667 0.013333
0 0.706667 0.938333 0.006667 0.030000
0 0.420000 0.516667 0.033333 0.073333
0 0.646667 0.821667 0.040000 0.030000
0 0.575000 0.503333 0.103333 0.053333
0 0.145000 0.541667 0.036667 0.043333
0 0.783333 0.753333 0.060000 0.093333
0 0.375000 0.880000 0.010000 0.020000
0 0.838333 0.510000 0.016667 0.013333
0 0.871667 0.220000 0.010000 0.020000
0 0.916667 0.316667 0.166667 0.033333
0 0.751667 0.040000 0.010000 0.020000
0 0.153333 0.088333 0.106667 0.056667
0 0.076667 0.278333 0.020000 0.056667
0 0.515000 0.706667 0.010000 0.020000
0 0.758333 0.465000 0.070000 0.050000
0 0.635000 0.238333 0.083333 0.070000
0 0.050000 0.738333 0.040000 0.050000
0 0.443333 0.290000 0.066667 0.033333
0 0.898333 0.551667 0.070000 0.070000
0 0.683333 0.035000 0.013333 0.023333
0 0.240000 0.723333 0.013333 0.020000
0 0.753333 0.518333 0.013333 0.016667
