0 0.576541 0.309639 0.003976 0.007229
0 0.754473 0.393976 0.005964 0.012048
0 0.963221 0.014458 0.001988 0.014458
0 0.878728 0.589157 0.003976 0.007229
0 0.196819 0.212048 0.019881 0.024096
0 0.497018 0.612048 0.007952 0.014458
0 0.953280 0.751807 0.021869 0.019277
0 0.827038 0.155422 0.019881 0.031325
0 0.930417 0.760241 0.019881 0.026506
0 0.215706 0.606024 0.013917 0.007229
0 0.981113 0.926506 0.013917 0.031325
0 0.904573 0.469880 0.067594 0.019277
0 0.823062 0.496386 0.003976 0.009639
0 0.045726 0.400000 0.031809 0.038554
0 0.601392 0.236145 0.029821 0.024096
0 0.312127 0.603614 0.027833 0.040964
0 0.128231 0.591566 0.037773 0.045783
0 0.395626 0.149398 0.015905 0.024096
0 0.116302 0.846988 0.057654 0.040964
0 0.836978 0.372289 0.039761 0.031325
0 0.786282 0.410843 0.001988 0.007229
0 0.717694 0.444578 0.063618 0.036145
0 0.955268 0.414458 0.009940 0.019277
0 0.981113 0.751807 0.005964 0.019277
0 0.060636 0.697590 0.017893 0.012048
0 0.486083 0.024096 0.061630 0.038554
0 0.302187 0.878313 0.023857 0.016867
0 0.585487 0.046988 0.017893 0.021687
0 0.034791 0.774699 0.001988 0.007229
0 0.550696 0.489157 0.011928 0.038554
0 0.904573 0.902410 0.003976 0.012048
0 0.511928 0.974699 0.025845 0.016867
0 0.056660 0.344578 0.005964 0.004819
