0 0.141429 0.011561 0.008571 0.017341
0 0.978571 0.153179 0.025714 0.005780
0 0.027143 0.676301 0.037143 0.052023
0 0.295714 0.731214 0.008571 0.017341
0 0.470000 0.518786 0.008571 0.020231
0 0.641429 0.838150 0.025714 0.017341
0 0.268571 0.858382 0.080000 0.052023
0 0.361429 0.209538 0.071429 0.060694
0 0.874286 0.446532 0.091429 0.049133
0 0.885714 0.638728 0.062857 0.069364
0 0.384286 0.127168 0.037143 0.057803
0 0.344286 0.117052 0.031429 0.049133
0 0.578571 0.419075 0.082857 0.052023
0 0.845714 0.326590 0.011429 0.017341
0 0.017143 0.689306 0.034286 0.089595
0 0.388571 0.761561 0.028571 0.054913
0 0.511429 0.437861 0.017143 0.008671
0 0.331429 0.040462 0.108571 0.040462
0 0.980000 0.641618 0.040000 0.028902
0 0.152857 0.742775 0.008571 0.023121
0 0.135714 0.382948 0.060000 0.072254
0 0.211429 0.252890 0.011429 0.026012
0 0.484286 0.382948 0.100000 0.043353
0 0.960000 0.852601 0.040000 0.017341
0 0.202857 0.640173 0.022857 0.054913
0 0.195714 0.385838 0.042857 0.049133
0 0.907143 0.803468 0.008571 0.017341
0 0.175714 0.342486 0.025714 0.031792
0 0.644286 0.484104 0.008571 0.020231
0 0.698571 0.260116 0.025714 0.034682
0 0.444286 0.056358 0.014286 0.014451
0 0.712857 0.368497 0.014286 0.037572
0 0.134286 0.910405 0.022857 0.040462
0 0.584286 0.539017 0.025714 0.014451
0 0.775714 0.303468 0.014286 0.011561
0 0.457143 0.686416 0.091429 0.049133
0 0.542857 0.192197 0.102857 0.043353
0 0.034286 0.346821 0.051429 0.080925
0 0.841429 0.362717 0.088571 0.049133
0 0.294286 0.210983 0.051429 0.086705
0 0.884286 0.189306 0.042857 0.043353
0 0.280000 0.911850 0.040000 0.020231
0 0.488571 0.560694 0.011429 0.023121
0 0.770000 0.393064 0.048571 0.092486
0 0.274286 0.157514 0.011429 0.014451
0 0.594286 0.867052 0.062857 0.069364
0 0.077143 0.278902 0.097143 0.043353
0 0.575714 0.361272 0.037143 0.052023
0 0.102857 0.716763 0.074286 0.057803
0 0.458571 0.135838 0.054286 0.052023
0 0.720000 0.744220 0.068571 0.043353
0 0.448571 0.592486 0.034286 0.063584
0 0.952857 0.469653 0.060000 0.054913
0 0.835714 0.799133 0.100000 0.043353
