0 0.919897 0.709974 0.041344 0.070866
0 0.857881 0.120735 0.046512 0.073491
0 0.099483 0.916010 0.059432 0.057743
0 0.961240 0.082677 0.010336 0.018373
0 0.220930 0.104987 0.012920 0.010499
0 0.152455 0.681102 0.046512 0.055118
0 0.640827 0.115486 0.031008 0.047244
0 0.678295 0.931759 0.007752 0.020997
0 0.303618 0.473753 0.007752 0.018373
0 0.705426 0.790026 0.010336 0.026247
0 0.423773 0.770341 0.056848 0.044619
0 0.090439 0.444882 0.077519 0.044619
0 0.766150 0.568241 0.064599 0.055118
0 0.258398 0.510499 0.077519 0.039370
0 0.620155 0.783465 0.062016 0.055118
0 0.691214 0.385827 0.054264 0.036745
0 0.835917 0.383202 0.012920 0.015748
0 0.432817 0.576115 0.007752 0.023622
0 0.484496 0.761155 0.033592 0.078740
0 0.932817 0.481627 0.010336 0.013123
0 0.428941 0.904199 0.015504 0.034121
0 0.271318 0.125984 0.025840 0.036745
0 0.652455 0.173228 0.074935 0.047244
0 0.813953 0.513123 0.072351 0.049869
0 0.626615 0.461942 0.038760 0.041995
0 0.054264 0.751969 0.015504 0.007874
0 0.968992 0.181102 0.051680 0.068241
0 0.073643 0.267717 0.007752 0.015748
0 0.165375 0.753281 0.015504 0.010499
0 0.130491 0.337270 0.033592 0.055118
0 0.807494 0.066929 0.054264 0.028871
0 0.222222 0.465879 0.077519 0.044619
0 0.957364 0.874016 0.007752 0.015748
0 0.781654 0.968504 0.069767 0.052493
