0 0.281469 0.619277 0.008159 0.012048
0 0.969697 0.909639 0.037296 0.014458
0 0.344988 0.081325 0.023310 0.015663
0 0.875291 0.928313 0.030303 0.022892
0 0.372378 0.113253 0.008159 0.004819
0 0.181235 0.041566 0.005828 0.013253
0 0.705128 0.877108 0.027972 0.024096
0 0.117133 0.866867 0.005828 0.006024
0 0.960956 0.748193 0.003497 0.007229
0 0.006993 0.978313 0.004662 0.007229
0 0.393939 0.186145 0.011655 0.015663
0 0.168415 0.040361 0.015152 0.037349
0 0.282634 0.843373 0.003497 0.009639
0 0.203380 0.500602 0.005828 0.008434
0 0.238928 0.293373 0.016317 0.015663
0 0.482517 0.095783 0.025641 0.030120
0 0.399767 0.235542 0.018648 0.039759
0 0.461538 0.301807 0.009324 0.013253
0 0.222028 0.703614 0.038462 0.016867
0 0.756410 0.557831 0.016317 0.009639
0 0.844406 0.220482 0.029138 0.021687
0 0.137529 0.131928 0.037296 0.020482
0 0.244172 0.324699 0.010490 0.010843
0 0.900932 0.595783 0.006993 0.003614
0 0.694056 0.499398 0.022145 0.020482
0 0.937646 0.803012 0.026807 0.025301
0 0.814685 0.550000 0.023310 0.013253
0 0.678322 0.986747 0.023310 0.014458
0 0.585664 0.690964 0.040793 0.018072
0 0.495921 0.026506 0.012821 0.016867
0 0.079837 0.669277 0.031469 0.022892
