0 0.368807 0.154762 0.007339 0.005495
0 0.256881 0.610806 0.003670 0.009158
0 0.204587 0.832418 0.049541 0.034799
0 0.952294 0.669414 0.014679 0.012821
0 0.393578 0.956044 0.053211 0.032967
0 0.843119 0.652930 0.005505 0.005495
0 0.803670 0.112637 0.003670 0.012821
0 0.856881 0.111722 0.036697 0.018315
0 0.975229 0.985348 0.005505 0.007326
0 0.266972 0.130952 0.005505 0.005495
0 0.263303 0.501832 0.049541 0.036630
0 0.439450 0.479853 0.034862 0.018315
0 0.936697 0.562271 0.005505 0.014652
0 0.289908 0.278388 0.003670 0.010989
0 0.042202 0.297619 0.003670 0.009158
0 0.472477 0.077839 0.027523 0.038462
0 0.213761 0.554945 0.020183 0.014652
0 0.418349 0.180403 0.029358 0.009158
0 0.797248 0.091575 0.042202 0.025641
0 0.350459 0.026557 0.022018 0.012821
0 0.530275 0.282051 0.014679 0.018315
0 0.721101 0.119048 0.018349 0.025641
0 0.364220 0.062271 0.020183 0.003663
0 0.123853 0.398352 0.009174 0.016484
0 0.017431 0.353480 0.009174 0.003663
0 0.605505 0.069597 0.003670 0.010989
