0 0.540698 0.200535 0.023256 0.037433
0 0.205426 0.790107 0.062016 0.045455
0 0.874031 0.782086 0.011628 0.008021
0 0.858527 0.356952 0.023256 0.024064
0 0.759690 0.048128 0.027132 0.058824
0 0.161822 0.871658 0.005814 0.016043
0 0.238372 0.410428 0.054264 0.050802
0 0.688953 0.058824 0.005814 0.016043
0 0.683140 0.596257 0.005814 0.016043
0 0.645349 0.089572 0.054264 0.050802
0 0.564922 0.552139 0.036822 0.056150
0 0.747093 0.680481 0.009690 0.018717
0 0.985465 0.622995 0.029070 0.058824
0 0.840116 0.799465 0.052326 0.053476
0 0.611434 0.699198 0.021318 0.024064
0 0.874031 0.292781 0.058140 0.045455
0 0.966085 0.368984 0.009690 0.010695
0 0.572674 0.648396 0.060078 0.045455
0 0.777132 0.504011 0.019380 0.066845
0 0.752907 0.574866 0.021318 0.080214
0 0.202519 0.092246 0.056202 0.045455
0 0.814922 0.331551 0.052326 0.053476
0 0.170543 0.632353 0.034884 0.045455
0 0.434109 0.609626 0.011628 0.010695
0 0.712209 0.522727 0.025194 0.024064
0 0.078488 0.382353 0.005814 0.016043
0 0.703488 0.172460 0.050388 0.056150
0 0.322674 0.442513 0.005814 0.018717
0 0.970930 0.308824 0.007752 0.024064
0 0.608527 0.144385 0.050388 0.053476
0 0.342054 0.074866 0.021318 0.037433
0 0.318798 0.787433 0.005814 0.018717
0 0.950581 0.486631 0.009690 0.010695
0 0.196705 0.197861 0.029070 0.053476
0 0.303295 0.717914 0.025194 0.029412
0 0.725775 0.922460 0.017442 0.016043
0 0.322674 0.577540 0.063953 0.042781
0 0.752907 0.763369 0.052326 0.050802
0 0.231589 0.711230 0.005814 0.016043
0 0.345930 0.934492 0.052326 0.050802
0 0.720930 0.491979 0.007752 0.016043
0 0.132752 0.141711 0.063953 0.042781
