0 0.035294 0.240209 0.014706 0.046997
0 0.741176 0.437337 0.020588 0.054830
0 0.325735 0.809399 0.019118 0.026110
0 0.905882 0.507833 0.005882 0.018277
0 0.333088 0.386423 0.004412 0.015666
0 0.533824 0.433420 0.038235 0.052219
0 0.587500 0.453003 0.027941 0.018277
0 0.434559 0.197128 0.004412 0.018277
0 0.960294 0.116188 0.026471 0.075718
0 0.805147 0.894256 0.039706 0.033943
0 0.199265 0.396867 0.004412 0.015666
0 0.280147 0.112272 0.025000 0.046997
0 0.933088 0.297650 0.033824 0.057441
0 0.755147 0.665796 0.025000 0.083551
0 0.724265 0.428198 0.010294 0.036554
0 0.751471 0.441253 0.014706 0.026110
0 0.922794 0.740209 0.033824 0.049608
0 0.392647 0.676240 0.014706 0.046997
0 0.927206 0.483029 0.030882 0.031332
0 0.244853 0.596606 0.007353 0.018277
0 0.182353 0.450392 0.038235 0.023499
0 0.306618 0.657963 0.004412 0.015666
0 0.533824 0.298956 0.005882 0.013055
0 0.263235 0.723238 0.017647 0.031332
0 0.811765 0.732376 0.017647 0.023499
0 0.711765 0.654047 0.047059 0.044386
0 0.725735 0.385117 0.066176 0.028721
0 0.106618 0.352480 0.036765 0.057441
0 0.927206 0.597911 0.039706 0.052219
0 0.111029 0.690601 0.010294 0.028721
0 0.010294 0.450392 0.014706 0.054830
0 0.683088 0.143603 0.030882 0.026110
0 0.719118 0.941253 0.005882 0.013055
0 0.750000 0.121410 0.047059 0.044386
0 0.367647 0.116188 0.008824 0.039164
0 0.575735 0.895561 0.004412 0.015666
