0 0.195388 0.790727 0.065534 0.042607
0 0.367718 0.520050 0.026699 0.007519
0 0.139563 0.418546 0.036408 0.040100
0 0.506068 0.322055 0.075243 0.042607
0 0.611650 0.220551 0.009709 0.015038
0 0.132282 0.922306 0.046117 0.070175
0 0.226942 0.280702 0.007282 0.015038
0 0.796117 0.357143 0.038835 0.047619
0 0.740291 0.393484 0.009709 0.015038
0 0.515777 0.640351 0.016990 0.032581
0 0.050971 0.260652 0.019417 0.045113
0 0.813107 0.869674 0.038835 0.080201
0 0.947816 0.385965 0.026699 0.035088
0 0.729369 0.909774 0.065534 0.045113
0 0.020631 0.874687 0.041262 0.040100
0 0.299757 0.335840 0.031553 0.065163
0 0.475728 0.266917 0.009709 0.012531
0 0.496359 0.709273 0.070388 0.045113
0 0.264563 0.130326 0.077670 0.040100
0 0.339806 0.377193 0.029126 0.022556
0 0.742718 0.363409 0.053398 0.025063
0 0.178398 0.901003 0.007282 0.017544
0 0.544903 0.914787 0.007282 0.015038
0 0.343447 0.593985 0.036408 0.090226
0 0.774272 0.784461 0.029126 0.045113
0 0.046117 0.186717 0.033981 0.042607
0 0.042476 0.135338 0.026699 0.055138
