0 0.765625 0.633333 0.018750 0.050000
0 0.602344 0.318056 0.039062 0.036111
0 0.105469 0.579167 0.042188 0.019444
0 0.615625 0.938889 0.015625 0.038889
0 0.061719 0.906944 0.035937 0.041667
0 0.275781 0.772222 0.010937 0.022222
0 0.510938 0.361111 0.021875 0.027778
0 0.804688 0.158333 0.040625 0.055556
0 0.619531 0.597222 0.017188 0.050000
0 0.325781 0.802778 0.023438 0.100000
0 0.042188 0.768056 0.028125 0.080556
0 0.716406 0.259722 0.004687 0.013889
0 0.946094 0.052778 0.007812 0.005556
0 0.904687 0.098611 0.003125 0.019444
0 0.480469 0.897222 0.007812 0.038889
0 0.164844 0.937500 0.032813 0.019444
0 0.450781 0.958333 0.020313 0.016667
0 0.114062 0.206944 0.040625 0.058333
0 0.105469 0.763889 0.010937 0.027778
0 0.635938 0.301389 0.003125 0.013889
