0 0.793000 0.247708 0.003333 0.010417
0 0.679167 0.934583 0.006333 0.010833
0 0.782167 0.201250 0.001000 0.002500
0 0.018167 0.050625 0.001000 0.003750
0 0.622833 0.217083 0.008333 0.009167
0 0.544000 0.947292 0.006000 0.012083
0 0.734500 0.332917 0.001667 0.001667
0 0.045000 0.266667 0.004667 0.006667
0 0.321833 0.106250 0.001000 0.003333
0 0.028500 0.975000 0.006333 0.011667
0 0.692667 0.536875 0.011333 0.006250
0 0.069667 0.581250 0.004000 0.002500
0 0.938333 0.878958 0.002000 0.006250
0 0.274833 0.835208 0.002333 0.006250
0 0.776500 0.375833 0.003667 0.001667
0 0.602500 0.309375 0.003000 0.006250
0 0.661000 0.498125 0.006000 0.005417
0 0.665000 0.020417 0.006000 0.008333
0 0.032667 0.730208 0.002000 0.003750
0 0.642167 0.973542 0.010333 0.007083
0 0.265833 0.996667 0.001667 0.001667
0 0.053000 0.121458 0.003333 0.009583
0 0.112833 0.364792 0.002333 0.004583
0 0.901833 0.361667 0.011000 0.006667
0 0.283167 0.105417 0.001000 0.002500
0 0.588167 0.216042 0.004333 0.009583
0 0.492833 0.145417 0.009000 0.008333
0 0.082333 0.407292 0.004667 0.002083
0 0.121833 0.113125 0.007000 0.010417
0 0.476833 0.148750 0.001000 0.002500
0 0.252000 0.590000 0.010000 0.007500
0 0.693333 0.704792 0.004000 0.007083
0 0.724500 0.584167 0.001000 0.002500
0 0.746833 0.017500 0.005000 0.014167
0 0.853000 0.896042 0.001333 0.002083
0 0.420000 0.184583 0.001333 0.002500
0 0.482167 0.009375 0.003000 0.002083
