0 0.808105 0.582031 0.001953 0.004340
0 0.916992 0.944878 0.003906 0.016493
0 0.640869 0.211372 0.012207 0.007812
0 0.768066 0.280816 0.008789 0.011285
0 0.269775 0.051649 0.016113 0.013021
0 0.305176 0.704861 0.006836 0.015625
0 0.565918 0.273438 0.007812 0.029514
0 0.588867 0.098958 0.011719 0.019097
0 0.820801 0.795139 0.008789 0.024306
0 0.188477 0.386719 0.001953 0.004340
0 0.157959 0.685330 0.002441 0.006076
0 0.816406 0.618490 0.008789 0.014757
0 0.039062 0.057292 0.007812 0.026042
0 0.771240 0.499132 0.002441 0.003472
0 0.267822 0.648003 0.007324 0.004340
0 0.118164 0.295573 0.003906 0.011285
0 0.805908 0.504340 0.001465 0.005208
0 0.733398 0.346354 0.005859 0.006944
0 0.692139 0.338976 0.003418 0.016493
0 0.393066 0.457031 0.006836 0.025174
0 0.242920 0.276910 0.008301 0.015625
0 0.735352 0.973090 0.003906 0.008681
0 0.183838 0.709201 0.007324 0.017361
0 0.540283 0.956163 0.004395 0.009549
0 0.879395 0.674913 0.012695 0.018229
0 0.567383 0.190538 0.001953 0.004340
0 0.535156 0.220920 0.010742 0.021701
0 0.514648 0.386719 0.015625 0.014757
0 0.915283 0.493924 0.004395 0.010417
0 0.396729 0.530382 0.020020 0.010417
0 0.717041 0.433160 0.008301 0.022569
0 0.741699 0.740017 0.000977 0.007812
0 0.155273 0.679253 0.001953 0.009549
0 0.392334 0.058160 0.001465 0.005208
0 0.863525 0.832899 0.007324 0.007812
0 0.265381 0.527344 0.020020 0.011285
0 0.228271 0.402344 0.002441 0.006076
0 0.335449 0.668837 0.001953 0.004340
0 0.776855 0.631076 0.015625 0.013889
0 0.296143 0.565972 0.004395 0.019097
0 0.080322 0.611979 0.002441 0.003472
0 0.677979 0.154948 0.0151367 0.0651042
0 0.808594 0.644965 0.0166016 0.0572917
0 0.62793 0.556858 0.0175781 0.0668403
0 0.921631 0.0616319 0.0131836 0.0607639
0 0.665527 0.151476 0.0146484 0.0633681
0 0.592041 0.557726 0.0229492 0.0737847
0 0.969727 0.194878 0.0146484 0.0633681
0 0.932617 0.0651042 0.0195312 0.0677083
0 0.68335 0.149306 0.0170898 0.0607639
0 0.678955 0.177517 0.0141602 0.0581597
0 0.565918 0.10026 0.0146484 0.0598958
0 0.773682 0.0516493 0.0180664 0.0546875
0 0.845459 0.108507 0.0141602 0.0607639
0 0.85376 0.126736 0.0161133 0.0746528
0 0.947754 0.21224 0.0146484 0.0598958
0 0.890137 0.0607639 0.0166016 0.0659722
0 0.825684 0.0972222 0.0214844 0.0885417
0 0.908936 0.0551215 0.019043 0.0668403
