0 0.225962 0.015581 0.004808 0.014164
0 0.389423 0.065156 0.033654 0.056657
0 0.750000 0.652975 0.024038 0.014164
0 0.159856 0.181303 0.050481 0.056657
0 0.581731 0.637394 0.019231 0.011331
0 0.461538 0.433428 0.009615 0.022663
0 0.972356 0.838527 0.007212 0.011331
0 0.072115 0.611898 0.057692 0.062323
0 0.689904 0.743626 0.038462 0.019830
0 0.332933 0.888102 0.007212 0.014164
0 0.241587 0.243626 0.069712 0.050992
0 0.153846 0.008499 0.033654 0.016997
0 0.467548 0.705382 0.016827 0.011331
0 0.838942 0.580737 0.038462 0.050992
0 0.710337 0.830028 0.026442 0.045326
0 0.210337 0.672805 0.040865 0.025496
0 0.052885 0.912181 0.024038 0.067989
0 0.849760 0.273371 0.007212 0.008499
0 0.445913 0.811615 0.012019 0.025496
0 0.587740 0.934844 0.026442 0.084986
0 0.368990 0.743626 0.055288 0.031161
0 0.120192 0.971671 0.062500 0.056657
0 0.153846 0.440510 0.043269 0.048159
0 0.534856 0.633144 0.069712 0.042493
0 0.588942 0.882436 0.014423 0.014164
0 0.032452 0.096317 0.007212 0.011331
0 0.211538 0.138810 0.004808 0.016997
0 0.040865 0.062323 0.038462 0.045326
0 0.909856 0.174221 0.012019 0.014164
