0 0.747573 0.418269 0.006472 0.028846
0 0.134304 0.330128 0.087379 0.064103
0 0.762136 0.695513 0.016181 0.012821
0 0.472492 0.200321 0.006472 0.028846
0 0.090615 0.500000 0.051780 0.051282
0 0.470874 0.733974 0.016181 0.019231
0 0.182848 0.253205 0.009709 0.019231
0 0.776699 0.565705 0.051780 0.073718
0 0.833333 0.724359 0.016181 0.012821
0 0.749191 0.342949 0.042071 0.108974
0 0.365696 0.415064 0.045307 0.048077
0 0.988673 0.647436 0.009709 0.019231
0 0.354369 0.612179 0.022654 0.012821
0 0.223301 0.766026 0.019417 0.038462
0 0.182848 0.394231 0.009709 0.019231
0 0.118123 0.410256 0.067961 0.070513
0 0.558252 0.756410 0.048544 0.038462
0 0.687702 0.402244 0.022654 0.035256
0 0.176375 0.152244 0.029126 0.080128
0 0.634304 0.540064 0.090615 0.060897
0 0.642395 0.041667 0.009709 0.019231
0 0.702265 0.972756 0.103560 0.035256
0 0.622977 0.480769 0.106796 0.051282
0 0.849515 0.477564 0.042071 0.083333
0 0.085761 0.600962 0.016181 0.028846
0 0.584142 0.272436 0.106796 0.051282
0 0.444984 0.128205 0.009709 0.025641
0 0.017799 0.908654 0.009709 0.022436
0 0.621359 0.334936 0.045307 0.054487
0 0.957929 0.887821 0.012945 0.019231
