0 0.416364 0.451852 0.010909 0.022222
0 0.789091 0.216667 0.109091 0.062963
0 0.820000 0.894444 0.025455 0.033333
0 0.478182 0.820370 0.083636 0.085185
0 0.960000 0.468519 0.014545 0.048148
0 0.763636 0.079630 0.014545 0.018519
0 0.852727 0.459259 0.061818 0.022222
0 0.638182 0.061111 0.032727 0.018519
0 0.505455 0.509259 0.029091 0.100000
0 0.156364 0.824074 0.014545 0.033333
0 0.352727 0.766667 0.043636 0.103704
0 0.554545 0.303704 0.120000 0.059259
0 0.400000 0.385185 0.021818 0.029630
0 0.289091 0.242593 0.047273 0.070370
0 0.438182 0.979630 0.010909 0.040741
0 0.910909 0.609259 0.061818 0.033333
0 0.227273 0.368519 0.090909 0.077778
0 0.729091 0.174074 0.018182 0.014815
0 0.674545 0.588889 0.010909 0.022222
0 0.687273 0.822222 0.014545 0.044444
0 0.596364 0.761111 0.021818 0.033333
0 0.821818 0.566667 0.101818 0.066667
0 0.710909 0.211111 0.010909 0.029630
0 0.240000 0.168519 0.050909 0.062963
0 0.145455 0.668519 0.094545 0.070370
0 0.518182 0.014815 0.025455 0.014815
0 0.552727 0.253704 0.007273 0.033333
