0 0.334152 0.723288 0.054054 0.027397
0 0.447174 0.187671 0.049140 0.068493
0 0.060197 0.038356 0.076167 0.043836
0 0.448403 0.745205 0.012285 0.032877
0 0.905405 0.680822 0.031941 0.046575
0 0.571253 0.028767 0.085995 0.041096
0 0.803440 0.361644 0.073710 0.049315
0 0.694103 0.246575 0.007371 0.016438
0 0.562654 0.602740 0.009828 0.016438
0 0.599509 0.957534 0.019656 0.046575
0 0.249386 0.538356 0.007371 0.019178
0 0.724816 0.280822 0.009828 0.013699
0 0.670762 0.041096 0.029484 0.076712
0 0.066339 0.672603 0.034398 0.013699
0 0.339066 0.480822 0.044226 0.079452
0 0.309582 0.498630 0.009828 0.016438
0 0.371007 0.682192 0.014742 0.032877
0 0.481572 0.987671 0.009828 0.013699
0 0.393120 0.575342 0.014742 0.021918
0 0.212531 0.873973 0.041769 0.049315
0 0.855037 0.561644 0.029484 0.049315
0 0.652334 0.808219 0.012285 0.010959
0 0.237101 0.657534 0.051597 0.021918
0 0.024570 0.015068 0.044226 0.030137
0 0.318182 0.358904 0.007371 0.016438
0 0.105651 0.619178 0.034398 0.005479
0 0.025799 0.620548 0.017199 0.013699
0 0.942260 0.184932 0.027027 0.052055
0 0.689189 0.520548 0.031941 0.104110
0 0.567568 0.439726 0.063882 0.046575
0 0.699017 0.790411 0.007371 0.019178
0 0.857494 0.623288 0.034398 0.019178
0 0.488943 0.287671 0.063882 0.054795
0 0.249386 0.568493 0.022113 0.030137
0 0.636364 0.020548 0.034398 0.035616
0 0.649877 0.456164 0.041769 0.084932
0 0.453317 0.672603 0.007371 0.030137
