0 0.040462 0.167151 0.052023 0.043605
0 0.385838 0.741279 0.060694 0.046512
0 0.778902 0.190407 0.031792 0.055233
0 0.719653 0.216570 0.080925 0.037791
0 0.562139 0.780523 0.008671 0.031977
0 0.486994 0.322674 0.037572 0.087209
0 0.111272 0.966570 0.054913 0.066860
0 0.283237 0.494186 0.063584 0.069767
0 0.526012 0.425872 0.011561 0.014535
0 0.932081 0.556686 0.083815 0.049419
0 0.322254 0.732558 0.054913 0.081395
0 0.712428 0.856105 0.031792 0.055233
0 0.828035 0.558140 0.008671 0.017442
0 0.946532 0.856105 0.014451 0.014535
0 0.202312 0.244186 0.028902 0.046512
0 0.179191 0.928779 0.005780 0.026163
0 0.878613 0.427326 0.011561 0.017442
0 0.830925 0.302326 0.008671 0.017442
0 0.920520 0.984012 0.014451 0.026163
0 0.895954 0.824128 0.040462 0.049419
0 0.819364 0.674419 0.008671 0.017442
0 0.257225 0.046512 0.017341 0.023256
0 0.410405 0.095930 0.028902 0.046512
0 0.044798 0.106105 0.072254 0.061047
0 0.160405 0.616279 0.026012 0.058140
0 0.209538 0.581395 0.037572 0.058140
0 0.856936 0.577035 0.020231 0.037791
0 0.271676 0.649709 0.052023 0.066860
0 0.384393 0.944767 0.069364 0.063953
0 0.524566 0.973837 0.008671 0.023256
