0 0.348485 0.419847 0.077441 0.083969
0 0.814815 0.332061 0.074074 0.083969
0 0.282828 0.223282 0.020202 0.057252
0 0.395623 0.230916 0.016835 0.026718
0 0.481481 0.648855 0.033670 0.022901
0 0.101010 0.299618 0.033670 0.095420
0 0.597643 0.515267 0.070707 0.038168
0 0.510101 0.248092 0.003367 0.022901
0 0.831650 0.942748 0.060606 0.045802
0 0.079125 0.469466 0.016835 0.015267
0 0.744108 0.337786 0.060606 0.087786
0 0.570707 0.599237 0.010101 0.030534
0 0.425926 0.162214 0.016835 0.072519
0 0.705387 0.956107 0.077441 0.080153
0 0.867003 0.818702 0.003367 0.011450
0 0.611111 0.295802 0.023569 0.041985
0 0.043771 0.917939 0.067340 0.080153
0 0.792929 0.929389 0.010101 0.041985
0 0.308081 0.106870 0.016835 0.015267
0 0.245791 0.381679 0.020202 0.022901
0 0.341751 0.347328 0.124579 0.053435
0 0.042088 0.269084 0.077441 0.049618
0 0.425926 0.656489 0.003367 0.015267
0 0.494949 0.696565 0.006734 0.019084
0 0.888889 0.312977 0.020202 0.030534
0 0.372054 0.240458 0.023569 0.053435
0 0.663300 0.135496 0.006734 0.011450
0 0.203704 0.412214 0.043771 0.030534
0 0.003367 0.896947 0.006734 0.007634
