0 0.356308 0.927602 0.058411 0.031674
0 0.148364 0.752262 0.016355 0.020362
0 0.537383 0.831448 0.070093 0.038462
0 0.856308 0.754525 0.025701 0.029412
0 0.621495 0.822398 0.004673 0.006787
0 0.475467 0.109729 0.053738 0.047511
0 0.030374 0.605204 0.032710 0.024887
0 0.796729 0.106335 0.009346 0.018100
0 0.665888 0.306561 0.032710 0.079186
0 0.398364 0.776018 0.016355 0.027149
0 0.558411 0.696833 0.032710 0.031674
0 0.551402 0.604072 0.004673 0.009050
0 0.841121 0.282805 0.018692 0.045249
0 0.982477 0.238688 0.025701 0.061086
0 0.877336 0.409502 0.002336 0.009050
0 0.731308 0.324661 0.004673 0.006787
0 0.637850 0.878959 0.004673 0.006787
0 0.271028 0.680995 0.023364 0.013575
0 0.339953 0.889140 0.072430 0.036199
0 0.594626 0.414027 0.035047 0.036199
0 0.477804 0.417421 0.035047 0.052036
0 0.759346 0.111991 0.014019 0.024887
0 0.383178 0.566742 0.056075 0.047511
0 0.925234 0.045249 0.018692 0.040724
0 0.376168 0.966063 0.004673 0.004525
0 0.496495 0.805430 0.007009 0.018100
0 0.221963 0.699095 0.056075 0.031674
0 0.100467 0.495475 0.056075 0.036199
0 0.889019 0.015837 0.030374 0.031674
0 0.827103 0.536199 0.070093 0.036199
