0 0.430769 0.154321 0.071795 0.074074
0 0.733333 0.049383 0.164103 0.098765
0 0.623077 0.015432 0.046154 0.030864
0 0.912821 0.546296 0.051282 0.117284
0 0.848718 0.858025 0.035897 0.074074
0 0.876923 0.459877 0.020513 0.030864
0 0.412821 0.743827 0.066667 0.092593
0 0.282051 0.570988 0.112821 0.092593
0 0.176923 0.685185 0.138462 0.123457
0 0.966667 0.043210 0.056410 0.049383
0 0.584615 0.015432 0.020513 0.030864
0 0.166667 0.592593 0.025641 0.049383
0 0.387179 0.987654 0.015385 0.024691
0 0.523077 0.675926 0.010256 0.030864
0 0.082051 0.206790 0.020513 0.043210
0 0.746154 0.293210 0.138462 0.117284
0 0.533333 0.111111 0.071795 0.222222
0 0.897436 0.324074 0.082051 0.092593
0 0.384615 0.246914 0.010256 0.037037
0 0.066667 0.604938 0.061538 0.086420
0 0.525641 0.283951 0.015385 0.024691
0 0.748718 0.768519 0.010256 0.030864
0 0.310256 0.256173 0.087179 0.055556
0 0.407692 0.651235 0.087179 0.067901
0 0.484615 0.021605 0.015385 0.043210
0 0.015385 0.564815 0.030769 0.030864
0 0.061538 0.533951 0.123077 0.104938
0 0.861538 0.237654 0.020513 0.018519
