0 0.907121 0.080745 0.018576 0.012422
0 0.566563 0.762422 0.012384 0.015528
0 0.513932 0.164596 0.043344 0.055901
0 0.568111 0.545031 0.071207 0.071429
0 0.871517 0.083851 0.046440 0.031056
0 0.501548 0.083851 0.086687 0.055901
0 0.427245 0.282609 0.080495 0.043478
0 0.498452 0.541925 0.012384 0.015528
0 0.473684 0.791925 0.074303 0.068323
0 0.924149 0.909938 0.095975 0.049689
0 0.489164 0.493789 0.080495 0.043478
0 0.388545 0.656832 0.009288 0.027950
0 0.377709 0.296584 0.012384 0.015528
0 0.063467 0.838509 0.009288 0.024845
0 0.136223 0.787267 0.086687 0.059006
0 0.738390 0.559006 0.083591 0.055901
0 0.400929 0.486025 0.052632 0.065217
0 0.803406 0.801242 0.021672 0.055901
0 0.410217 0.692547 0.009288 0.018634
0 0.478328 0.459627 0.021672 0.018634
0 0.475232 0.560559 0.027864 0.065217
0 0.713622 0.246894 0.009288 0.021739
0 0.069659 0.406832 0.046440 0.086957
0 0.143963 0.742236 0.052632 0.024845
0 0.252322 0.874224 0.009288 0.021739
0 0.453560 0.406832 0.034056 0.024845
0 0.986068 0.700311 0.027864 0.021739
0 0.298762 0.346273 0.046440 0.052795
0 0.911765 0.683230 0.009288 0.018634
0 0.707430 0.440994 0.108359 0.043478
0 0.667183 0.900621 0.009288 0.018634
0 0.188854 0.403727 0.043344 0.068323
0 0.688854 0.344720 0.089783 0.049689
0 0.171827 0.277950 0.052632 0.090062
0 0.797214 0.186335 0.046440 0.049689
0 0.368421 0.871118 0.092879 0.034161
0 0.414861 0.386646 0.037152 0.059006
0 0.424149 0.638199 0.068111 0.077640
0 0.814241 0.436335 0.049536 0.077640
0 0.489164 0.742236 0.030960 0.024845
0 0.956656 0.074534 0.061920 0.074534
