0 0.627869 0.215361 0.055738 0.033133
0 0.147541 0.468373 0.026230 0.021084
0 0.260656 0.858434 0.055738 0.060241
0 0.724590 0.200301 0.006557 0.009036
0 0.440984 0.408133 0.036066 0.021084
0 0.308197 0.472892 0.019672 0.030120
0 0.537705 0.448795 0.059016 0.024096
0 0.013115 0.796687 0.019672 0.045181
0 0.536066 0.865964 0.009836 0.015060
0 0.863934 0.893072 0.022951 0.015060
0 0.432787 0.891566 0.032787 0.042169
0 0.826230 0.391566 0.006557 0.018072
0 0.383607 0.394578 0.039344 0.036145
0 0.732787 0.859940 0.022951 0.015060
0 0.531148 0.704819 0.013115 0.012048
0 0.449180 0.457831 0.111475 0.042169
0 0.226230 0.362952 0.045902 0.051205
0 0.883607 0.147590 0.036066 0.054217
0 0.711475 0.584337 0.006557 0.006024
0 0.413115 0.254518 0.059016 0.075301
0 0.070492 0.914157 0.062295 0.021084
0 0.831148 0.593373 0.009836 0.006024
0 0.211475 0.400602 0.062295 0.018072
0 0.619672 0.396084 0.006557 0.015060
0 0.495082 0.200301 0.091803 0.033133
