0 0.396476 0.744493 0.167401 0.061674
0 0.810573 0.182819 0.017621 0.022026
0 0.381057 0.469163 0.127753 0.074890
0 0.244493 0.381057 0.030837 0.057269
0 0.546256 0.469163 0.070485 0.110132
0 0.766520 0.129956 0.158590 0.066079
0 0.757709 0.777533 0.035242 0.039648
0 0.823789 0.387665 0.114537 0.088106
0 0.277533 0.856828 0.017621 0.022026
0 0.196035 0.810573 0.136564 0.070485
0 0.070485 0.306167 0.070485 0.057269
0 0.515419 0.088106 0.105727 0.096916
0 0.079295 0.429515 0.070485 0.110132
0 0.174009 0.658590 0.118943 0.083700
0 0.788546 0.724670 0.176211 0.057269
0 0.585903 0.321586 0.140969 0.070485
0 0.378855 0.414097 0.070485 0.026432
0 0.063877 0.885463 0.022026 0.052863
0 0.092511 0.715859 0.017621 0.039648
0 0.612335 0.614537 0.132159 0.074890
0 0.841410 0.647577 0.123348 0.079295
0 0.213656 0.392070 0.013216 0.026432
0 0.506608 0.533040 0.123348 0.079295
0 0.235683 0.581498 0.101322 0.052863
0 0.667401 0.059471 0.048458 0.066079
0 0.526432 0.392070 0.022026 0.035242
0 0.775330 0.583700 0.017621 0.022026
0 0.691630 0.590308 0.123348 0.079295
0 0.191630 0.436123 0.057269 0.026432
0 0.310573 0.693833 0.013216 0.030837
0 0.363436 0.938326 0.110132 0.079295
0 0.050661 0.654185 0.074890 0.048458
0 0.563877 0.253304 0.070485 0.057269
0 0.088106 0.178414 0.132159 0.074890
0 0.605727 0.079295 0.066079 0.158590
0 0.748899 0.900881 0.096916 0.110132
0 0.515419 0.154185 0.096916 0.105727
0 0.048458 0.215859 0.096916 0.105727
0 0.273128 0.687225 0.052863 0.132159
0 0.711454 0.674009 0.013216 0.035242
0 0.570485 0.704846 0.048458 0.096916
0 0.729075 0.361233 0.074890 0.140969
0 0.425110 0.046256 0.118943 0.083700
0 0.345815 0.070485 0.083700 0.114537
