0 0.541935 0.850129 0.009677 0.041344
0 0.641935 0.489664 0.041935 0.049096
0 0.157258 0.183463 0.020968 0.051680
0 0.288710 0.050388 0.006452 0.012920
0 0.429839 0.085271 0.033871 0.067183
0 0.702419 0.722222 0.014516 0.028424
0 0.593548 0.037468 0.016129 0.028424
0 0.130645 0.532300 0.029032 0.072351
0 0.400000 0.430233 0.009677 0.007752
0 0.653226 0.705426 0.029032 0.072351
0 0.653226 0.308786 0.009677 0.043928
0 0.326613 0.806202 0.040323 0.056848
0 0.449194 0.258398 0.004839 0.015504
0 0.039516 0.131783 0.004839 0.015504
0 0.850806 0.487080 0.004839 0.023256
0 0.337097 0.233850 0.045161 0.049096
0 0.866935 0.056848 0.004839 0.015504
0 0.206452 0.179587 0.032258 0.059432
0 0.187903 0.598191 0.027419 0.059432
0 0.924194 0.443152 0.009677 0.018088
0 0.611290 0.835917 0.016129 0.018088
0 0.808871 0.665375 0.037097 0.018088
0 0.970161 0.515504 0.008065 0.012920
0 0.550000 0.492248 0.009677 0.007752
0 0.443548 0.826873 0.019355 0.041344
0 0.912903 0.523256 0.029032 0.074935
