0 0.148871 0.263265 0.034908 0.040816
0 0.952772 0.485714 0.053388 0.040816
0 0.839836 0.760204 0.008214 0.010204
0 0.253593 0.512245 0.010267 0.008163
0 0.873717 0.508163 0.010267 0.008163
0 0.610883 0.976531 0.018480 0.034694
0 0.382957 0.759184 0.006160 0.012245
0 0.320329 0.715306 0.028747 0.034694
0 0.350103 0.767347 0.043121 0.024490
0 0.927105 0.281633 0.010267 0.012245
0 0.549281 0.891837 0.006160 0.016327
0 0.344969 0.707143 0.012320 0.006122
0 0.701232 0.902041 0.006160 0.012245
0 0.597536 0.045918 0.036961 0.046939
0 0.608830 0.124490 0.014374 0.032653
0 0.457906 0.656122 0.008214 0.010204
0 0.409651 0.855102 0.006160 0.012245
0 0.940452 0.333673 0.008214 0.010204
0 0.826489 0.415306 0.043121 0.051020
0 0.116016 0.711224 0.010267 0.018367
0 0.467146 0.204082 0.039014 0.053061
0 0.978439 0.960204 0.039014 0.046939
0 0.708419 0.987755 0.008214 0.024490
0 0.556468 0.431633 0.041068 0.042857
0 0.539014 0.947959 0.051335 0.042857
0 0.532854 0.261224 0.006160 0.012245
0 0.127310 0.776531 0.008214 0.014286
0 0.495893 0.425510 0.022587 0.042857
