0 0.754237 0.601868 0.010169 0.008489
0 0.144068 0.768251 0.010169 0.015280
0 0.880508 0.409168 0.035593 0.044143
0 0.918644 0.936333 0.003390 0.015280
0 0.845763 0.848048 0.013559 0.005093
0 0.400847 0.515280 0.008475 0.015280
0 0.531356 0.658744 0.008475 0.006791
0 0.365254 0.533956 0.052542 0.028862
0 0.086441 0.926995 0.013559 0.023769
0 0.270339 0.557725 0.018644 0.045840
0 0.100000 0.572156 0.010169 0.030560
0 0.096610 0.022920 0.054237 0.028862
0 0.770339 0.088285 0.005085 0.010187
0 0.224576 0.161290 0.045763 0.033956
0 0.851695 0.184211 0.008475 0.015280
0 0.867797 0.965195 0.027119 0.035654
0 0.362712 0.687606 0.020339 0.013582
0 0.520339 0.904075 0.020339 0.035654
0 0.385593 0.063667 0.045763 0.032258
0 0.397458 0.387946 0.025424 0.056027
0 0.713559 0.848896 0.023729 0.054329
0 0.083898 0.981324 0.008475 0.010187
0 0.343220 0.269949 0.011864 0.030560
0 0.500847 0.465195 0.055932 0.027165
0 0.716102 0.587436 0.035593 0.044143
0 0.431356 0.596774 0.025424 0.049236
0 0.614407 0.209677 0.011864 0.011885
0 0.253390 0.518676 0.028814 0.028862
0 0.867797 0.543294 0.027119 0.037351
0 0.602542 0.413413 0.032203 0.015280
0 0.661864 0.207980 0.005085 0.011885
0 0.549153 0.854839 0.006780 0.015280
0 0.951695 0.623090 0.042373 0.037351
0 0.604237 0.824278 0.005085 0.015280
0 0.272881 0.163837 0.027119 0.056027
0 0.244068 0.567912 0.027119 0.039049
0 0.761017 0.089983 0.006780 0.023769
0 0.194915 0.424448 0.006780 0.013582
0 0.477966 0.170628 0.006780 0.008489
0 0.794915 0.536503 0.010169 0.010187
