0 0.314189 0.168919 0.108108 0.054054
0 0.663851 0.918919 0.104730 0.027027
0 0.204392 0.246622 0.023649 0.047297
0 0.543919 0.498311 0.060811 0.064189
0 0.060811 0.805743 0.101351 0.057432
0 0.277027 0.297297 0.087838 0.067568
0 0.498311 0.298986 0.010135 0.023649
0 0.567568 0.065878 0.067568 0.084459
0 0.385135 0.831081 0.087838 0.040541
0 0.643581 0.310811 0.016892 0.013514
0 0.721284 0.597973 0.016892 0.013514
0 0.702703 0.812500 0.013514 0.016892
0 0.116554 0.658784 0.043919 0.033784
0 0.824324 0.211149 0.027027 0.043919
0 0.145270 0.875000 0.013514 0.020270
0 0.484797 0.369932 0.016892 0.037162
0 0.304054 0.537162 0.033784 0.047297
0 0.584459 0.923986 0.047297 0.131757
0 0.853041 0.741554 0.057432 0.043919
0 0.239865 0.910473 0.040541 0.077703
0 0.062500 0.094595 0.010135 0.020270
0 0.940878 0.385135 0.091216 0.067568
0 0.405405 0.702703 0.087838 0.067568
0 0.814189 0.795608 0.020270 0.030405
0 0.888514 0.472973 0.060811 0.101351
0 0.261824 0.778716 0.084459 0.070946
0 0.052365 0.695946 0.064189 0.094595
0 0.521959 0.059122 0.016892 0.016892
0 0.738176 0.756757 0.010135 0.020270
