0 0.911538 0.817949 0.043590 0.041026
0 0.108974 0.515385 0.023077 0.025641
0 0.156410 0.230769 0.010256 0.010256
0 0.374359 0.688462 0.005128 0.007692
0 0.367949 0.189744 0.002564 0.010256
0 0.311538 0.793590 0.043590 0.038462
0 0.311538 0.267949 0.043590 0.028205
0 0.598718 0.282051 0.033333 0.041026
0 0.535897 0.935897 0.010256 0.015385
0 0.175641 0.876923 0.023077 0.030769
0 0.608974 0.093590 0.038462 0.028205
0 0.657692 0.039744 0.028205 0.043590
0 0.715385 0.470513 0.076923 0.038462
0 0.623077 0.157692 0.030769 0.028205
0 0.550000 0.307692 0.058974 0.020513
0 0.423077 0.600000 0.010256 0.015385
0 0.420513 0.565385 0.071795 0.043590
0 0.557692 0.580769 0.002564 0.002564
0 0.343590 0.950000 0.015385 0.028205
0 0.544872 0.203846 0.043590 0.043590
0 0.684615 0.051282 0.010256 0.015385
0 0.976923 0.674359 0.025641 0.041026
0 0.253846 0.585897 0.030769 0.064103
0 0.080769 0.644872 0.033333 0.028205
0 0.480769 0.776923 0.033333 0.041026
