0 0.697324 0.034181 0.020067 0.030207
0 0.612876 0.674086 0.008361 0.012719
0 0.982441 0.631955 0.035117 0.039746
0 0.219900 0.538951 0.028428 0.025437
0 0.976589 0.538156 0.036789 0.036566
0 0.532609 0.188394 0.005017 0.011129
0 0.763378 0.608108 0.028428 0.049285
0 0.198997 0.472178 0.033445 0.034976
0 0.968227 0.240064 0.036789 0.038156
0 0.918060 0.354531 0.023411 0.054054
0 0.579431 0.885533 0.005017 0.012719
0 0.831104 0.361685 0.050167 0.027027
0 0.295151 0.697933 0.005017 0.009539
0 0.830268 0.607313 0.008361 0.006359
0 0.096154 0.644674 0.008361 0.011129
0 0.006689 0.668521 0.006689 0.011129
0 0.494147 0.050874 0.021739 0.028617
0 0.753344 0.405405 0.025084 0.028617
0 0.627926 0.608108 0.018395 0.042925
0 0.700669 0.327504 0.013378 0.019078
0 0.786789 0.552464 0.005017 0.011129
0 0.766722 0.548490 0.011706 0.025437
0 0.214883 0.717011 0.028428 0.038156
0 0.583612 0.435612 0.043478 0.031797
0 0.741639 0.113672 0.015050 0.011129
0 0.849498 0.254372 0.020067 0.009539
0 0.277592 0.830684 0.006689 0.007949
0 0.324415 0.061208 0.003344 0.014308
0 0.844482 0.961049 0.046823 0.030207
0 0.782609 0.781399 0.020067 0.033386
0 0.841137 0.062798 0.053512 0.027027
0 0.267559 0.125596 0.010033 0.025437
0 0.196488 0.192369 0.011706 0.006359
0 0.329431 0.603339 0.010033 0.014308
0 0.553512 0.140700 0.003344 0.014308
0 0.969900 0.569157 0.033445 0.022258
0 0.584448 0.360095 0.051839 0.017488
0 0.943980 0.523847 0.025084 0.017488
