0 0.224590 0.855422 0.022951 0.054217
0 0.208197 0.015060 0.009836 0.024096
0 0.845902 0.210843 0.019672 0.036145
0 0.931148 0.674699 0.045902 0.066265
0 0.352459 0.061747 0.108197 0.045181
0 0.881967 0.278614 0.019672 0.033133
0 0.175410 0.272590 0.081967 0.063253
0 0.149180 0.545181 0.036066 0.072289
0 0.154098 0.203313 0.072131 0.069277
0 0.252459 0.094880 0.019672 0.021084
0 0.083607 0.504518 0.081967 0.063253
0 0.070492 0.396084 0.081967 0.063253
0 0.821311 0.713855 0.055738 0.090361
0 0.103279 0.173193 0.022951 0.027108
0 0.106557 0.841867 0.009836 0.027108
0 0.096721 0.109940 0.062295 0.081325
0 0.347541 0.783133 0.032787 0.030120
0 0.062295 0.115964 0.059016 0.057229
0 0.708197 0.912651 0.098361 0.054217
0 0.596721 0.552711 0.039344 0.027108
0 0.524590 0.361446 0.072131 0.030120
0 0.059016 0.805723 0.118033 0.039157
0 0.855738 0.631024 0.013115 0.015060
0 0.824590 0.144578 0.081967 0.066265
0 0.911475 0.516566 0.072131 0.045181
0 0.075410 0.048193 0.013115 0.018072
0 0.657377 0.850904 0.081967 0.063253
0 0.470492 0.441265 0.055738 0.027108
0 0.050820 0.287651 0.055738 0.051205
0 0.113115 0.349398 0.009836 0.018072
0 0.149180 0.724398 0.081967 0.063253
0 0.654098 0.673193 0.049180 0.021084
0 0.701639 0.512048 0.032787 0.072289
0 0.331148 0.168675 0.039344 0.078313
0 0.872131 0.481928 0.013115 0.018072
0 0.927869 0.951807 0.026230 0.030120
0 0.242623 0.197289 0.052459 0.045181
0 0.583607 0.697289 0.059016 0.051205
0 0.829508 0.864458 0.091803 0.054217
0 0.708197 0.688253 0.026230 0.027108
0 0.073770 0.578313 0.068852 0.066265
0 0.644262 0.728916 0.009836 0.018072
