0 0.139665 0.739938 0.016760 0.024768
0 0.835196 0.410217 0.067039 0.040248
0 0.294693 0.645511 0.036313 0.052632
0 0.533520 0.164087 0.039106 0.092879
0 0.146648 0.246130 0.036313 0.077399
0 0.645251 0.150155 0.016760 0.034056
0 0.291899 0.188854 0.013966 0.012384
0 0.663408 0.102167 0.019553 0.037152
0 0.266760 0.523220 0.008380 0.018576
0 0.363128 0.778638 0.044693 0.077399
0 0.688547 0.746130 0.030726 0.030960
0 0.497207 0.196594 0.027933 0.095975
0 0.956704 0.334365 0.053073 0.086687
0 0.177374 0.653251 0.075419 0.061920
0 0.484637 0.342105 0.008380 0.027864
0 0.072626 0.448916 0.016760 0.024768
0 0.836592 0.938080 0.081006 0.055728
0 0.291899 0.455108 0.008380 0.018576
0 0.476257 0.281734 0.013966 0.018576
0 0.889665 0.204334 0.053073 0.086687
0 0.768156 0.010836 0.016760 0.009288
0 0.536313 0.602167 0.016760 0.009288
0 0.581006 0.182663 0.027933 0.024768
0 0.836592 0.879257 0.019553 0.055728
0 0.839385 0.345201 0.086592 0.052632
0 0.150838 0.103715 0.039106 0.046440
0 0.500000 0.716718 0.039106 0.015480
0 0.611732 0.958204 0.011173 0.015480
0 0.945531 0.800310 0.081006 0.052632
0 0.065642 0.578947 0.086592 0.049536
0 0.550279 0.273994 0.050279 0.089783
0 0.750000 0.795666 0.008380 0.018576
