0 0.096154 0.614035 0.043590 0.070175
0 0.287179 0.900585 0.051282 0.076023
0 0.288462 0.255848 0.017949 0.073099
0 0.267949 0.308480 0.017949 0.038012
0 0.297436 0.432749 0.025641 0.017544
0 0.580769 0.352339 0.043590 0.084795
0 0.210256 0.726608 0.010256 0.014620
0 0.944872 0.519006 0.058974 0.020468
0 0.700000 0.362573 0.082051 0.046784
0 0.174359 0.295322 0.025641 0.052632
0 0.760256 0.292398 0.043590 0.029240
0 0.139744 0.162281 0.017949 0.055556
0 0.623077 0.328947 0.035897 0.020468
0 0.112821 0.738304 0.005128 0.026316
0 0.507692 0.324561 0.035897 0.017544
0 0.610256 0.304094 0.030769 0.023392
0 0.597436 0.671053 0.010256 0.020468
0 0.830769 0.052632 0.061538 0.064327
0 0.208974 0.067251 0.017949 0.029240
0 0.424359 0.820175 0.048718 0.078947
0 0.955128 0.058480 0.033333 0.046784
0 0.337179 0.837719 0.012821 0.014620
0 0.688462 0.735380 0.069231 0.055556
0 0.278205 0.192982 0.033333 0.046784
0 0.384615 0.494152 0.025641 0.046784
0 0.460256 0.283626 0.053846 0.064327
0 0.053846 0.432749 0.066667 0.058480
0 0.366667 0.273392 0.015385 0.008772
0 0.493590 0.799708 0.053846 0.067251
0 0.630769 0.406433 0.051282 0.035088
0 0.362821 0.124269 0.028205 0.049708
0 0.923077 0.761696 0.025641 0.043860
0 0.451282 0.239766 0.071795 0.052632
0 0.166667 0.454678 0.041026 0.020468
0 0.326923 0.282164 0.043590 0.049708
0 0.907692 0.400585 0.041026 0.081871
0 0.853846 0.520468 0.015385 0.029240
0 0.029487 0.394737 0.012821 0.011696
