0 0.073438 0.107011 0.134375 0.044280
0 0.495312 0.123616 0.034375 0.040590
0 0.451562 0.968635 0.021875 0.040590
0 0.559375 0.433579 0.006250 0.025830
0 0.168750 0.186347 0.118750 0.033210
0 0.151562 0.488930 0.034375 0.040590
0 0.931250 0.809963 0.012500 0.033210
0 0.710938 0.839483 0.053125 0.055351
0 0.778125 0.915129 0.100000 0.059041
0 0.628125 0.160517 0.068750 0.062731
0 0.729688 0.601476 0.009375 0.014760
0 0.120313 0.815498 0.065625 0.081181
0 0.232813 0.653137 0.034375 0.029520
0 0.465625 0.894834 0.006250 0.018450
0 0.717187 0.514760 0.015625 0.018450
0 0.770312 0.529520 0.009375 0.011070
0 0.392188 0.605166 0.021875 0.014760
0 0.920312 0.238007 0.009375 0.011070
0 0.945312 0.765683 0.071875 0.047970
0 0.606250 0.263838 0.018750 0.018450
0 0.376563 0.025830 0.046875 0.029520
0 0.598437 0.682657 0.103125 0.036900
0 0.940625 0.363469 0.012500 0.018450
0 0.307812 0.178967 0.078125 0.070111
0 0.220312 0.594096 0.028125 0.073801
0 0.375000 0.520295 0.025000 0.036900
0 0.745313 0.297048 0.009375 0.018450
0 0.443750 0.311808 0.062500 0.047970
0 0.771875 0.016605 0.006250 0.018450
0 0.935937 0.027675 0.040625 0.025830
0 0.717187 0.136531 0.009375 0.014760
0 0.504687 0.601476 0.065625 0.066421
0 0.726562 0.459410 0.040625 0.025830
0 0.007812 0.018450 0.009375 0.014760
