0 0.607692 0.548263 0.107692 0.069498
0 0.473077 0.884170 0.107692 0.061776
0 0.567308 0.432432 0.042308 0.054054
0 0.490385 0.845560 0.003846 0.007722
0 0.478846 0.121622 0.011538 0.011583
0 0.455769 0.947876 0.034615 0.057915
0 0.384615 0.260618 0.030769 0.073359
0 0.926923 0.768340 0.115385 0.061776
0 0.098077 0.222008 0.011538 0.034749
0 0.230769 0.880309 0.038462 0.030888
0 0.621154 0.791506 0.026923 0.054054
0 0.678846 0.808880 0.019231 0.011583
0 0.475000 0.156371 0.034615 0.042471
0 0.628846 0.882239 0.111538 0.065637
0 0.878846 0.723938 0.011538 0.019305
0 0.521154 0.391892 0.026923 0.050193
0 0.019231 0.637066 0.038462 0.069498
0 0.005769 0.588803 0.011538 0.019305
0 0.740385 0.812741 0.057692 0.073359
0 0.853846 0.880309 0.115385 0.061776
0 0.800000 0.590734 0.053846 0.061776
0 0.142308 0.911197 0.107692 0.069498
0 0.775000 0.025097 0.011538 0.011583
0 0.490385 0.384170 0.026923 0.065637
0 0.623077 0.314672 0.115385 0.065637
0 0.307692 0.563707 0.023077 0.030888
0 0.701923 0.664093 0.103846 0.069498
