0 0.665441 0.404412 0.029412 0.014706
0 0.128676 0.748162 0.036765 0.018382
0 0.876838 0.033088 0.047794 0.029412
0 0.290441 0.016544 0.007353 0.018382
0 0.286765 0.310662 0.095588 0.069853
0 0.102941 0.220588 0.022059 0.029412
0 0.830882 0.670956 0.014706 0.033088
0 0.501838 0.525735 0.025735 0.051471
0 0.779412 0.720588 0.022059 0.066176
0 0.251838 0.965074 0.011029 0.011029
0 0.645221 0.770221 0.033088 0.055147
0 0.457721 0.136029 0.091912 0.080882
0 0.867647 0.920956 0.095588 0.077206
0 0.102941 0.119485 0.044118 0.055147
0 0.875000 0.579044 0.014706 0.018382
0 0.330882 0.472426 0.029412 0.033088
0 0.119485 0.068015 0.084559 0.040441
0 0.400735 0.597426 0.029412 0.025735
0 0.266544 0.487132 0.091912 0.077206
0 0.468750 0.829044 0.033088 0.084559
0 0.060662 0.457721 0.011029 0.025735
0 0.426471 0.772059 0.058824 0.022059
0 0.759191 0.584559 0.047794 0.051471
0 0.349265 0.097426 0.029412 0.033088
0 0.189338 0.255515 0.077206 0.069853
