0 0.548006 0.770833 0.008863 0.005952
0 0.382570 0.409226 0.044313 0.026786
0 0.192762 0.061012 0.007386 0.005952
0 0.876662 0.205357 0.025111 0.044643
0 0.595273 0.470982 0.023634 0.013393
0 0.732644 0.781250 0.041359 0.026786
0 0.368538 0.786458 0.028065 0.040179
0 0.809453 0.171131 0.023634 0.050595
0 0.398080 0.694196 0.022157 0.052083
0 0.940177 0.026786 0.010340 0.017857
0 0.735598 0.656994 0.005908 0.007440
0 0.918021 0.340030 0.004431 0.010417
0 0.571640 0.622768 0.041359 0.019345
0 0.935746 0.414435 0.033973 0.019345
0 0.547267 0.580357 0.033973 0.032738
0 0.477843 0.732143 0.016248 0.005952
0 0.816100 0.752232 0.007386 0.013393
0 0.228951 0.450149 0.005908 0.007440
0 0.245199 0.653274 0.017725 0.038690
0 0.542097 0.926339 0.026588 0.040179
0 0.675775 0.750000 0.013294 0.017857
0 0.658789 0.443452 0.023634 0.017857
0 0.685377 0.267113 0.041359 0.028274
0 0.367061 0.379464 0.042836 0.026786
0 0.011078 0.366071 0.022157 0.020833
0 0.106352 0.191220 0.011817 0.016369
0 0.093058 0.186756 0.011817 0.025298
0 0.333087 0.737351 0.019202 0.028274
0 0.909897 0.015625 0.044313 0.025298
0 0.649926 0.823661 0.026588 0.040179
0 0.067947 0.093006 0.020679 0.028274
0 0.201625 0.538690 0.025111 0.029762
0 0.066470 0.813988 0.005908 0.008929
0 0.757016 0.862351 0.045790 0.025298
0 0.389956 0.576637 0.0265879 0.0580357
0 0.273264 0.622768 0.0236337 0.0639881
0 0.240768 0.400298 0.0265879 0.0446429
0 0.253323 0.630208 0.0251108 0.0669643
0 0.957164 0.448661 0.0236337 0.0520833
0 0.8161 0.509673 0.0251108 0.0639881
0 0.129985 0.639137 0.0265879 0.0610119
0 0.0103397 0.0796131 0.0206795 0.0699405
