0 0.101078 0.158690 0.013477 0.030227
0 0.261456 0.367758 0.053908 0.060453
0 0.053908 0.714106 0.016173 0.017632
0 0.206199 0.091940 0.094340 0.037783
0 0.897574 0.842569 0.010782 0.012594
0 0.137466 0.472292 0.016173 0.007557
0 0.773585 0.600756 0.010782 0.012594
0 0.208895 0.891688 0.045822 0.080605
0 0.357143 0.433249 0.008086 0.015113
0 0.967655 0.157431 0.059299 0.062972
0 0.815364 0.641058 0.083558 0.042821
0 0.160377 0.172544 0.083558 0.042821
0 0.714286 0.241814 0.070081 0.050378
0 0.765499 0.745592 0.086253 0.040302
0 0.819407 0.103275 0.016173 0.020151
0 0.446092 0.813602 0.024259 0.010076
0 0.606469 0.294710 0.048518 0.075567
0 0.539084 0.426952 0.048518 0.052897
0 0.598383 0.108312 0.032345 0.030227
0 0.623989 0.102015 0.008086 0.017632
0 0.330189 0.886650 0.078167 0.045340
0 0.411051 0.064232 0.040431 0.088161
0 0.727763 0.152393 0.064690 0.052897
0 0.653639 0.181360 0.072776 0.045340
0 0.929919 0.409320 0.059299 0.062972
0 0.687332 0.899244 0.043127 0.050378
0 0.477089 0.253149 0.048518 0.017632
0 0.735849 0.826196 0.043127 0.055416
0 0.902965 0.478589 0.032345 0.040302
0 0.853100 0.978589 0.013477 0.027708
0 0.129380 0.506297 0.075472 0.045340
0 0.617251 0.914358 0.048518 0.050378
0 0.819407 0.394207 0.010782 0.012594
0 0.673854 0.960957 0.048518 0.068010
0 0.402965 0.176322 0.056604 0.065491
0 0.563342 0.939547 0.043127 0.080605
0 0.746631 0.638539 0.048518 0.047859
0 0.138814 0.967254 0.045822 0.015113
0 0.407008 0.270781 0.010782 0.012594
0 0.195418 0.329975 0.072776 0.050378
0 0.061995 0.013854 0.010782 0.012594
0 0.795148 0.425693 0.043127 0.035264
0 0.939353 0.692695 0.018868 0.025189
0 0.871968 0.375315 0.051213 0.070529
