0 0.188889 0.031111 0.066667 0.040000
0 0.125556 0.027778 0.051111 0.046667
0 0.735556 0.712222 0.053333 0.046667
0 0.056667 0.104444 0.077778 0.031111
0 0.147778 0.637778 0.064444 0.040000
0 0.267778 0.812222 0.024444 0.051111
0 0.945556 0.294444 0.037778 0.024444
0 0.694444 0.065556 0.042222 0.060000
0 0.442222 0.524444 0.048889 0.048889
0 0.588889 0.796667 0.093333 0.028889
0 0.238889 0.657778 0.011111 0.022222
0 0.402222 0.548889 0.026667 0.044444
0 0.656667 0.208889 0.006667 0.017778
0 0.761111 0.184444 0.020000 0.017778
0 0.853333 0.585556 0.044444 0.060000
0 0.166667 0.718889 0.008889 0.015556
0 0.914444 0.765556 0.055556 0.042222
0 0.246667 0.706667 0.026667 0.017778
0 0.410000 0.243333 0.024444 0.011111
0 0.793333 0.441111 0.026667 0.046667
0 0.877778 0.697778 0.013333 0.008889
0 0.602222 0.572222 0.031111 0.055556
0 0.382222 0.778889 0.044444 0.060000
0 0.871111 0.478889 0.044444 0.060000
0 0.817778 0.030000 0.026667 0.055556
0 0.770000 0.525556 0.006667 0.015556
0 0.821111 0.857778 0.006667 0.013333
0 0.112222 0.404444 0.024444 0.057778
0 0.382222 0.530000 0.008889 0.011111
0 0.562222 0.686667 0.075556 0.035556
0 0.705556 0.928889 0.006667 0.013333
0 0.533333 0.174444 0.017778 0.020000
0 0.792222 0.041111 0.015556 0.020000
0 0.260000 0.570000 0.013333 0.011111
0 0.842222 0.672222 0.035556 0.060000
0 0.027778 0.064444 0.015556 0.044444
0 0.175556 0.537778 0.057778 0.044444
