0 0.747826 0.600000 0.113043 0.086957
0 0.536957 0.169565 0.021739 0.008696
0 0.982609 0.380435 0.026087 0.030435
0 0.560870 0.276087 0.017391 0.039130
0 0.376087 0.250000 0.039130 0.021739
0 0.476087 0.710870 0.073913 0.047826
0 0.658696 0.508696 0.108696 0.078261
0 0.652174 0.241304 0.017391 0.030435
0 0.191304 0.584783 0.078261 0.100000
0 0.615217 0.443478 0.091304 0.052174
0 0.060870 0.423913 0.008696 0.021739
0 0.619565 0.639130 0.056522 0.043478
0 0.810870 0.863043 0.039130 0.047826
0 0.393478 0.386957 0.013043 0.017391
0 0.119565 0.621739 0.056522 0.060870
0 0.645652 0.184783 0.108696 0.073913
0 0.078261 0.410870 0.008696 0.021739
0 0.323913 0.534783 0.047826 0.034783
0 0.547826 0.817391 0.086957 0.052174
0 0.310870 0.223913 0.082609 0.117391
0 0.097826 0.860870 0.134783 0.034783
0 0.210870 0.110870 0.108696 0.056522
0 0.576087 0.319565 0.021739 0.030435
0 0.658696 0.719565 0.073913 0.065217
0 0.486957 0.643478 0.026087 0.052174
0 0.102174 0.063043 0.091304 0.108696
0 0.867391 0.832609 0.013043 0.021739
0 0.980435 0.426087 0.030435 0.052174
0 0.491304 0.467391 0.095652 0.100000
