0 0.726879 0.136667 0.083815 0.060000
0 0.372832 0.901667 0.011561 0.016667
0 0.697977 0.380000 0.026012 0.033333
0 0.787572 0.235000 0.014451 0.023333
0 0.404624 0.808333 0.040462 0.036667
0 0.283237 0.020000 0.017341 0.013333
0 0.745665 0.333333 0.057803 0.086667
0 0.648844 0.423333 0.060694 0.073333
0 0.673410 0.916667 0.028902 0.040000
0 0.421965 0.233333 0.057803 0.060000
0 0.627168 0.513333 0.034682 0.073333
0 0.800578 0.036667 0.023121 0.026667
0 0.221098 0.618333 0.072254 0.056667
0 0.302023 0.821667 0.054913 0.090000
0 0.703757 0.326667 0.020231 0.026667
0 0.150289 0.468333 0.098266 0.043333
0 0.920520 0.158333 0.020231 0.016667
0 0.754335 0.646667 0.017341 0.020000
0 0.393064 0.363333 0.023121 0.073333
0 0.486994 0.366667 0.083815 0.033333
0 0.680636 0.266667 0.031792 0.073333
0 0.669075 0.875000 0.031792 0.036667
0 0.504335 0.321667 0.101156 0.050000
0 0.602601 0.760000 0.008671 0.020000
0 0.093931 0.453333 0.008671 0.020000
0 0.559249 0.770000 0.066474 0.073333
0 0.865607 0.405000 0.020231 0.010000
0 0.184971 0.848333 0.023121 0.043333
0 0.488439 0.283333 0.040462 0.020000
0 0.437861 0.283333 0.026012 0.020000
0 0.894509 0.570000 0.026012 0.033333
0 0.078035 0.035000 0.040462 0.063333
0 0.076590 0.313333 0.054913 0.073333
0 0.408960 0.178333 0.066474 0.036667
0 0.070809 0.520000 0.037572 0.073333
0 0.083815 0.251667 0.144509 0.036667
0 0.306358 0.955000 0.063584 0.076667
0 0.718208 0.453333 0.014451 0.020000
0 0.281792 0.750000 0.049133 0.040000
0 0.115607 0.413333 0.075145 0.046667
