0 0.926357 0.898374 0.077519 0.040650
0 0.757752 0.922764 0.011628 0.024390
0 0.439922 0.603659 0.104651 0.077236
0 0.567829 0.837398 0.042636 0.048780
0 0.461240 0.941057 0.100775 0.077236
0 0.784884 0.510163 0.073643 0.109756
0 0.591085 0.339431 0.027132 0.036585
0 0.897287 0.286585 0.027132 0.036585
0 0.232558 0.016260 0.031008 0.024390
0 0.296512 0.243902 0.034884 0.024390
0 0.672481 0.668699 0.073643 0.044715
0 0.813953 0.766260 0.077519 0.069106
0 0.277132 0.546748 0.073643 0.093496
0 0.215116 0.847561 0.135659 0.060976
0 0.312016 0.111789 0.011628 0.028455
0 0.651163 0.282520 0.085271 0.060976
0 0.511628 0.294715 0.116279 0.069106
0 0.224806 0.445122 0.069767 0.085366
0 0.527132 0.209350 0.031008 0.069106
0 0.879845 0.857724 0.062016 0.032520
0 0.579457 0.400407 0.011628 0.036585
0 0.761628 0.731707 0.019380 0.032520
0 0.436047 0.479675 0.011628 0.024390
0 0.934109 0.296748 0.038760 0.048780
0 0.755814 0.030488 0.023256 0.036585
0 0.344961 0.495935 0.038760 0.065041
0 0.222868 0.365854 0.135659 0.056911
0 0.498062 0.223577 0.019380 0.016260
0 0.885659 0.073171 0.019380 0.016260
0 0.651163 0.587398 0.085271 0.101626
0 0.360465 0.359756 0.131783 0.060976
0 0.883721 0.424797 0.015504 0.020325
0 0.567829 0.656504 0.065891 0.085366
0 0.821705 0.841463 0.046512 0.065041
0 0.114341 0.386179 0.104651 0.081301
0 0.511628 0.571138 0.108527 0.077236
0 0.149225 0.465447 0.073643 0.069106
0 0.393411 0.778455 0.011628 0.028455
0 0.482558 0.491870 0.104651 0.065041
