0 0.574074 0.596296 0.029630 0.051852
0 0.974074 0.482716 0.040741 0.046914
0 0.677778 0.296296 0.018519 0.024691
0 0.946296 0.534568 0.051852 0.027160
0 0.762963 0.127160 0.014815 0.046914
0 0.115741 0.374074 0.005556 0.012346
0 0.521296 0.053086 0.050000 0.037037
0 0.435185 0.145679 0.014815 0.019753
0 0.488889 0.403704 0.011111 0.027160
0 0.554630 0.825926 0.064815 0.037037
0 0.688889 0.912346 0.003704 0.007407
0 0.225000 0.312346 0.001852 0.007407
0 0.235185 0.286420 0.003704 0.009877
0 0.151852 0.843210 0.018519 0.037037
0 0.212963 0.612346 0.014815 0.039506
0 0.094444 0.062963 0.007407 0.012346
0 0.299074 0.877778 0.042593 0.056790
0 0.892593 0.259259 0.011111 0.009877
0 0.037037 0.486420 0.003704 0.009877
0 0.575000 0.450617 0.001852 0.007407
0 0.571296 0.702469 0.016667 0.056790
0 0.641667 0.338272 0.046296 0.049383
0 0.889815 0.502469 0.038889 0.051852
0 0.269444 0.035802 0.046296 0.046914
0 0.716667 0.430864 0.040741 0.051852
0 0.070370 0.319753 0.044444 0.051852
0 0.051852 0.467901 0.011111 0.022222
