0 0.743333 0.263077 0.042222 0.083077
0 0.784444 0.358462 0.013333 0.015385
0 0.586667 0.516923 0.031111 0.036923
0 0.184444 0.060000 0.071111 0.052308
0 0.826667 0.616923 0.057778 0.064615
0 0.125556 0.958462 0.051111 0.040000
0 0.170000 0.172308 0.051111 0.030769
0 0.106667 0.926154 0.008889 0.018462
0 0.168889 0.026154 0.066667 0.052308
0 0.140000 0.546154 0.013333 0.009231
0 0.448889 0.663077 0.004444 0.027692
0 0.182222 0.956923 0.035556 0.049231
0 0.637778 0.389231 0.040000 0.046154
0 0.944444 0.541538 0.035556 0.024615
0 0.626667 0.544615 0.013333 0.036923
0 0.191111 0.536923 0.053333 0.064615
0 0.848889 0.506154 0.004444 0.027692
0 0.034444 0.787692 0.024444 0.061538
0 0.142222 0.353846 0.040000 0.092308
0 0.962222 0.415385 0.008889 0.018462
0 0.711111 0.170769 0.048889 0.076923
0 0.087778 0.398462 0.060000 0.046154
0 0.357778 0.236923 0.017778 0.043077
0 0.086667 0.704615 0.048889 0.073846
0 0.350000 0.566154 0.068889 0.049231
0 0.468889 0.204615 0.044444 0.083077
0 0.736667 0.538462 0.006667 0.018462
0 0.247778 0.129231 0.068889 0.049231
0 0.812222 0.732308 0.064444 0.055385
0 0.390000 0.776923 0.028889 0.101538
0 0.367778 0.793846 0.011111 0.012308
0 0.325556 0.486154 0.033333 0.092308
0 0.678889 0.092308 0.046667 0.073846
0 0.668889 0.721538 0.066667 0.052308
