0 0.027778 0.946292 0.027778 0.071611
0 0.037500 0.599744 0.069444 0.048593
0 0.097222 0.173913 0.016667 0.020460
0 0.797222 0.186701 0.050000 0.015345
0 0.779167 0.410486 0.025000 0.038363
0 0.684722 0.736573 0.063889 0.046036
0 0.176389 0.234015 0.047222 0.079284
0 0.800000 0.521739 0.061111 0.030691
0 0.587500 0.195652 0.008333 0.017903
0 0.405556 0.074169 0.011111 0.015345
0 0.880556 0.368286 0.016667 0.015345
0 0.331944 0.902813 0.008333 0.015345
0 0.737500 0.373402 0.052778 0.035806
0 0.736111 0.176471 0.011111 0.020460
0 0.866667 0.397698 0.055556 0.023018
0 0.362500 0.163683 0.025000 0.035806
0 0.106944 0.130435 0.080556 0.046036
0 0.673611 0.502558 0.047222 0.033248
0 0.320833 0.544757 0.025000 0.040921
0 0.481944 0.731458 0.052778 0.066496
0 0.409722 0.227621 0.008333 0.015345
0 0.143056 0.952685 0.036111 0.069054
0 0.536111 0.842711 0.038889 0.038363
0 0.573611 0.872123 0.025000 0.056266
0 0.545833 0.611253 0.041667 0.071611
0 0.752778 0.892583 0.066667 0.056266
0 0.248611 0.762148 0.086111 0.020460
0 0.300000 0.502558 0.011111 0.012788
0 0.281944 0.292839 0.036111 0.048593
0 0.562500 0.754476 0.019444 0.020460
0 0.579167 0.140665 0.013889 0.025575
0 0.136111 0.829923 0.055556 0.069054
0 0.859722 0.910486 0.058333 0.061381
0 0.669444 0.038363 0.072222 0.051151
