0 0.288580 0.138298 0.037037 0.039007
0 0.236111 0.419326 0.040123 0.033688
0 0.601080 0.235816 0.020062 0.039007
0 0.359568 0.376773 0.027778 0.015957
0 0.530093 0.024823 0.016975 0.021277
0 0.894290 0.405142 0.044753 0.030142
0 0.652778 0.226064 0.021605 0.023050
0 0.106481 0.262411 0.009259 0.003546
0 0.563272 0.589539 0.003086 0.005319
0 0.077932 0.343972 0.004630 0.003546
0 0.449074 0.603723 0.003086 0.005319
0 0.944444 0.101064 0.046296 0.028369
0 0.520833 0.861702 0.038580 0.035461
0 0.208333 0.266844 0.012346 0.023050
0 0.969136 0.273936 0.021605 0.023050
0 0.105710 0.530142 0.010802 0.024823
0 0.191358 0.202128 0.046296 0.028369
0 0.284722 0.914007 0.004630 0.008865
0 0.058642 0.602837 0.009259 0.014184
0 0.069444 0.279255 0.046296 0.030142
0 0.496142 0.137411 0.023148 0.026596
0 0.223765 0.976950 0.012346 0.039007
0 0.144290 0.570922 0.035494 0.028369
0 0.914352 0.705674 0.020062 0.024823
0 0.334105 0.328014 0.010802 0.017730
0 0.567901 0.348404 0.024691 0.023050
0 0.808642 0.410461 0.024691 0.037234
0 0.687500 0.034574 0.010802 0.008865
0 0.355710 0.636525 0.001543 0.003546
0 0.164352 0.725177 0.007716 0.021277
