0 0.289062 0.779687 0.009375 0.015625
0 0.518750 0.964063 0.068750 0.071875
0 0.123438 0.550000 0.021875 0.031250
0 0.512500 0.717187 0.025000 0.090625
0 0.795312 0.878125 0.003125 0.012500
0 0.351562 0.371875 0.015625 0.031250
0 0.132812 0.704688 0.053125 0.090625
0 0.864062 0.206250 0.046875 0.075000
0 0.981250 0.181250 0.006250 0.006250
0 0.140625 0.635938 0.137500 0.034375
0 0.832812 0.667188 0.003125 0.003125
0 0.618750 0.796875 0.050000 0.018750
0 0.395313 0.845313 0.103125 0.046875
0 0.093750 0.710938 0.018750 0.028125
0 0.348438 0.601562 0.003125 0.009375
0 0.570312 0.406250 0.003125 0.006250
0 0.176563 0.848437 0.071875 0.046875
0 0.339062 0.270313 0.053125 0.078125
0 0.506250 0.607812 0.012500 0.028125
0 0.762500 0.145313 0.043750 0.078125
0 0.973437 0.142187 0.034375 0.015625
0 0.140625 0.887500 0.006250 0.018750
0 0.650000 0.176563 0.025000 0.078125
0 0.721875 0.120313 0.006250 0.009375
0 0.625000 0.190625 0.018750 0.037500
0 0.090625 0.507812 0.050000 0.040625
0 0.264062 0.390625 0.153125 0.031250
0 0.778125 0.743750 0.006250 0.006250
0 0.270313 0.207813 0.021875 0.028125
