0 0.614496 0.050152 0.023109 0.021277
0 0.764706 0.180851 0.046218 0.039514
0 0.346639 0.884498 0.050420 0.024316
0 0.715336 0.752280 0.052521 0.063830
0 0.658613 0.756839 0.010504 0.024316
0 0.448529 0.694529 0.023109 0.088146
0 0.238445 0.589666 0.044118 0.072948
0 0.442227 0.393617 0.023109 0.033435
0 0.318277 0.677812 0.014706 0.012158
0 0.639706 0.504559 0.031513 0.048632
0 0.561975 0.015198 0.006303 0.018237
0 0.463235 0.618541 0.056723 0.057751
0 0.911765 0.942249 0.029412 0.036474
0 0.370798 0.272036 0.010504 0.039514
0 0.163866 0.908815 0.042017 0.079027
0 0.954832 0.133739 0.006303 0.018237
0 0.340336 0.367781 0.016807 0.066869
0 0.157563 0.709726 0.029412 0.088146
0 0.181723 0.129179 0.014706 0.027356
0 0.040966 0.220365 0.006303 0.021277
0 0.681723 0.677812 0.044118 0.079027
0 0.123950 0.376900 0.021008 0.024316
0 0.039916 0.893617 0.012605 0.012158
0 0.439076 0.206687 0.008403 0.042553
0 0.942227 0.600304 0.027311 0.039514
0 0.028361 0.623100 0.023109 0.054711
0 0.903361 0.174772 0.071429 0.045593
0 0.531513 0.799392 0.016807 0.036474
0 0.467437 0.547112 0.060924 0.054711
0 0.120798 0.825228 0.039916 0.082067
0 0.822479 0.360182 0.052521 0.063830
0 0.662815 0.887538 0.010504 0.012158
0 0.071429 0.287234 0.016807 0.039514
0 0.987395 0.811550 0.012605 0.012158
0 0.332983 0.542553 0.010504 0.027356
0 0.281513 0.199088 0.016807 0.009119
0 0.577731 0.185410 0.054622 0.060790
0 0.933824 0.727964 0.023109 0.039514
0 0.871849 0.670213 0.054622 0.057751
0 0.719538 0.200608 0.010504 0.018237
0 0.407563 0.676292 0.016807 0.015198
0 0.935924 0.895137 0.010504 0.015198
0 0.248950 0.162614 0.060924 0.051672
0 0.933824 0.235562 0.048319 0.069909
0 0.363445 0.088146 0.050420 0.054711
0 0.787815 0.866261 0.029412 0.109422
