0 0.771622 0.928378 0.013514 0.013514
0 0.701351 0.251351 0.008108 0.016216
0 0.177027 0.422973 0.024324 0.024324
0 0.281081 0.104054 0.032432 0.024324
0 0.359459 0.313514 0.021622 0.010811
0 0.275676 0.340541 0.037838 0.064865
0 0.508108 0.190541 0.010811 0.013514
0 0.190541 0.685135 0.045946 0.029730
0 0.610811 0.932432 0.037838 0.064865
0 0.825676 0.321622 0.051351 0.048649
0 0.833784 0.721622 0.024324 0.059459
0 0.744595 0.635135 0.013514 0.037838
0 0.662162 0.483784 0.059459 0.059459
0 0.963514 0.606757 0.018919 0.035135
0 0.821622 0.789189 0.054054 0.043243
0 0.602703 0.177027 0.032432 0.045946
0 0.709459 0.686486 0.072973 0.048649
0 0.105405 0.263514 0.064865 0.035135
0 0.177027 0.601351 0.045946 0.051351
0 0.952703 0.797297 0.029730 0.021622
0 0.748649 0.897297 0.091892 0.043243
0 0.020270 0.460811 0.035135 0.029730
0 0.370270 0.637838 0.048649 0.075676
0 0.794595 0.706757 0.048649 0.045946
0 0.282432 0.883784 0.078378 0.043243
0 0.410811 0.383784 0.091892 0.043243
0 0.974324 0.301351 0.045946 0.062162
0 0.224324 0.633784 0.043243 0.040541
0 0.850000 0.044595 0.029730 0.024324
0 0.778378 0.187838 0.010811 0.024324
0 0.417568 0.740541 0.035135 0.027027
0 0.731081 0.632432 0.008108 0.016216
0 0.256757 0.828378 0.059459 0.062162
0 0.710811 0.844595 0.010811 0.013514
0 0.547297 0.666216 0.056757 0.024324
0 0.213514 0.733784 0.016216 0.045946
0 0.154054 0.154054 0.037838 0.027027
