0 0.808290 0.386486 0.010363 0.032432
0 0.264249 0.190541 0.015544 0.008108
0 0.873057 0.152703 0.067358 0.051351
0 0.656736 0.216216 0.028497 0.016216
0 0.391192 0.333784 0.077720 0.045946
0 0.418394 0.274324 0.054404 0.062162
0 0.615285 0.059459 0.018135 0.027027
0 0.753886 0.087838 0.056995 0.013514
0 0.779793 0.225676 0.005181 0.008108
0 0.816062 0.535135 0.082902 0.043243
0 0.041451 0.460811 0.005181 0.008108
0 0.593264 0.139189 0.005181 0.008108
0 0.913212 0.729730 0.033679 0.054054
0 0.367876 0.263514 0.041451 0.024324
0 0.549223 0.947297 0.025907 0.045946
0 0.703368 0.756757 0.007772 0.010811
0 0.689119 0.062162 0.010363 0.027027
0 0.310881 0.335135 0.015544 0.021622
0 0.277202 0.163514 0.088083 0.040541
0 0.325130 0.056757 0.007772 0.010811
0 0.077720 0.528378 0.005181 0.008108
0 0.309585 0.805405 0.044041 0.027027
0 0.897668 0.114865 0.033679 0.018919
0 0.348446 0.310811 0.002591 0.010811
