0 0.281124 0.260090 0.008032 0.017937
0 0.120482 0.596413 0.072289 0.080717
0 0.815261 0.769058 0.040161 0.022422
0 0.702811 0.044843 0.072289 0.044843
0 0.216867 0.825112 0.008032 0.008969
0 0.690763 0.491031 0.072289 0.049327
0 0.471888 0.226457 0.148594 0.040359
0 0.534137 0.928251 0.016064 0.044843
0 0.379518 0.401345 0.076305 0.049327
0 0.761044 0.390135 0.028112 0.035874
0 0.865462 0.248879 0.012048 0.031390
0 0.933735 0.417040 0.124498 0.071749
0 0.102410 0.943946 0.028112 0.022422
0 0.516064 0.085202 0.052209 0.035874
0 0.116466 0.069507 0.120482 0.076233
0 0.839357 0.571749 0.008032 0.013453
0 0.072289 0.890135 0.080321 0.076233
0 0.576305 0.858744 0.020080 0.049327
0 0.660643 0.414798 0.028112 0.094170
0 0.889558 0.565022 0.052209 0.125561
0 0.871486 0.136771 0.008032 0.031390
0 0.773092 0.704036 0.044177 0.062780
0 0.748996 0.116592 0.012048 0.017937
0 0.608434 0.118834 0.060241 0.013453
0 0.825301 0.441704 0.084337 0.049327
0 0.224900 0.612108 0.120482 0.067265
0 0.732932 0.085202 0.052209 0.026906
