0 0.330000 0.216000 0.020000 0.032000
0 0.608000 0.708000 0.032000 0.048000
0 0.030000 0.102000 0.060000 0.068000
0 0.614000 0.460000 0.020000 0.016000
0 0.704000 0.638000 0.048000 0.060000
0 0.558000 0.738000 0.028000 0.028000
0 0.878000 0.630000 0.124000 0.068000
0 0.550000 0.350000 0.092000 0.092000
0 0.202000 0.440000 0.020000 0.016000
0 0.538000 0.236000 0.012000 0.024000
0 0.126000 0.054000 0.084000 0.092000
0 0.772000 0.374000 0.128000 0.068000
0 0.054000 0.428000 0.012000 0.032000
0 0.544000 0.190000 0.064000 0.060000
0 0.748000 0.066000 0.032000 0.052000
0 0.480000 0.054000 0.056000 0.108000
0 0.950000 0.296000 0.012000 0.024000
0 0.476000 0.154000 0.064000 0.036000
0 0.898000 0.026000 0.020000 0.028000
0 0.132000 0.142000 0.120000 0.068000
0 0.464000 0.226000 0.016000 0.020000
0 0.130000 0.892000 0.012000 0.024000
0 0.780000 0.900000 0.088000 0.072000
0 0.452000 0.694000 0.032000 0.068000
0 0.234000 0.774000 0.052000 0.028000
0 0.656000 0.928000 0.032000 0.080000
0 0.866000 0.214000 0.068000 0.076000
0 0.626000 0.790000 0.092000 0.068000
0 0.770000 0.324000 0.012000 0.024000
0 0.090000 0.562000 0.060000 0.028000
0 0.904000 0.144000 0.024000 0.056000
0 0.540000 0.448000 0.104000 0.080000
0 0.698000 0.292000 0.100000 0.088000
0 0.594000 0.874000 0.076000 0.060000
0 0.082000 0.074000 0.132000 0.060000
0 0.840000 0.156000 0.056000 0.032000
0 0.964000 0.428000 0.040000 0.056000
0 0.196000 0.706000 0.088000 0.092000
0 0.618000 0.740000 0.012000 0.024000
0 0.538000 0.278000 0.028000 0.052000
0 0.086000 0.852000 0.068000 0.096000
