0 0.345345 0.087575 0.030030 0.040419
0 0.895646 0.543413 0.025526 0.047904
0 0.528529 0.735778 0.051051 0.022455
0 0.977477 0.242515 0.015015 0.008982
0 0.581081 0.352545 0.009009 0.010479
0 0.822072 0.520958 0.004505 0.008982
0 0.808559 0.964072 0.046547 0.023952
0 0.271772 0.251497 0.030030 0.014970
0 0.735736 0.724551 0.048048 0.023952
0 0.552553 0.602545 0.006006 0.007485
0 0.040541 0.869760 0.036036 0.032934
0 0.939940 0.074850 0.006006 0.008982
0 0.933934 0.053144 0.018018 0.031437
0 0.701201 0.537425 0.030030 0.017964
0 0.163664 0.955838 0.054054 0.022455
0 0.414414 0.420659 0.018018 0.041916
0 0.152402 0.226048 0.022523 0.029940
0 0.721471 0.912425 0.028529 0.016467
0 0.351351 0.141467 0.039039 0.022455
0 0.021772 0.816617 0.040541 0.028443
0 0.485736 0.127246 0.004505 0.008982
0 0.252252 0.409431 0.012012 0.004491
0 0.964715 0.069611 0.022523 0.052395
0 0.648649 0.061377 0.036036 0.029940
0 0.861862 0.795659 0.012012 0.025449
0 0.608859 0.829341 0.043544 0.026946
0 0.698949 0.852545 0.022523 0.037425
0 0.621622 0.568114 0.003003 0.013473
0 0.577327 0.376497 0.013514 0.016467
0 0.049550 0.786677 0.048048 0.025449
0 0.159910 0.036677 0.004505 0.013473
0 0.561562 0.154940 0.036036 0.031437
0 0.279279 0.204341 0.024024 0.022455
0 0.954204 0.747754 0.007508 0.016467
0 0.031532 0.518713 0.030030 0.037425
0 0.969219 0.398204 0.043544 0.026946
