0 0.682390 0.345541 0.094340 0.054140
0 0.448113 0.417197 0.084906 0.063694
0 0.418239 0.659236 0.056604 0.095541
0 0.198113 0.144904 0.050314 0.028662
0 0.839623 0.598726 0.056604 0.089172
0 0.761006 0.734076 0.012579 0.015924
0 0.108491 0.955414 0.015723 0.012739
0 0.517296 0.248408 0.015723 0.012739
0 0.886792 0.737261 0.069182 0.073248
0 0.746855 0.937898 0.066038 0.079618
0 0.529874 0.144904 0.015723 0.022293
0 0.658805 0.068471 0.034591 0.054140
0 0.718553 0.737261 0.066038 0.079618
0 0.088050 0.213376 0.018868 0.038217
0 0.149371 0.628981 0.066038 0.079618
0 0.718553 0.194268 0.103774 0.050955
0 0.592767 0.858280 0.047170 0.092357
0 0.254717 0.600318 0.012579 0.015924
0 0.916667 0.963376 0.022013 0.022293
0 0.831761 0.826433 0.015723 0.022293
0 0.204403 0.670382 0.031447 0.136943
0 0.235849 0.781847 0.025157 0.035032
0 0.477987 0.216561 0.056604 0.089172
0 0.691824 0.659236 0.069182 0.070064
0 0.933962 0.584395 0.018868 0.035032
0 0.718553 0.136943 0.034591 0.057325
0 0.311321 0.762739 0.025157 0.035032
0 0.559748 0.332803 0.025157 0.054140
0 0.488994 0.813694 0.009434 0.028662
0 0.591195 0.972930 0.106918 0.047771
0 0.246855 0.826433 0.091195 0.035032
0 0.339623 0.840764 0.018868 0.038217
0 0.331761 0.557325 0.015723 0.012739
0 0.660377 0.286624 0.025157 0.050955
0 0.959119 0.151274 0.018868 0.041401
0 0.102201 0.786624 0.015723 0.025478
0 0.139937 0.621019 0.084906 0.063694
0 0.366352 0.671975 0.040881 0.038217
0 0.470126 0.039809 0.009434 0.022293
0 0.823899 0.761146 0.050314 0.057325
0 0.900943 0.277070 0.015723 0.012739
0 0.325472 0.480892 0.072327 0.070064
0 0.852201 0.531847 0.012579 0.019108
0 0.338050 0.433121 0.022013 0.019108
0 0.459119 0.581210 0.012579 0.015924
