0 0.525401 0.854037 0.002674 0.012422
0 0.592246 0.015528 0.018717 0.018634
0 0.971925 0.854037 0.040107 0.024845
0 0.724599 0.878882 0.074866 0.055901
0 0.735294 0.156832 0.048128 0.083851
0 0.843583 0.380435 0.002674 0.009317
0 0.306150 0.566770 0.018717 0.065217
0 0.363636 0.318323 0.080214 0.052795
0 0.320856 0.476708 0.026738 0.046584
0 0.581551 0.391304 0.056150 0.024845
0 0.048128 0.531056 0.010695 0.024845
0 0.830214 0.346273 0.077540 0.052795
0 0.187166 0.891304 0.016043 0.055901
0 0.554813 0.063665 0.045455 0.040373
0 0.754011 0.663043 0.010695 0.027950
0 0.207219 0.675466 0.013369 0.021739
0 0.002674 0.433230 0.005348 0.009317
0 0.141711 0.554348 0.128342 0.034161
0 0.155080 0.846273 0.005348 0.009317
0 0.125668 0.343168 0.016043 0.052795
