0 0.596037 0.825688 0.021341 0.055046
0 0.347561 0.131498 0.030488 0.067278
0 0.420732 0.446483 0.060976 0.079511
0 0.670732 0.204893 0.036585 0.061162
0 0.381098 0.561162 0.030488 0.021407
0 0.920732 0.435780 0.121951 0.039755
0 0.868902 0.175841 0.012195 0.015291
0 0.769817 0.259939 0.045732 0.055046
0 0.810976 0.839450 0.042683 0.064220
0 0.303354 0.775229 0.015244 0.045872
0 0.967988 0.051988 0.009146 0.018349
0 0.609756 0.325688 0.067073 0.070336
0 0.949695 0.966361 0.082317 0.055046
0 0.358232 0.747706 0.015244 0.021407
0 0.451220 0.041284 0.067073 0.076453
0 0.713415 0.261468 0.012195 0.015291
0 0.265244 0.550459 0.073171 0.067278
0 0.041159 0.111621 0.021341 0.039755
0 0.196646 0.480122 0.076220 0.067278
0 0.367378 0.423547 0.033537 0.021407
0 0.934451 0.322630 0.045732 0.107034
0 0.057927 0.365443 0.012195 0.015291
0 0.708841 0.726300 0.039634 0.100917
0 0.612805 0.522936 0.018293 0.042813
0 0.239329 0.391437 0.051829 0.030581
0 0.060976 0.954128 0.054878 0.030581
0 0.327744 0.206422 0.100610 0.045872
0 0.402439 0.383792 0.036585 0.039755
0 0.371951 0.313456 0.012195 0.015291
0 0.306402 0.703364 0.015244 0.012232
0 0.634146 0.261468 0.042683 0.033639
0 0.510671 0.316514 0.009146 0.021407
0 0.039634 0.073394 0.012195 0.024465
0 0.435976 0.389908 0.012195 0.027523
