0 0.915313 0.440503 0.048724 0.057208
0 0.254060 0.160183 0.053364 0.050343
0 0.808585 0.394737 0.044084 0.052632
0 0.991879 0.926773 0.011601 0.009153
0 0.544084 0.549199 0.006961 0.013730
0 0.438515 0.625858 0.051044 0.020595
0 0.483759 0.192220 0.030162 0.018307
0 0.895592 0.734554 0.046404 0.041190
0 0.880510 0.173913 0.062645 0.045767
0 0.633411 0.175057 0.027842 0.006865
0 0.871230 0.416476 0.034803 0.077803
0 0.836427 0.700229 0.006961 0.013730
0 0.184455 0.617849 0.006961 0.013730
0 0.821346 0.242563 0.078886 0.036613
0 0.254060 0.930206 0.039443 0.048055
0 0.165893 0.661327 0.076566 0.036613
0 0.157773 0.143021 0.004640 0.020595
0 0.196056 0.122426 0.067285 0.038902
0 0.472158 0.298627 0.011601 0.011442
0 0.830626 0.180778 0.018561 0.045767
0 0.124130 0.234554 0.025522 0.016018
0 0.451276 0.059497 0.034803 0.022883
0 0.411833 0.306636 0.020882 0.027460
0 0.544084 0.695652 0.016241 0.032037
0 0.055684 0.664760 0.051044 0.057208
0 0.611369 0.291762 0.062645 0.043478
0 0.646172 0.923341 0.016241 0.016018
0 0.249420 0.434783 0.034803 0.027460
0 0.307425 0.648741 0.053364 0.034325
0 0.727378 0.076659 0.016241 0.025172
0 0.038283 0.796339 0.048724 0.059497
0 0.903712 0.390160 0.025522 0.048055
0 0.407193 0.433638 0.039443 0.020595
0 0.490719 0.860412 0.020882 0.032037
0 0.487239 0.596110 0.009281 0.011442
0 0.548724 0.080092 0.025522 0.013730
0 0.718097 0.661327 0.006961 0.013730
0 0.426914 0.771167 0.018561 0.032037
0 0.222738 0.331808 0.013921 0.027460
0 0.266821 0.702517 0.027842 0.022883
0 0.761021 0.225400 0.032483 0.038902
