0 0.934476 0.776210 0.010081 0.030914
0 0.072077 0.454973 0.019153 0.014785
0 0.716734 0.108199 0.016129 0.030914
0 0.696069 0.813844 0.003024 0.006720
0 0.326613 0.149194 0.008065 0.026882
0 0.331149 0.375672 0.001008 0.004032
0 0.397681 0.237231 0.005040 0.012097
0 0.210685 0.983871 0.014113 0.016129
0 0.484375 0.325941 0.009073 0.012097
0 0.786290 0.026210 0.008065 0.025538
0 0.489919 0.784274 0.008065 0.012097
0 0.035282 0.400538 0.004032 0.005376
0 0.022177 0.866263 0.006048 0.012097
0 0.344758 0.910618 0.016129 0.012097
0 0.601815 0.049059 0.024194 0.022849
0 0.295867 0.770161 0.017137 0.016129
0 0.878528 0.456989 0.003024 0.002688
0 0.107359 0.914651 0.003024 0.004032
0 0.587702 0.037634 0.002016 0.008065
0 0.889113 0.034274 0.008065 0.020161
0 0.699597 0.470430 0.002016 0.002688
0 0.408266 0.473118 0.014113 0.013441
0 0.864919 0.752688 0.010081 0.018817
0 0.500000 0.633737 0.008065 0.014785
0 0.370464 0.699597 0.003024 0.004032
0 0.807964 0.559140 0.025202 0.016129
0 0.106351 0.720430 0.003024 0.013441
0 0.340726 0.819892 0.0141129 0.0430108
0 0.355847 0.734543 0.0120968 0.0389785
0 0.341734 0.733199 0.0120968 0.0389785
0 0.457157 0.3125 0.0131048 0.0389785
0 0.658266 0.504704 0.0141129 0.0336022
0 0.511593 0.31922 0.0131048 0.0416667
0 0.362903 0.829973 0.0141129 0.0443548
0 0.566532 0.33871 0.0181452 0.0349462
0 0.480343 0.256048 0.0131048 0.0443548
0 0.0362903 0.318548 0.0141129 0.0510753
0 0.483871 0.244624 0.0141129 0.0456989
0 0.430444 0.255376 0.0120968 0.0430108
0 0.402218 0.727151 0.0141129 0.0430108
0 0.685484 0.495296 0.0141129 0.0443548
0 0.984879 0.655914 0.0141129 0.0376344
0 0.414315 0.299059 0.016129 0.0416667
0 0.410282 0.747312 0.0181452 0.0456989
0 0.438508 0.227823 0.016129 0.0416667
0 0.824093 0.638441 0.0110887 0.0430108
0 0.704637 0.489247 0.0141129 0.0510753
0 0.386593 0.726479 0.0131048 0.0389785
0 0.853831 0.619624 0.0141129 0.0430108
0 0.425403 0.235887 0.0120968 0.047043
0 0.362399 0.290995 0.015121 0.0497312
0 0.545867 0.315188 0.015121 0.0416667
0 0.46119 0.260753 0.015121 0.0430108
0 0.623488 0.949597 0.015121 0.0443548
0 0.450605 0.726479 0.0141129 0.0443548
0 0.501008 0.115591 0.0141129 0.0403226
0 0.965726 0.650538 0.0100806 0.0403226
0 0.347782 0.290323 0.0141129 0.0430108
0 0.955645 0.668683 0.0141129 0.0416667
0 0.436996 0.723118 0.0131048 0.0456989
0 0.375 0.827957 0.0120968 0.0456989
0 0.856351 0.700941 0.0131048 0.047043
0 0.83871 0.629032 0.0120968 0.0403226
0 0.684476 0.932124 0.0120968 0.0416667
0 0.544859 0.762097 0.0131048 0.0430108
0 0.94506 0.778898 0.0131048 0.0443548
0 0.546875 0.284946 0.015121 0.0483871
0 0.529234 0.72043 0.0141129 0.0456989
0 0.84879 0.722446 0.0120968 0.0416667
0 0.873992 0.6875 0.0120968 0.0416667
0 0.760585 0.745968 0.0131048 0.0403226
0 0.756048 0.8125 0.0120968 0.0443548
0 0.697077 0.930108 0.0110887 0.0403226
0 0.74496 0.813844 0.0120968 0.047043
0 0.891129 0.747984 0.0141129 0.0416667
0 0.964214 0.778226 0.015121 0.0456989
