0 0.224105 0.847441 0.071563 0.025591
0 0.217514 0.168307 0.028249 0.029528
0 0.696798 0.284449 0.003766 0.017717
0 0.848399 0.756890 0.054614 0.033465
0 0.782486 0.598425 0.024482 0.039370
0 0.808851 0.919291 0.016949 0.027559
0 0.284369 0.858268 0.041431 0.047244
0 0.255179 0.032480 0.024482 0.009843
0 0.358757 0.290354 0.058380 0.033465
0 0.265537 0.452756 0.033898 0.059055
0 0.351224 0.353346 0.028249 0.037402
0 0.730697 0.877953 0.045198 0.043307
0 0.195857 0.735236 0.015066 0.037402
0 0.585687 0.157480 0.007533 0.027559
0 0.023540 0.514764 0.039548 0.025591
0 0.459510 0.221457 0.041431 0.049213
0 0.768362 0.672244 0.011299 0.017717
0 0.063089 0.740157 0.050847 0.035433
0 0.052731 0.490157 0.018832 0.015748
0 0.920904 0.721457 0.022599 0.013780
0 0.413371 0.565945 0.035782 0.029528
0 0.297552 0.415354 0.026365 0.015748
0 0.221281 0.473425 0.009416 0.017717
0 0.122411 0.067913 0.033898 0.041339
0 0.871940 0.880906 0.018832 0.037402
0 0.934087 0.820866 0.060264 0.031496
0 0.463277 0.496063 0.007533 0.011811
0 0.375706 0.494094 0.005650 0.015748
0 0.156309 0.625000 0.015066 0.017717
0 0.871940 0.145669 0.018832 0.019685
0 0.569680 0.978346 0.013183 0.015748
0 0.623352 0.298228 0.026365 0.009843
0 0.634652 0.219488 0.045198 0.033465
0 0.711864 0.439961 0.007533 0.013780
0 0.422787 0.277559 0.054614 0.035433
0 0.596045 0.048228 0.009416 0.009843
0 0.392655 0.439961 0.058380 0.033465
0 0.506591 0.802165 0.060264 0.033465
0 0.702448 0.830709 0.041431 0.047244
0 0.977401 0.321850 0.007533 0.013780
0 0.370056 0.527559 0.005650 0.015748
0 0.112994 0.390748 0.007533 0.009843
0 0.030132 0.325787 0.015066 0.033465
0 0.308851 0.352362 0.037665 0.051181
