0 0.146018 0.744548 0.085546 0.056075
0 0.286136 0.747664 0.064897 0.068536
0 0.932153 0.383178 0.094395 0.049844
0 0.824484 0.604361 0.079646 0.056075
0 0.617994 0.716511 0.038348 0.087227
0 0.140118 0.647975 0.020649 0.012461
0 0.716814 0.833333 0.058997 0.040498
0 0.426254 0.386293 0.008850 0.018692
0 0.057522 0.461059 0.014749 0.018692
0 0.261062 0.225857 0.008850 0.021807
0 0.843658 0.822430 0.017699 0.024922
0 0.078171 0.894081 0.008850 0.024922
0 0.491150 0.665109 0.032448 0.109034
0 0.946903 0.817757 0.047198 0.040498
0 0.811209 0.535826 0.064897 0.074766
0 0.930678 0.724299 0.026549 0.021807
0 0.702065 0.665109 0.053097 0.090343
0 0.414454 0.774143 0.026549 0.040498
0 0.343658 0.590343 0.079646 0.059190
0 0.846608 0.933022 0.088496 0.046729
0 0.376106 0.534268 0.097345 0.046729
0 0.106195 0.842679 0.076696 0.065421
0 0.361357 0.884735 0.008850 0.018692
0 0.219764 0.534268 0.008850 0.021807
0 0.654867 0.660436 0.017699 0.031153
0 0.047198 0.040498 0.070796 0.056075
0 0.780236 0.489097 0.014749 0.012461
0 0.209440 0.364486 0.064897 0.074766
0 0.648968 0.406542 0.011799 0.015576
0 0.852507 0.984424 0.029499 0.006231
0 0.410029 0.942368 0.017699 0.009346
0 0.9941 0.778816 0.0117994 0.0249221
0 0.168142 0.900312 0.0176991 0.0249221
0 0.974926 0.017134 0.0147493 0.0280374
0 0.973451 0.961059 0.0117994 0.0280374
0 0.821534 0.836449 0.0147493 0.0342679
0 0.938053 0.979751 0.0117994 0.0280374
0 0.0545723 0.962617 0.020649 0.0311526
0 0.949853 0.808411 0.0176991 0.0280374
0 0.0162242 0.9081 0.0147493 0.0342679
0 0.0619469 0.926791 0.0176991 0.0342679
0 0.278761 0.911215 0.0147493 0.0404984
0 0.917404 0.802181 0.0117994 0.0280374
0 0.986726 0.959502 0.00884956 0.0249221
0 0.264012 0.892523 0.0147493 0.0342679
0 0.923304 0.721184 0.0176991 0.0342679
