0 0.777666 0.302850 0.050302 0.040380
0 0.755533 0.868171 0.006036 0.007126
0 0.993964 0.937055 0.008048 0.007126
0 0.934608 0.384798 0.010060 0.028504
0 0.448692 0.366983 0.004024 0.016627
0 0.137827 0.332542 0.042254 0.057007
0 0.468813 0.978622 0.004024 0.014252
0 0.347082 0.498812 0.006036 0.009501
0 0.864185 0.491686 0.006036 0.009501
0 0.343058 0.970309 0.018109 0.021378
0 0.730382 0.156770 0.012072 0.042755
0 0.127767 0.389549 0.030181 0.028504
0 0.325956 0.301663 0.012072 0.019002
0 0.551308 0.656770 0.064386 0.040380
0 0.783702 0.214964 0.022133 0.011876
0 0.434608 0.117577 0.004024 0.016627
0 0.295775 0.636580 0.008048 0.009501
0 0.046278 0.371734 0.004024 0.011876
0 0.364185 0.205463 0.056338 0.045131
0 0.263581 0.980998 0.032193 0.033254
0 0.253521 0.308789 0.044266 0.028504
0 0.300805 0.558195 0.042254 0.052257
0 0.974849 0.771971 0.014085 0.028504
0 0.053320 0.119952 0.014085 0.030879
0 0.511066 0.644893 0.012072 0.035629
0 0.743461 0.394299 0.074447 0.033254
0 0.439638 0.252969 0.018109 0.021378
0 0.875252 0.102138 0.044266 0.038005
