0 0.754005 0.185407 0.034325 0.050239
0 0.091533 0.074163 0.036613 0.019139
0 0.640732 0.214115 0.073227 0.040670
0 0.257437 0.771531 0.029748 0.031100
0 0.271167 0.856459 0.011442 0.014354
0 0.242563 0.157895 0.027460 0.076555
0 0.772311 0.838517 0.034325 0.055024
0 0.122426 0.759569 0.006865 0.021531
0 0.447368 0.346890 0.080092 0.033493
0 0.491991 0.149522 0.004577 0.021531
0 0.344394 0.927033 0.011442 0.011962
0 0.397025 0.168660 0.034325 0.059809
0 0.590389 0.662679 0.018307 0.038278
0 0.909611 0.907895 0.029748 0.021531
0 0.399314 0.559809 0.006865 0.014354
0 0.368421 0.226077 0.004577 0.021531
0 0.136156 0.229665 0.020595 0.033493
0 0.459954 0.642344 0.036613 0.074163
0 0.630435 0.739234 0.070938 0.038278
0 0.408467 0.391148 0.020595 0.021531
0 0.278032 0.203349 0.038902 0.071770
0 0.932494 0.816986 0.016018 0.021531
0 0.221968 0.046651 0.022883 0.055024
0 0.876430 0.388756 0.050343 0.055024
0 0.629291 0.122010 0.045767 0.043062
0 0.302059 0.897129 0.009153 0.014354
0 0.194508 0.656699 0.009153 0.011962
0 0.829519 0.339713 0.038902 0.076555
0 0.672769 0.620813 0.059497 0.045455
0 0.314645 0.319378 0.011442 0.011962
0 0.500000 0.720096 0.006865 0.014354
0 0.042334 0.076555 0.057208 0.047847
0 0.107551 0.802632 0.009153 0.011962
0 0.774600 0.745215 0.080092 0.031100
0 0.355835 0.147129 0.043478 0.064593
0 0.371854 0.959330 0.116705 0.023923
0 0.868421 0.470096 0.061785 0.045455
0 0.181922 0.029904 0.052632 0.055024
0 0.361556 0.203349 0.032037 0.019139
0 0.195652 0.521531 0.006865 0.014354
