0 0.517105 0.292105 0.007895 0.015789
0 0.192105 0.668421 0.021053 0.026316
0 0.513158 0.200000 0.063158 0.031579
0 0.564474 0.026316 0.086842 0.042105
0 0.422368 0.323684 0.044737 0.031579
0 0.481579 0.160526 0.036842 0.036842
0 0.768421 0.175000 0.005263 0.013158
0 0.384211 0.421053 0.057895 0.026316
0 0.475000 0.280263 0.007895 0.013158
0 0.878947 0.568421 0.057895 0.036842
0 0.973684 0.772368 0.031579 0.013158
0 0.402632 0.385526 0.042105 0.039474
0 0.361842 0.072368 0.007895 0.007895
0 0.523684 0.409211 0.047368 0.028947
0 0.580263 0.352632 0.028947 0.047368
0 0.715789 0.482895 0.036842 0.028947
0 0.010526 0.169737 0.015789 0.028947
0 0.105263 0.627632 0.005263 0.013158
0 0.296053 0.101316 0.023684 0.013158
0 0.778947 0.665789 0.021053 0.026316
0 0.950000 0.844737 0.005263 0.021053
0 0.138158 0.240789 0.007895 0.028947
0 0.109211 0.821053 0.039474 0.031579
0 0.446053 0.465789 0.007895 0.010526
0 0.622368 0.555263 0.013158 0.026316
0 0.313158 0.881579 0.052632 0.031579
0 0.282895 0.471053 0.071053 0.047368
0 0.613158 0.635526 0.036842 0.023684
