0 0.925333 0.247297 0.032000 0.035135
0 0.534667 0.044595 0.029333 0.040541
0 0.210667 0.639189 0.010667 0.008108
0 0.564000 0.709459 0.008000 0.018919
0 0.106667 0.798649 0.080000 0.045946
0 0.929333 0.095946 0.029333 0.029730
0 0.853333 0.358108 0.005333 0.013514
0 0.518667 0.693243 0.024000 0.083784
0 0.345333 0.094595 0.077333 0.032432
0 0.310667 0.059459 0.013333 0.032432
0 0.285333 0.981081 0.010667 0.032432
0 0.900000 0.636486 0.040000 0.051351
0 0.026667 0.883784 0.053333 0.043243
0 0.069333 0.531081 0.010667 0.024324
0 0.905333 0.106757 0.013333 0.045946
0 0.858667 0.333784 0.005333 0.013514
0 0.501333 0.693243 0.005333 0.013514
0 0.650667 0.722973 0.021333 0.035135
0 0.044000 0.540541 0.034667 0.027027
0 0.458667 0.595946 0.069333 0.051351
0 0.417333 0.781081 0.061333 0.059459
0 0.198667 0.683784 0.029333 0.016216
0 0.924000 0.402703 0.008000 0.010811
0 0.786667 0.758108 0.021333 0.013514
0 0.876000 0.829730 0.008000 0.010811
0 0.129333 0.351351 0.056000 0.032432
0 0.252000 0.089189 0.056000 0.059459
0 0.545333 0.336486 0.066667 0.056757
0 0.284000 0.721622 0.029333 0.064865
0 0.824000 0.771622 0.016000 0.018919
0 0.473333 0.218919 0.013333 0.027027
0 0.628000 0.683784 0.024000 0.032432
