0 0.629808 0.206731 0.028846 0.028846
0 0.235577 0.673077 0.009615 0.019231
0 0.266026 0.448718 0.051282 0.051282
0 0.716346 0.456731 0.016026 0.016026
0 0.491987 0.270833 0.067308 0.035256
0 0.315705 0.705128 0.022436 0.032051
0 0.259615 0.652244 0.025641 0.048077
0 0.418269 0.150641 0.041667 0.064103
0 0.645833 0.439103 0.022436 0.038462
0 0.769231 0.274038 0.038462 0.028846
0 0.176282 0.200321 0.070513 0.080128
0 0.205128 0.883013 0.044872 0.125000
0 0.815705 0.528846 0.086538 0.057692
0 0.544872 0.825321 0.012821 0.022436
0 0.432692 0.330128 0.096154 0.057692
0 0.953526 0.522436 0.009615 0.012821
0 0.825321 0.477564 0.009615 0.012821
0 0.669872 0.544872 0.019231 0.012821
0 0.714744 0.889423 0.108974 0.048077
0 0.528846 0.576923 0.012821 0.032051
0 0.689103 0.336538 0.038462 0.019231
0 0.136218 0.399038 0.080128 0.041667
0 0.378205 0.274038 0.108974 0.048077
0 0.410256 0.224359 0.057692 0.044872
0 0.442308 0.277244 0.012821 0.041667
0 0.019231 0.844551 0.019231 0.035256
0 0.591346 0.144231 0.041667 0.038462
0 0.458333 0.636218 0.038462 0.022436
0 0.238782 0.594551 0.041667 0.060897
0 0.342949 0.190705 0.070513 0.073718
0 0.964744 0.299679 0.025641 0.022436
0 0.677885 0.641026 0.067308 0.051282
0 0.600962 0.181090 0.022436 0.016026
