0 0.735650 0.724784 0.099698 0.043228
0 0.826284 0.203170 0.003021 0.008646
0 0.255287 0.755043 0.015106 0.017291
0 0.944109 0.992795 0.003021 0.008646
0 0.107251 0.367435 0.009063 0.014409
0 0.311178 0.118156 0.096677 0.028818
0 0.125378 0.515850 0.027190 0.017291
0 0.900302 0.658501 0.042296 0.031700
0 0.820242 0.659942 0.009063 0.005764
0 0.037764 0.913545 0.027190 0.046110
0 0.654079 0.487032 0.009063 0.023055
0 0.110272 0.178674 0.003021 0.011527
0 0.515106 0.727666 0.087613 0.025937
0 0.359517 0.978386 0.024169 0.037464
0 0.723565 0.682997 0.027190 0.034582
0 0.247734 0.690202 0.054381 0.077810
0 0.903323 0.033141 0.060423 0.037464
0 0.569486 0.466859 0.009063 0.017291
0 0.074018 0.720461 0.003021 0.005764
0 0.317221 0.025937 0.036254 0.040346
0 0.649547 0.188761 0.060423 0.072046
0 0.197885 0.191643 0.027190 0.020173
0 0.690332 0.935159 0.003021 0.008646
0 0.913897 0.403458 0.003021 0.011527
0 0.728097 0.512968 0.006042 0.005764
0 0.913897 0.729107 0.021148 0.040346
0 0.762840 0.651297 0.033233 0.017291
0 0.031722 0.593660 0.009063 0.011527
0 0.441088 0.014409 0.030211 0.028818
