0 0.530806 0.274882 0.094787 0.056872
0 0.206161 0.068720 0.033175 0.014218
0 0.928910 0.665877 0.075829 0.090047
0 0.853081 0.246445 0.104265 0.085308
0 0.696682 0.452607 0.142180 0.080569
0 0.663507 0.931280 0.132701 0.080569
0 0.808057 0.663507 0.023697 0.018957
0 0.540284 0.433649 0.009479 0.042654
0 0.154028 0.030806 0.033175 0.023697
0 0.270142 0.770142 0.066351 0.137441
0 0.402844 0.244076 0.075829 0.099526
0 0.293839 0.206161 0.132701 0.090047
0 0.559242 0.080569 0.075829 0.075829
0 0.315166 0.118483 0.023697 0.066351
0 0.561611 0.616114 0.137441 0.085308
0 0.236967 0.533175 0.142180 0.080569
0 0.372038 0.658768 0.071090 0.170616
0 0.699052 0.703791 0.127962 0.090047
0 0.092417 0.191943 0.033175 0.033175
0 0.220379 0.746445 0.014218 0.033175
0 0.898104 0.130332 0.090047 0.127962
0 0.760664 0.225118 0.061611 0.033175
0 0.800948 0.824645 0.028436 0.037915
0 0.177725 0.120853 0.118483 0.071090
0 0.805687 0.741706 0.094787 0.118483
0 0.962085 0.469194 0.018957 0.037915
0 0.059242 0.575829 0.042654 0.042654
0 0.784360 0.042654 0.127962 0.085308
0 0.400474 0.144550 0.061611 0.080569
