0 0.269896 0.469775 0.041522 0.034542
0 0.881488 0.575993 0.012111 0.025907
0 0.403979 0.848014 0.005190 0.010363
0 0.885813 0.177893 0.038062 0.041451
0 0.398789 0.628670 0.015571 0.006908
0 0.677336 0.270294 0.032872 0.032815
0 0.421280 0.134715 0.012111 0.020725
0 0.512111 0.252159 0.038062 0.041451
0 0.311419 0.763385 0.010381 0.017271
0 0.355536 0.650259 0.008651 0.012090
0 0.821799 0.773748 0.017301 0.027634
0 0.797578 0.069948 0.044983 0.032815
0 0.537197 0.126079 0.005190 0.010363
0 0.064014 0.600173 0.003460 0.015544
0 0.169550 0.012090 0.010381 0.024180
0 0.601211 0.354059 0.008651 0.006908
0 0.408304 0.607081 0.044983 0.032815
0 0.970588 0.615717 0.010381 0.018998
0 0.715398 0.351468 0.046713 0.022453
0 0.879758 0.670121 0.008651 0.006908
0 0.604671 0.691710 0.032872 0.046632
0 0.477509 0.223661 0.027682 0.032815
0 0.282007 0.504318 0.051903 0.031088
0 0.281142 0.154577 0.036332 0.039724
0 0.058824 0.067358 0.017301 0.034542
0 0.815744 0.230570 0.039792 0.036269
0 0.282007 0.233161 0.020761 0.044905
0 0.410900 0.473230 0.046713 0.034542
0 0.771626 0.194301 0.044983 0.029361
0 0.773356 0.523316 0.044983 0.024180
0 0.500865 0.177893 0.025952 0.044905
0 0.240484 0.502591 0.027682 0.037997
0 0.484429 0.080311 0.010381 0.005181
