0 0.609195 0.603448 0.086207 0.051724
0 0.341954 0.192529 0.063218 0.051724
0 0.278736 0.109195 0.074713 0.057471
0 0.869253 0.673851 0.020115 0.048851
0 0.688218 0.283046 0.048851 0.025862
0 0.397989 0.159483 0.043103 0.060345
0 0.548851 0.794540 0.086207 0.048851
0 0.879310 0.813218 0.040230 0.034483
0 0.156609 0.528736 0.054598 0.034483
0 0.964080 0.689655 0.043103 0.068966
0 0.853448 0.410920 0.034483 0.022989
0 0.705460 0.839080 0.048851 0.080460
0 0.099138 0.647989 0.066092 0.066092
0 0.900862 0.079023 0.008621 0.020115
0 0.972701 0.048851 0.008621 0.017241
0 0.370690 0.784483 0.045977 0.063218
0 0.294540 0.954023 0.037356 0.022989
0 0.797414 0.458333 0.060345 0.071839
0 0.738506 0.185345 0.011494 0.014368
0 0.198276 0.089080 0.080460 0.045977
0 0.129310 0.778736 0.011494 0.022989
0 0.610632 0.745690 0.025862 0.031609
0 0.689655 0.159483 0.034483 0.060345
0 0.083333 0.122126 0.045977 0.031609
0 0.951149 0.613506 0.011494 0.014368
0 0.540230 0.609195 0.045977 0.040230
0 0.583333 0.274425 0.011494 0.037356
0 0.285920 0.702586 0.014368 0.025862
0 0.761494 0.606322 0.011494 0.017241
0 0.820402 0.341954 0.060345 0.045977
0 0.267241 0.169540 0.074713 0.057471
0 0.038793 0.228448 0.031609 0.037356
0 0.810345 0.241379 0.068966 0.063218
0 0.946839 0.379310 0.071839 0.028736
0 0.071839 0.602011 0.034483 0.020115
0 0.215517 0.228448 0.051724 0.031609
0 0.520115 0.119253 0.005747 0.025862
0 0.821839 0.193966 0.005747 0.025862
0 0.261494 0.692529 0.028736 0.057471
0 0.071839 0.981322 0.022989 0.037356
