0 0.729692 0.712662 0.030812 0.074675
0 0.714286 0.443182 0.072829 0.061688
0 0.677871 0.883117 0.016807 0.025974
0 0.501401 0.698052 0.033613 0.058442
0 0.837535 0.258117 0.011204 0.016234
0 0.320728 0.228896 0.025210 0.081169
0 0.406162 0.339286 0.022409 0.016234
0 0.357143 0.840909 0.030812 0.019481
0 0.833333 0.318182 0.047619 0.097403
0 0.939776 0.162338 0.047619 0.097403
0 0.509804 0.089286 0.067227 0.068182
0 0.407563 0.712662 0.042017 0.113636
0 0.253501 0.826299 0.058824 0.081169
0 0.502801 0.378247 0.070028 0.068182
0 0.431373 0.467532 0.039216 0.058442
0 0.376751 0.735390 0.014006 0.029221
0 0.068627 0.912338 0.042017 0.045455
0 0.379552 0.503247 0.025210 0.045455
0 0.768908 0.363636 0.014006 0.071429
0 0.175070 0.209416 0.008403 0.022727
0 0.337535 0.493506 0.053221 0.032468
0 0.224090 0.454545 0.084034 0.058442
0 0.872549 0.163961 0.047619 0.061688
0 0.456583 0.672078 0.050420 0.058442
0 0.882353 0.073052 0.072829 0.068182
0 0.644258 0.472403 0.061625 0.074675
0 0.948179 0.069805 0.036415 0.081169
0 0.862745 0.704545 0.095238 0.051948
0 0.303922 0.021104 0.008403 0.029221
0 0.137255 0.545455 0.061625 0.077922
0 0.508403 0.754870 0.070028 0.029221
0 0.857143 0.410714 0.072829 0.029221
0 0.553221 0.678571 0.008403 0.019481
0 0.418768 0.569805 0.025210 0.022727
0 0.340336 0.553571 0.014006 0.035714
0 0.239496 0.178571 0.025210 0.064935
0 0.684874 0.040584 0.081232 0.055195
0 0.086835 0.849026 0.039216 0.074675
0 0.964986 0.847403 0.070028 0.064935
0 0.550420 0.451299 0.070028 0.064935
0 0.515406 0.894481 0.022409 0.0551948
0 0.518207 0.970779 0.022409 0.0519481
