0 0.691667 0.131250 0.008333 0.037500
0 0.577083 0.816667 0.020833 0.016667
0 0.927083 0.304167 0.070833 0.066667
0 0.041667 0.412500 0.041667 0.033333
0 0.816667 0.135417 0.191667 0.045833
0 0.695833 0.600000 0.025000 0.050000
0 0.925000 0.889583 0.075000 0.095833
0 0.497917 0.787500 0.120833 0.075000
0 0.297917 0.554167 0.145833 0.058333
0 0.100000 0.727083 0.033333 0.062500
0 0.212500 0.066667 0.050000 0.025000
0 0.641667 0.522917 0.108333 0.087500
0 0.829167 0.191667 0.058333 0.025000
0 0.118750 0.612500 0.029167 0.025000
0 0.293750 0.125000 0.012500 0.025000
0 0.260417 0.302083 0.012500 0.029167
0 0.612500 0.685417 0.075000 0.120833
0 0.364583 0.833333 0.070833 0.066667
0 0.039583 0.522917 0.020833 0.037500
0 0.152083 0.795833 0.037500 0.100000
0 0.077083 0.302083 0.112500 0.029167
0 0.793750 0.483333 0.095833 0.066667
0 0.910417 0.539583 0.037500 0.054167
0 0.297917 0.506250 0.020833 0.029167
0 0.879167 0.252083 0.016667 0.037500
0 0.510417 0.504167 0.020833 0.033333
0 0.502083 0.637500 0.120833 0.075000
0 0.708333 0.316667 0.141667 0.066667
0 0.839583 0.268750 0.045833 0.095833
0 0.068750 0.175000 0.012500 0.033333
0 0.408333 0.920833 0.066667 0.066667
0 0.352083 0.056250 0.079167 0.062500
0 0.583333 0.562500 0.066667 0.058333
0 0.808333 0.810417 0.025000 0.037500
0 0.808333 0.077083 0.033333 0.062500
0 0.066667 0.633333 0.066667 0.025000
0 0.510417 0.570833 0.070833 0.041667
0 0.783333 0.414583 0.041667 0.062500
