0 0.956250 0.686250 0.062500 0.047500
0 0.600000 0.471250 0.040000 0.077500
0 0.842500 0.040000 0.020000 0.030000
0 0.106250 0.637500 0.077500 0.040000
0 0.237500 0.645000 0.070000 0.045000
0 0.285000 0.881250 0.005000 0.012500
0 0.066250 0.155000 0.022500 0.010000
0 0.285000 0.948750 0.020000 0.047500
0 0.428750 0.115000 0.047500 0.065000
0 0.860000 0.478750 0.005000 0.012500
0 0.877500 0.915000 0.010000 0.025000
0 0.995000 0.758750 0.010000 0.007500
0 0.037500 0.193750 0.045000 0.042500
0 0.060000 0.600000 0.010000 0.035000
0 0.007500 0.153750 0.015000 0.032500
0 0.166250 0.741250 0.022500 0.022500
0 0.798750 0.643750 0.037500 0.017500
0 0.448750 0.963750 0.002500 0.007500
0 0.331250 0.030000 0.007500 0.010000
0 0.110000 0.215000 0.015000 0.030000
0 0.032500 0.620000 0.040000 0.050000
0 0.085000 0.930000 0.040000 0.055000
0 0.108750 0.876250 0.002500 0.012500
