0 0.618280 0.559767 0.010753 0.034985
0 0.919355 0.739067 0.086022 0.049563
0 0.901882 0.177843 0.094086 0.040816
0 0.420699 0.973761 0.072581 0.052478
0 0.923387 0.402332 0.072581 0.052478
0 0.244624 0.183673 0.059140 0.064140
0 0.491935 0.760933 0.080645 0.052478
0 0.625000 0.909621 0.024194 0.029155
0 0.271505 0.144315 0.016129 0.008746
0 0.754032 0.399417 0.029570 0.040816
0 0.709677 0.498542 0.032258 0.052478
0 0.172043 0.412536 0.032258 0.037901
0 0.032258 0.253644 0.021505 0.034985
0 0.098118 0.236152 0.061828 0.064140
0 0.356183 0.316327 0.034946 0.032070
0 0.831989 0.349854 0.056452 0.075802
0 0.705645 0.329446 0.083333 0.046647
0 0.774194 0.870262 0.010753 0.014577
0 0.547043 0.969388 0.013441 0.026239
0 0.836022 0.297376 0.026882 0.023324
0 0.588710 0.816327 0.010753 0.017493
0 0.674731 0.215743 0.102151 0.040816
0 0.138441 0.301749 0.051075 0.049563
0 0.081989 0.167638 0.056452 0.067055
0 0.314516 0.053936 0.059140 0.072886
0 0.430108 0.790087 0.026882 0.069971
0 0.032258 0.307580 0.016129 0.043732
0 0.534946 0.071429 0.059140 0.067055
0 0.318548 0.224490 0.018817 0.023324
0 0.431452 0.852770 0.083333 0.049563
0 0.182796 0.017493 0.026882 0.034985
0 0.119624 0.034985 0.088710 0.046647
0 0.219086 0.705539 0.024194 0.058309
0 0.120968 0.508746 0.016129 0.020408
0 0.321237 0.580175 0.067204 0.058309
0 0.018817 0.912536 0.016129 0.052478
0 0.096774 0.959184 0.032258 0.058309
0 0.063172 0.909621 0.024194 0.034985
0 0.642473 0.348397 0.032258 0.049563
0 0.600806 0.957726 0.024194 0.020408
0 0.838710 0.134111 0.032258 0.040816
0 0.344086 0.804665 0.021505 0.029155
0 0.766129 0.077259 0.016129 0.008746
