0 0.863458 0.075547 0.005894 0.015905
0 0.509823 0.843936 0.041257 0.049702
0 0.971513 0.073559 0.009823 0.019881
0 0.425344 0.702783 0.041257 0.033797
0 0.261297 0.583499 0.031434 0.021869
0 0.891945 0.647117 0.027505 0.045726
0 0.597250 0.181909 0.015717 0.013917
0 0.126719 0.467197 0.013752 0.035785
0 0.879175 0.833002 0.005894 0.011928
0 0.436149 0.882704 0.051081 0.039761
0 0.137525 0.822068 0.007859 0.009940
0 0.561886 0.278330 0.023576 0.011928
0 0.060904 0.216700 0.055010 0.011928
0 0.594303 0.920477 0.041257 0.039761
0 0.967583 0.318091 0.037328 0.031809
0 0.524558 0.788270 0.039293 0.053678
0 0.861493 0.037773 0.009823 0.019881
0 0.772102 0.446322 0.035363 0.057654
0 0.061886 0.195825 0.080550 0.025845
0 0.338900 0.476143 0.037328 0.021869
0 0.900786 0.716700 0.033399 0.017893
0 0.973477 0.858847 0.005894 0.011928
0 0.214145 0.520875 0.031434 0.015905
0 0.476424 0.491054 0.017682 0.023857
0 0.501965 0.895626 0.009823 0.009940
0 0.669941 0.742545 0.035363 0.041750
0 0.360511 0.846918 0.025540 0.007952
0 0.731827 0.637177 0.009823 0.013917
0 0.340864 0.508946 0.005894 0.011928
0 0.279961 0.105368 0.045187 0.043738
0 0.038310 0.764414 0.045187 0.045726
0 0.979371 0.673956 0.029470 0.055666
0 0.171906 0.618290 0.005894 0.011928
0 0.426326 0.625249 0.023576 0.021869
0 0.947937 0.389662 0.037328 0.039761
0 0.882122 0.933400 0.027505 0.025845
0 0.340864 0.851889 0.009823 0.021869
0 0.378193 0.157058 0.005894 0.015905
0 0.385069 0.668986 0.035363 0.041750
0 0.830059 0.381710 0.009823 0.007952
0 0.664047 0.365805 0.062868 0.031809
