0 0.056000 0.078378 0.032000 0.075676
0 0.489333 0.327027 0.050667 0.054054
0 0.409333 0.298649 0.034667 0.072973
0 0.108000 0.578378 0.024000 0.027027
0 0.178667 0.894595 0.021333 0.059459
0 0.860000 0.113514 0.040000 0.043243
0 0.796000 0.367568 0.008000 0.016216
0 0.141333 0.772973 0.010667 0.016216
0 0.938667 0.205405 0.026667 0.043243
0 0.560000 0.393243 0.037333 0.018919
0 0.237333 0.509459 0.069333 0.056757
0 0.310667 0.695946 0.082667 0.045946
0 0.069333 0.414865 0.010667 0.013514
0 0.522667 0.555405 0.037333 0.083784
0 0.616000 0.231081 0.080000 0.045946
0 0.226667 0.283784 0.032000 0.016216
0 0.524000 0.490541 0.045333 0.035135
0 0.954667 0.147297 0.037333 0.067568
0 0.437333 0.233784 0.005333 0.024324
0 0.561333 0.504054 0.013333 0.040541
0 0.481333 0.971622 0.013333 0.013514
0 0.505333 0.222973 0.088000 0.035135
0 0.421333 0.500000 0.021333 0.021622
0 0.545333 0.454054 0.024000 0.032432
0 0.977333 0.708108 0.018667 0.021622
0 0.536000 0.051351 0.048000 0.075676
0 0.624000 0.931081 0.016000 0.018919
0 0.681333 0.045946 0.072000 0.054054
0 0.833333 0.393243 0.008000 0.024324
0 0.321333 0.940541 0.045333 0.070270
0 0.210667 0.458108 0.090667 0.040541
0 0.470667 0.762162 0.013333 0.032432
0 0.089333 0.178378 0.040000 0.048649
0 0.529333 0.191892 0.008000 0.016216
0 0.442667 0.847297 0.010667 0.013514
0 0.672000 0.393243 0.010667 0.013514
0 0.657333 0.498649 0.008000 0.018919
0 0.601333 0.798649 0.077333 0.045946
0 0.609333 0.877027 0.072000 0.051351
