0 0.848348 0.782680 0.021021 0.055556
0 0.630631 0.284314 0.090090 0.052288
0 0.725225 0.178105 0.069069 0.062092
0 0.358859 0.184641 0.009009 0.016340
0 0.698198 0.549020 0.009009 0.019608
0 0.427928 0.527778 0.033033 0.029412
0 0.938438 0.702614 0.069069 0.065359
0 0.747748 0.120915 0.030030 0.039216
0 0.513514 0.629085 0.024024 0.055556
0 0.231231 0.848039 0.036036 0.016340
0 0.379880 0.362745 0.039039 0.026144
0 0.978979 0.179739 0.030030 0.032680
0 0.264264 0.846405 0.012012 0.026144
0 0.542042 0.764706 0.051051 0.032680
0 0.708709 0.913399 0.012012 0.009804
0 0.890390 0.199346 0.087087 0.058824
0 0.384384 0.089869 0.090090 0.055556
0 0.342342 0.807190 0.048048 0.052288
0 0.118619 0.174837 0.015015 0.042484
0 0.729730 0.977124 0.048048 0.045752
0 0.923423 0.851307 0.021021 0.062092
0 0.225225 0.058824 0.012012 0.032680
0 0.010511 0.163399 0.015015 0.032680
0 0.693694 0.880719 0.096096 0.049020
0 0.271772 0.506536 0.033033 0.039216
0 0.043544 0.782680 0.009009 0.016340
0 0.484985 0.439542 0.075075 0.068627
