0 0.834146 0.408654 0.058537 0.076923
0 0.756098 0.201923 0.097561 0.125000
0 0.414634 0.694712 0.078049 0.072115
0 0.224390 0.338942 0.019512 0.024038
0 0.663415 0.201923 0.068293 0.105769
0 0.675610 0.778846 0.141463 0.086538
0 0.768293 0.581731 0.014634 0.028846
0 0.719512 0.665865 0.131707 0.091346
0 0.219512 0.675481 0.107317 0.120192
0 0.636585 0.588942 0.024390 0.072115
0 0.407317 0.391827 0.034146 0.072115
0 0.934146 0.360577 0.112195 0.086538
0 0.678049 0.860577 0.019512 0.028846
0 0.368293 0.314904 0.170732 0.072115
0 0.443902 0.778846 0.087805 0.048077
0 0.346341 0.100962 0.165854 0.076923
0 0.207317 0.653846 0.131707 0.096154
0 0.241463 0.043269 0.034146 0.086538
0 0.302439 0.819712 0.097561 0.120192
0 0.619512 0.497596 0.117073 0.100962
0 0.095122 0.454327 0.063415 0.072115
0 0.234146 0.228365 0.087805 0.139423
0 0.146341 0.112981 0.156098 0.081731
0 0.812195 0.846154 0.014634 0.038462
0 0.734146 0.860577 0.121951 0.105769
0 0.609756 0.127404 0.019512 0.024038
0 0.926829 0.826923 0.048780 0.086538
0 0.480488 0.331731 0.014634 0.048077
0 0.680488 0.127404 0.014634 0.033654
0 0.097561 0.766827 0.107317 0.110577
0 0.775610 0.605769 0.087805 0.019231
0 0.885366 0.562500 0.112195 0.105769
0 0.641463 0.067308 0.053659 0.105769
0 0.146341 0.199519 0.029268 0.024038
0 0.095122 0.552885 0.141463 0.086538
0 0.597561 0.072115 0.112195 0.086538
0 0.760976 0.463942 0.078049 0.072115
0 0.097561 0.461538 0.156098 0.076923
0 0.636585 0.740385 0.102439 0.125000
0 0.573171 0.711538 0.014634 0.028846
0 0.660976 0.942308 0.014634 0.028846
0 0.970732 0.209135 0.019512 0.024038
0 0.219512 0.581731 0.039024 0.038462
0 0.856098 0.879808 0.034146 0.048077
0 0.190244 0.021635 0.058537 0.043269
