0 0.326027 0.512162 0.087671 0.045946
0 0.154795 0.400000 0.068493 0.059459
0 0.219178 0.290541 0.016438 0.035135
0 0.543836 0.463514 0.057534 0.062162
0 0.839726 0.444595 0.008219 0.008108
0 0.052055 0.922973 0.021918 0.018919
0 0.813699 0.236486 0.087671 0.018919
0 0.438356 0.625676 0.016438 0.018919
0 0.065753 0.729730 0.087671 0.043243
0 0.138356 0.747297 0.008219 0.013514
0 0.264384 0.322973 0.030137 0.024324
0 0.309589 0.678378 0.016438 0.037838
0 0.265753 0.100000 0.038356 0.048649
0 0.631507 0.164865 0.013699 0.016216
0 0.139726 0.360811 0.005479 0.013514
0 0.898630 0.160811 0.005479 0.013514
0 0.061644 0.971622 0.041096 0.013514
0 0.524658 0.283784 0.035616 0.032432
0 0.035616 0.966216 0.005479 0.013514
0 0.082192 0.566216 0.098630 0.040541
0 0.457534 0.575676 0.016438 0.032432
0 0.238356 0.321622 0.010959 0.010811
0 0.072603 0.539189 0.008219 0.008108
0 0.402740 0.251351 0.038356 0.064865
0 0.336986 0.055405 0.049315 0.040541
0 0.364384 0.606757 0.005479 0.013514
