0 0.511927 0.292125 0.036697 0.049451
0 0.708257 0.780220 0.025688 0.051282
0 0.495413 0.800366 0.058716 0.029304
0 0.511009 0.862637 0.005505 0.010989
0 0.048624 0.695971 0.005505 0.010989
0 0.946789 0.798535 0.036697 0.047619
0 0.309174 0.163004 0.020183 0.014652
0 0.746789 0.493590 0.018349 0.034799
0 0.445872 0.239011 0.033028 0.034799
0 0.055963 0.426740 0.005505 0.018315
0 0.650459 0.080586 0.049541 0.036630
0 0.331193 0.404762 0.034862 0.036630
0 0.040367 0.576007 0.040367 0.045788
0 0.940367 0.537546 0.053211 0.031136
0 0.731193 0.615385 0.009174 0.010989
0 0.788073 0.489927 0.016514 0.012821
0 0.272477 0.826007 0.009174 0.018315
0 0.288991 0.098901 0.027523 0.040293
0 0.801835 0.173077 0.014679 0.012821
0 0.392661 0.774725 0.040367 0.040293
0 0.476147 0.112637 0.056881 0.031136
0 0.584404 0.176740 0.012844 0.005495
0 0.980734 0.772894 0.009174 0.007326
0 0.393578 0.435897 0.049541 0.036630
0 0.688991 0.993590 0.005505 0.012821
0 0.307339 0.341575 0.009174 0.009158
0 0.115596 0.074176 0.058716 0.031136
0 0.422018 0.109890 0.044037 0.040293
0 0.407339 0.726190 0.003670 0.016484
0 0.618349 0.859890 0.025688 0.071429
0 0.223853 0.939560 0.007339 0.014652
0 0.690826 0.567766 0.038532 0.047619
0 0.347706 0.399267 0.034862 0.047619
