0 0.775610 0.443005 0.087805 0.025907
0 0.698780 0.230570 0.021951 0.056995
0 0.786585 0.861399 0.036585 0.033679
0 0.330488 0.088083 0.060976 0.020725
0 0.190244 0.981865 0.004878 0.015544
0 0.246341 0.371762 0.058537 0.054404
0 0.365854 0.362694 0.082927 0.036269
0 0.681707 0.387306 0.095122 0.033679
0 0.695122 0.106218 0.073171 0.041451
0 0.300000 0.926166 0.009756 0.023316
0 0.941463 0.217617 0.004878 0.010363
0 0.509756 0.264249 0.009756 0.005181
0 0.645122 0.178756 0.060976 0.031088
0 0.753659 0.599741 0.019512 0.018135
0 0.589024 0.638601 0.041463 0.018135
0 0.860976 0.189119 0.019512 0.041451
0 0.917073 0.108808 0.068293 0.046632
0 0.213415 0.343264 0.002439 0.002591
0 0.882927 0.436528 0.009756 0.018135
0 0.930488 0.962435 0.012195 0.028497
0 0.226829 0.338083 0.004878 0.007772
0 0.330488 0.203368 0.002439 0.007772
0 0.110976 0.906736 0.007317 0.010363
0 0.178049 0.174870 0.053659 0.059585
0 0.763415 0.287565 0.073171 0.041451
0 0.703659 0.360104 0.012195 0.015544
0 0.350000 0.852332 0.012195 0.020725
0 0.929268 0.428756 0.009756 0.012953
