0 0.923301 0.905048 0.064078 0.036058
0 0.266019 0.397837 0.050485 0.045673
0 0.149515 0.752404 0.038835 0.062500
0 0.639806 0.507212 0.029126 0.038462
0 0.037864 0.670673 0.040777 0.062500
0 0.225243 0.712740 0.093204 0.026442
0 0.645631 0.400240 0.036893 0.036058
0 0.425243 0.366587 0.038835 0.064904
0 0.632039 0.718750 0.033010 0.052885
0 0.833010 0.777644 0.023301 0.026442
0 0.636893 0.296875 0.007767 0.012019
0 0.580583 0.792067 0.050485 0.036058
0 0.160194 0.617788 0.005825 0.014423
0 0.385437 0.195913 0.048544 0.050481
0 0.092233 0.549279 0.036893 0.040865
0 0.132039 0.402644 0.007767 0.012019
0 0.300000 0.310096 0.048544 0.038462
0 0.909709 0.965144 0.040777 0.060096
0 0.312621 0.717548 0.038835 0.064904
0 0.212621 0.378606 0.029126 0.040865
0 0.695146 0.243990 0.069903 0.036058
0 0.833010 0.022837 0.081553 0.031250
0 0.314563 0.804087 0.011650 0.007212
0 0.265049 0.959135 0.048544 0.024038
0 0.530097 0.284856 0.011650 0.036058
0 0.356311 0.961538 0.036893 0.009615
0 0.124272 0.945913 0.038835 0.026442
0 0.935922 0.344952 0.019417 0.060096
0 0.708738 0.888221 0.050485 0.050481
0 0.540777 0.878606 0.056311 0.036058
0 0.605825 0.316106 0.042718 0.055288
0 0.057282 0.358173 0.044660 0.024038
0 0.833010 0.961538 0.038835 0.024038
0 0.585437 0.195913 0.040777 0.060096
0 0.366990 0.938702 0.007767 0.012019
0 0.431068 0.122596 0.034951 0.067308
0 0.138835 0.093750 0.040777 0.062500
0 0.308738 0.197115 0.019417 0.009615
0 0.607767 0.665865 0.027184 0.043269
0 0.158252 0.439904 0.005825 0.019231
0 0.578641 0.641827 0.015534 0.019231
0 0.406796 0.622596 0.048544 0.048077
0 0.273786 0.260817 0.050485 0.050481
0 0.187379 0.056490 0.036893 0.055288
0 0.487379 0.073317 0.062136 0.040865
