0 0.260021 0.698589 0.009494 0.008065
0 0.376055 0.445565 0.005274 0.008065
0 0.627637 0.636089 0.008439 0.012097
0 0.199367 0.942036 0.012658 0.015121
0 0.055907 0.643649 0.006329 0.009073
0 0.941456 0.102823 0.003165 0.006048
0 0.496308 0.546371 0.011603 0.004032
0 0.501055 0.602823 0.018987 0.030242
0 0.556435 0.087702 0.013713 0.020161
0 0.695148 0.665323 0.018987 0.016129
0 0.567511 0.533770 0.023207 0.023185
0 0.715717 0.600806 0.003165 0.006048
0 0.271624 0.520161 0.013713 0.012097
0 0.123945 0.530242 0.017932 0.010081
0 0.174051 0.576109 0.023207 0.023185
0 0.282173 0.195060 0.036920 0.015121
0 0.537975 0.100806 0.012658 0.014113
0 0.950949 0.157762 0.005274 0.013105
0 0.405591 0.403226 0.030591 0.018145
0 0.881329 0.327621 0.003165 0.006048
0 0.703059 0.890121 0.028481 0.018145
0 0.497363 0.859879 0.005274 0.006048
0 0.418249 0.539315 0.013713 0.038306
0 0.088608 0.909778 0.021097 0.027218
0 0.716772 0.639113 0.017932 0.030242
0 0.743671 0.626512 0.004219 0.015121
0 0.880802 0.506048 0.008439 0.008065
0 0.061181 0.622480 0.021097 0.027218
0 0.850738 0.223790 0.003165 0.006048
