0 0.520513 0.621795 0.051282 0.064103
0 0.447436 0.057692 0.058974 0.043590
0 0.351282 0.952564 0.035897 0.023077
0 0.692308 0.460256 0.046154 0.028205
0 0.667949 0.858974 0.012821 0.015385
0 0.983333 0.780769 0.007692 0.023077
0 0.632051 0.382051 0.007692 0.020513
0 0.525641 0.167949 0.046154 0.069231
0 0.803846 0.261538 0.079487 0.041026
0 0.206410 0.487179 0.007692 0.015385
0 0.357692 0.875641 0.064103 0.053846
0 0.771795 0.352564 0.056410 0.038462
0 0.611538 0.412821 0.012821 0.035897
0 0.170513 0.970513 0.012821 0.012821
0 0.307692 0.756410 0.087179 0.041026
0 0.516667 0.942308 0.012821 0.023077
0 0.084615 0.441026 0.020513 0.051282
0 0.473077 0.574359 0.033333 0.030769
0 0.458974 0.456410 0.066667 0.051282
0 0.098718 0.962821 0.017949 0.017949
0 0.101282 0.337179 0.007692 0.017949
0 0.664103 0.605128 0.097436 0.035897
0 0.923077 0.643590 0.015385 0.046154
0 0.230769 0.248718 0.010256 0.020513
0 0.214103 0.716667 0.012821 0.017949
0 0.900000 0.789744 0.071795 0.046154
0 0.143590 0.357692 0.035897 0.094872
0 0.560256 0.207692 0.007692 0.015385
0 0.680769 0.387179 0.017949 0.030769
