0 0.925000 0.197794 0.005882 0.007353
0 0.576471 0.269118 0.011765 0.011765
0 0.550000 0.521324 0.052941 0.022059
0 0.044853 0.583088 0.042647 0.025000
0 0.969853 0.780882 0.013235 0.011765
0 0.255147 0.247059 0.013235 0.014706
0 0.138971 0.512500 0.036765 0.025000
0 0.527206 0.333088 0.013235 0.027941
0 0.150735 0.153676 0.030882 0.036765
0 0.063235 0.513971 0.026471 0.039706
0 0.435294 0.610294 0.044118 0.026471
0 0.625735 0.856618 0.036765 0.027941
0 0.215441 0.446324 0.036765 0.025000
0 0.403676 0.587500 0.010294 0.027941
0 0.402941 0.792647 0.026471 0.023529
0 0.584559 0.937500 0.042647 0.025000
0 0.564706 0.771324 0.008824 0.016176
0 0.784559 0.129412 0.010294 0.023529
0 0.041176 0.219853 0.017647 0.007353
0 0.890441 0.675735 0.013235 0.022059
0 0.875000 0.393382 0.002941 0.013235
0 0.529412 0.610294 0.029412 0.029412
0 0.408088 0.086029 0.013235 0.010294
0 0.962500 0.158824 0.030882 0.038235
0 0.324265 0.873529 0.042647 0.026471
0 0.672059 0.169853 0.005882 0.007353
0 0.918382 0.758088 0.004412 0.010294
0 0.610294 0.702206 0.017647 0.027941
0 0.375735 0.063971 0.042647 0.025000
0 0.182353 0.365441 0.005882 0.007353
0 0.591912 0.903676 0.027941 0.039706
0 0.728676 0.872794 0.022059 0.025000
0 0.623529 0.669118 0.023529 0.029412
0 0.527941 0.744853 0.014706 0.019118
0 0.941912 0.757353 0.016176 0.017647
0 0.298529 0.275735 0.044118 0.025000
0 0.153676 0.898529 0.016176 0.026471
0 0.330882 0.041912 0.020588 0.025000
0 0.835294 0.263971 0.023529 0.016176
0 0.129412 0.394853 0.008824 0.022059
