0 0.449097 0.072443 0.008210 0.017992
0 0.111248 0.680871 0.012315 0.028409
0 0.399425 0.473958 0.005747 0.008523
0 0.571018 0.206439 0.009031 0.005682
0 0.512726 0.928977 0.002463 0.005682
0 0.066913 0.373106 0.007389 0.015152
0 0.018473 0.602746 0.025452 0.016098
0 0.222906 0.879261 0.013957 0.016098
0 0.236453 0.710227 0.031199 0.009470
0 0.595649 0.900568 0.002463 0.005682
0 0.384647 0.669981 0.007389 0.014205
0 0.408456 0.542140 0.005747 0.017992
0 0.250000 0.690341 0.013957 0.028409
0 0.449918 0.627841 0.004926 0.009470
0 0.215517 0.056818 0.023810 0.017045
0 0.491790 0.886364 0.024631 0.017045
0 0.376437 0.103693 0.002463 0.008523
0 0.831281 0.142992 0.002463 0.007576
0 0.575944 0.562027 0.020525 0.019886
0 0.487685 0.977746 0.003284 0.004735
0 0.215107 0.679451 0.004926 0.012311
0 0.216338 0.438447 0.010673 0.017045
0 0.416256 0.412405 0.026273 0.016098
0 0.771346 0.469223 0.009031 0.010417
0 0.869458 0.546875 0.004926 0.002841
0 0.674056 0.368845 0.006568 0.012311
0 0.856732 0.714015 0.027094 0.009470
0 0.694992 0.019886 0.013957 0.015152
0 0.082102 0.404830 0.018062 0.023674
0 0.499179 0.871212 0.008210 0.011364
0 0.189655 0.499527 0.003284 0.004735
0 0.048440 0.861269 0.014778 0.019886
0 0.667898 0.517045 0.009031 0.013258
0 0.856732 0.697443 0.002463 0.006629
0 0.477422 0.080966 0.032020 0.012311
