0 0.425164 0.458155 0.004934 0.015021
0 0.407072 0.108369 0.008224 0.019313
0 0.710526 0.568670 0.023026 0.042918
0 0.028783 0.545064 0.024671 0.077253
0 0.268092 0.506438 0.013158 0.034335
0 0.770559 0.172747 0.021382 0.062232
0 0.816612 0.301502 0.050987 0.036481
0 0.963816 0.889485 0.029605 0.049356
0 0.362664 0.798283 0.037829 0.047210
0 0.848684 0.275751 0.006579 0.015021
0 0.641447 0.484979 0.046053 0.038627
0 0.007401 0.988197 0.014803 0.023605
0 0.806743 0.538627 0.011513 0.042918
0 0.638980 0.241416 0.008224 0.027897
0 0.432566 0.262876 0.013158 0.027897
0 0.053454 0.342275 0.004934 0.015021
0 0.491776 0.621245 0.003289 0.019313
0 0.308388 0.026824 0.008224 0.027897
0 0.094572 0.306867 0.024671 0.030043
0 0.926809 0.040773 0.004934 0.012876
0 0.551809 0.624464 0.008224 0.008584
0 0.525493 0.925966 0.041118 0.036481
0 0.670230 0.285408 0.024671 0.025751
0 0.975329 0.284335 0.026316 0.049356
0 0.380757 0.695279 0.027961 0.068670
0 0.281250 0.181330 0.013158 0.040773
0 0.464638 0.879828 0.004934 0.012876
0 0.253289 0.321888 0.013158 0.038627
0 0.496711 0.812232 0.023026 0.075107
0 0.814967 0.954936 0.004934 0.012876
0 0.611020 0.534335 0.004934 0.017167
0 0.388158 0.179185 0.049342 0.036481
0 0.749178 0.299356 0.008224 0.010730
0 0.111020 0.435622 0.004934 0.012876
0 0.023026 0.186695 0.036184 0.047210
0 0.120888 0.492489 0.018092 0.036481
