0 0.665563 0.561290 0.019868 0.038710
0 0.923841 0.829032 0.099338 0.212903
0 0.374172 0.625806 0.086093 0.077419
0 0.228477 0.777419 0.165563 0.135484
0 0.307947 0.258065 0.139073 0.064516
0 0.109272 0.774194 0.019868 0.051613
0 0.913907 0.632258 0.066225 0.154839
0 0.476821 0.441935 0.158940 0.109677
0 0.076159 0.712903 0.086093 0.058065
0 0.443709 0.567742 0.172185 0.129032
0 0.768212 0.696774 0.066225 0.025806
0 0.215232 0.445161 0.059603 0.116129
0 0.092715 0.616129 0.185430 0.122581
0 0.837748 0.061290 0.099338 0.096774
0 0.705298 0.641935 0.059603 0.070968
0 0.963576 0.248387 0.072848 0.083871
0 0.337748 0.541935 0.026490 0.038710
0 0.619205 0.161290 0.019868 0.038710
0 0.069536 0.464516 0.139073 0.167742
0 0.175497 0.300000 0.165563 0.135484
0 0.225166 0.532258 0.158940 0.096774
0 0.738411 0.964516 0.019868 0.045161
0 0.635762 0.774194 0.092715 0.129032
0 0.261589 0.435484 0.059603 0.070968
0 0.735099 0.070968 0.092715 0.116129
0 0.175497 0.151613 0.165563 0.135484
0 0.026490 0.354839 0.052980 0.038710
0 0.950331 0.970968 0.033113 0.058065
0 0.920530 0.100000 0.026490 0.045161
0 0.201987 0.432258 0.046358 0.051613
0 0.043046 0.129032 0.086093 0.245161
0 0.417219 0.274194 0.039735 0.070968
0 0.864238 0.687097 0.019868 0.045161
0 0.347682 0.425806 0.019868 0.038710
0 0.132450 0.293548 0.238411 0.096774
0 0.354305 0.093548 0.046358 0.019355
0 0.549669 0.116129 0.092715 0.116129
0 0.066225 0.212903 0.105960 0.064516
0 0.149007 0.909677 0.019868 0.051613
0 0.052980 0.677419 0.079470 0.129032
0 0.483444 0.312903 0.079470 0.122581
