0 0.978747 0.410186 0.008949 0.003286
0 0.807047 0.480285 0.012304 0.025192
0 0.779083 0.693866 0.039150 0.016429
0 0.245526 0.693866 0.003356 0.007667
0 0.370805 0.845564 0.021253 0.030668
0 0.164989 0.596933 0.010067 0.006572
0 0.412192 0.222892 0.010067 0.005476
0 0.811521 0.353231 0.007830 0.012048
0 0.272931 0.647864 0.006711 0.009858
0 0.027405 0.085433 0.012304 0.019715
0 0.243289 0.129792 0.016779 0.014239
0 0.577740 0.671961 0.021253 0.020811
0 0.631991 0.135816 0.004474 0.008762
0 0.786353 0.072289 0.015660 0.035049
0 0.138143 0.584885 0.003356 0.006572
0 0.928412 0.123768 0.031320 0.019715
0 0.558725 0.679628 0.014541 0.029573
0 0.545302 0.404710 0.034676 0.018620
0 0.063199 0.834064 0.007830 0.014239
0 0.148210 0.224535 0.003356 0.008762
0 0.081096 0.548193 0.032438 0.018620
0 0.231544 0.067908 0.024609 0.017525
0 0.623602 0.104053 0.027964 0.021906
0 0.477069 0.455641 0.014541 0.013143
0 0.533557 0.384447 0.033557 0.019715
0 0.703020 0.127601 0.005593 0.014239
0 0.292506 0.920044 0.036913 0.017525
0 0.317114 0.193319 0.016779 0.029573
0 0.905481 0.031216 0.025727 0.025192
