0 0.238372 0.300766 0.081395 0.019157
0 0.912791 0.804598 0.104651 0.076628
0 0.079457 0.873563 0.019380 0.045977
0 0.325581 0.672414 0.077519 0.049808
0 0.519380 0.737548 0.007752 0.019157
0 0.924419 0.572797 0.019380 0.065134
0 0.645349 0.030651 0.143411 0.053640
0 0.426357 0.952107 0.108527 0.072797
0 0.319767 0.360153 0.019380 0.053640
0 0.507752 0.733716 0.007752 0.019157
0 0.408915 0.814176 0.089147 0.072797
0 0.089147 0.454023 0.007752 0.019157
0 0.513566 0.252874 0.120155 0.053640
0 0.843023 0.402299 0.050388 0.045977
0 0.263566 0.530651 0.023256 0.049808
0 0.261628 0.298851 0.089147 0.084291
0 0.585271 0.879310 0.031008 0.072797
0 0.329457 0.867816 0.054264 0.134100
0 0.118217 0.065134 0.112403 0.068966
0 0.294574 0.749042 0.077519 0.095785
0 0.645349 0.279693 0.011628 0.022989
0 0.281008 0.365900 0.050388 0.042146
0 0.874031 0.649425 0.034884 0.034483
0 0.060078 0.049808 0.081395 0.099617
0 0.777132 0.113027 0.011628 0.011494
0 0.562016 0.300766 0.007752 0.019157
0 0.746124 0.618774 0.019380 0.049808
0 0.180233 0.475096 0.019380 0.007663
0 0.889535 0.892720 0.027132 0.045977
0 0.207364 0.622605 0.042636 0.065134
