0 0.568783 0.963918 0.021164 0.051546
0 0.370370 0.341495 0.052910 0.069588
0 0.211640 0.385309 0.047619 0.074742
0 0.366402 0.649485 0.023810 0.041237
0 0.511905 0.708763 0.007937 0.015464
0 0.507937 0.301546 0.015873 0.051546
0 0.695767 0.479381 0.079365 0.025773
0 0.559524 0.184278 0.055556 0.064433
0 0.166667 0.240979 0.037037 0.059278
0 0.775132 0.253866 0.010582 0.012887
0 0.210317 0.583763 0.007937 0.018041
0 0.161376 0.713918 0.037037 0.025773
0 0.342593 0.751289 0.018519 0.033505
0 0.370370 0.407216 0.063492 0.056701
0 0.984127 0.525773 0.026455 0.046392
0 0.416667 0.507732 0.050265 0.072165
0 0.870370 0.731959 0.089947 0.020619
0 0.779101 0.307990 0.013228 0.012887
0 0.009259 0.210052 0.013228 0.028351
0 0.649471 0.231959 0.018519 0.036082
0 0.161376 0.612113 0.068783 0.048969
0 0.879630 0.590206 0.007937 0.020619
0 0.752646 0.324742 0.018519 0.051546
0 0.904762 0.038660 0.037037 0.041237
0 0.678571 0.265464 0.007937 0.020619
0 0.537037 0.344072 0.031746 0.023196
0 0.309524 0.805412 0.021164 0.059278
0 0.220899 0.296392 0.060847 0.030928
0 0.367725 0.581186 0.031746 0.085052
0 0.280423 0.261598 0.042328 0.028351
0 0.829365 0.800258 0.013228 0.028351
0 0.847884 0.261598 0.013228 0.033505
0 0.137566 0.753866 0.010582 0.018041
0 0.785714 0.663660 0.058201 0.028351
0 0.091270 0.801546 0.007937 0.015464
0 0.097884 0.475515 0.068783 0.054124
0 0.411376 0.801546 0.039683 0.056701
0 0.891534 0.297680 0.052910 0.064433
