0 0.019565 0.288210 0.021739 0.061135
0 0.454348 0.685590 0.091304 0.113537
0 0.386957 0.606987 0.034783 0.113537
0 0.567391 0.604803 0.065217 0.152838
0 0.017391 0.205240 0.026087 0.034934
0 0.091304 0.264192 0.043478 0.013100
0 0.589130 0.722707 0.039130 0.039301
0 0.291304 0.390830 0.052174 0.144105
0 0.700000 0.017467 0.165217 0.034934
0 0.271739 0.779476 0.091304 0.109170
0 0.836957 0.323144 0.021739 0.043668
0 0.893478 0.253275 0.013043 0.026201
0 0.436957 0.938865 0.100000 0.096070
0 0.971739 0.772926 0.013043 0.026201
0 0.717391 0.102620 0.078261 0.065502
0 0.408696 0.864629 0.034783 0.043668
0 0.658696 0.364629 0.013043 0.030568
0 0.967391 0.307860 0.056522 0.056769
0 0.160870 0.958515 0.165217 0.056769
0 0.252174 0.698690 0.043478 0.043668
0 0.443478 0.087336 0.086957 0.113537
0 0.915217 0.393013 0.126087 0.078603
0 0.715217 0.919214 0.117391 0.082969
0 0.880435 0.836245 0.178261 0.056769
0 0.491304 0.574236 0.078261 0.126638
0 0.923913 0.161572 0.013043 0.043668
0 0.341304 0.748908 0.021739 0.021834
0 0.495652 0.469432 0.147826 0.065502
0 0.032609 0.054585 0.047826 0.056769
0 0.467391 0.827511 0.013043 0.030568
0 0.441304 0.213974 0.082609 0.061135
0 0.300000 0.951965 0.026087 0.017467
0 0.128261 0.585153 0.021739 0.017467
0 0.745652 0.408297 0.056522 0.021834
0 0.943478 0.938865 0.017391 0.061135
0 0.132609 0.650655 0.021739 0.017467
0 0.684783 0.209607 0.091304 0.113537
0 0.469565 0.401747 0.043478 0.061135
0 0.680435 0.296943 0.013043 0.034934
0 0.397826 0.288210 0.073913 0.061135
0 0.419565 0.561135 0.056522 0.100437
0 0.358696 0.591703 0.013043 0.039301
0 0.771739 0.189956 0.021739 0.030568
