0 0.066667 0.466667 0.016667 0.025000
0 0.639583 0.681250 0.012500 0.020833
0 0.356250 0.537500 0.020833 0.016667
0 0.900000 0.466667 0.008333 0.025000
0 0.697917 0.850000 0.087500 0.083333
0 0.845833 0.337500 0.058333 0.025000
0 0.666667 0.079167 0.050000 0.066667
0 0.568750 0.279167 0.087500 0.050000
0 0.037500 0.602083 0.008333 0.012500
0 0.391667 0.206250 0.016667 0.045833
0 0.506250 0.814583 0.012500 0.029167
0 0.275000 0.491667 0.025000 0.041667
0 0.189583 0.750000 0.004167 0.016667
0 0.037500 0.422917 0.075000 0.054167
0 0.520833 0.712500 0.025000 0.058333
0 0.720833 0.375000 0.008333 0.008333
0 0.712500 0.685417 0.016667 0.045833
0 0.472917 0.235417 0.095833 0.079167
0 0.810417 0.422917 0.120833 0.070833
0 0.516667 0.489583 0.041667 0.020833
0 0.566667 0.543750 0.058333 0.054167
0 0.616667 0.812500 0.066667 0.091667
0 0.337500 0.135417 0.100000 0.054167
0 0.472917 0.410417 0.020833 0.045833
0 0.218750 0.225000 0.020833 0.025000
0 0.212500 0.543750 0.025000 0.029167
0 0.202083 0.410417 0.012500 0.012500
0 0.422917 0.714583 0.087500 0.095833
0 0.795833 0.266667 0.008333 0.016667
0 0.370833 0.860417 0.066667 0.129167
