0 0.079630 0.365314 0.092593 0.073801
0 0.420370 0.060886 0.048148 0.011070
0 0.412963 0.171587 0.011111 0.025830
0 0.153704 0.878229 0.011111 0.022140
0 0.437037 0.732472 0.125926 0.055351
0 0.385185 0.920664 0.029630 0.011070
0 0.246296 0.125461 0.033333 0.036900
0 0.903704 0.773063 0.022222 0.018450
0 0.337037 0.811808 0.081481 0.088561
0 0.396296 0.752768 0.037037 0.022140
0 0.814815 0.503690 0.014815 0.040590
0 0.912963 0.243542 0.011111 0.029520
0 0.105556 0.856089 0.033333 0.073801
0 0.462963 0.811808 0.133333 0.051661
0 0.927778 0.437269 0.085185 0.084871
0 0.016667 0.356089 0.025926 0.033210
0 0.394444 0.752768 0.018519 0.051661
0 0.816667 0.959410 0.114815 0.059041
0 0.746296 0.352399 0.077778 0.070111
0 0.642593 0.680812 0.055556 0.092251
0 0.157407 0.271218 0.011111 0.025830
0 0.605556 0.778598 0.033333 0.029520
0 0.783333 0.114391 0.070370 0.088561
0 0.762963 0.763838 0.066667 0.103321
0 0.696296 0.833948 0.044444 0.088561
0 0.616667 0.416974 0.018519 0.014760
0 0.603704 0.376384 0.022222 0.059041
0 0.077778 0.309963 0.022222 0.029520
0 0.866667 0.195572 0.118519 0.059041
0 0.827778 0.680812 0.122222 0.055351
0 0.859259 0.071956 0.074074 0.099631
0 0.640741 0.289668 0.118519 0.062731
0 0.525926 0.651292 0.059259 0.047970
0 0.072222 0.798893 0.025926 0.070111
0 0.557407 0.555351 0.062963 0.033210
