0 0.922049 0.566742 0.008909 0.011312
0 0.891982 0.009050 0.006682 0.013575
0 0.925390 0.585973 0.011136 0.009050
0 0.032294 0.192308 0.006682 0.018100
0 0.616927 0.693439 0.044543 0.056561
0 0.675947 0.278281 0.024499 0.027149
0 0.898664 0.338235 0.064588 0.038462
0 0.571269 0.255656 0.006682 0.018100
0 0.355234 0.751131 0.037862 0.031674
0 0.271715 0.480769 0.026726 0.029412
0 0.299555 0.160633 0.011136 0.018100
0 0.920935 0.280543 0.037862 0.036199
0 0.041203 0.799774 0.060134 0.042986
0 0.123608 0.762443 0.042316 0.058824
0 0.484410 0.606335 0.006682 0.013575
0 0.580178 0.251131 0.006682 0.018100
0 0.758352 0.244344 0.006682 0.013575
0 0.633630 0.791855 0.028953 0.027149
0 0.457684 0.607466 0.020045 0.029412
0 0.888641 0.739819 0.017817 0.018100
0 0.135857 0.313348 0.048998 0.047511
0 0.723831 0.786199 0.008909 0.011312
0 0.868597 0.233032 0.048998 0.049774
0 0.292873 0.392534 0.069042 0.038462
0 0.258352 0.687783 0.044543 0.049774
0 0.606904 0.983032 0.006682 0.015837
0 0.744989 0.552036 0.064588 0.040724
0 0.122494 0.935520 0.026726 0.070136
0 0.543430 0.788462 0.026726 0.065611
0 0.104677 0.442308 0.022272 0.011312
0 0.335189 0.951357 0.051225 0.047511
0 0.100223 0.513575 0.044543 0.058824
0 0.267261 0.128959 0.013363 0.013575
0 0.272829 0.013575 0.095768 0.027149
0 0.308463 0.600679 0.015590 0.011312
0 0.956570 0.783937 0.015590 0.020362
0 0.217149 0.454751 0.006682 0.018100
0 0.820713 0.455882 0.006682 0.015837
0 0.515590 0.263575 0.055679 0.047511
