0 0.270754 0.301575 0.010217 0.020472
0 0.558110 0.711024 0.007663 0.017323
0 0.341635 0.449606 0.006386 0.011024
0 0.945083 0.663780 0.010217 0.014173
0 0.081737 0.621260 0.015326 0.020472
0 0.796935 0.973228 0.033206 0.031496
0 0.134738 0.122835 0.003831 0.009449
0 0.420817 0.411024 0.024266 0.018898
0 0.963602 0.600000 0.003831 0.009449
0 0.030013 0.119685 0.042146 0.025197
0 0.336526 0.889764 0.003831 0.009449
0 0.573436 0.402362 0.007663 0.014173
0 0.620690 0.092126 0.028097 0.036220
0 0.987867 0.378740 0.019157 0.014173
0 0.208174 0.694488 0.007663 0.009449
0 0.507663 0.235433 0.016603 0.014173
0 0.961686 0.619685 0.010217 0.020472
0 0.553640 0.863780 0.014049 0.036220
0 0.258621 0.417323 0.006386 0.006299
0 0.952746 0.101575 0.002554 0.014173
0 0.563218 0.101575 0.010217 0.029921
0 0.514687 0.562205 0.022989 0.025197
0 0.573436 0.607087 0.030651 0.033071
0 0.814176 0.140945 0.011494 0.023622
0 0.779055 0.992913 0.007663 0.004724
0 0.857599 0.068504 0.019157 0.020472
0 0.849936 0.030709 0.021711 0.045669
0 0.689655 0.902362 0.028097 0.034646
0 0.514687 0.051181 0.030651 0.033071
0 0.122605 0.585827 0.028097 0.028346
0 0.043423 0.755118 0.010217 0.014173
0 0.680715 0.318898 0.030651 0.023622
0 0.881865 0.433071 0.008940 0.018898
