0 0.764411 0.918114 0.085213 0.039702
0 0.550125 0.504963 0.067669 0.047146
0 0.513784 0.748139 0.040100 0.066998
0 0.313283 0.325062 0.090226 0.034739
0 0.907268 0.200993 0.060150 0.054591
0 0.191729 0.080645 0.047619 0.066998
0 0.028822 0.122829 0.012531 0.022333
0 0.818296 0.842432 0.077694 0.042184
0 0.901003 0.444169 0.062657 0.049628
0 0.204261 0.351117 0.052632 0.062035
0 0.952381 0.055831 0.010025 0.012407
0 0.383459 0.612903 0.035088 0.019851
0 0.159148 0.048387 0.012531 0.032258
0 0.902256 0.599256 0.050125 0.066998
0 0.194236 0.026055 0.007519 0.017370
0 0.590226 0.968983 0.017544 0.022333
0 0.050125 0.693548 0.045113 0.062035
0 0.036341 0.188586 0.007519 0.014888
0 0.093985 0.947891 0.067669 0.049628
0 0.692982 0.203474 0.007519 0.014888
0 0.239348 0.428040 0.047619 0.047146
0 0.803258 0.152605 0.062657 0.052109
0 0.746867 0.763027 0.055138 0.057072
0 0.572682 0.919355 0.007519 0.017370
0 0.582707 0.031017 0.067669 0.047146
0 0.849624 0.795285 0.015038 0.007444
0 0.538847 0.098015 0.010025 0.012407
0 0.497494 0.839950 0.012531 0.017370
0 0.447368 0.843672 0.067669 0.049628
0 0.458647 0.250620 0.025063 0.054591
0 0.681704 0.187345 0.040100 0.012407
0 0.401003 0.890819 0.050125 0.054591
0 0.045113 0.755583 0.065163 0.052109
0 0.515038 0.950372 0.067669 0.049628
0 0.669173 0.370968 0.020050 0.017370
0 0.687970 0.767990 0.057644 0.032258
0 0.938596 0.080645 0.017544 0.017370
0 0.397243 0.960298 0.012531 0.019851
0 0.593985 0.686104 0.015038 0.027295
0 0.055138 0.812655 0.025063 0.017370
0 0.428571 0.786600 0.090226 0.034739
0 0.279449 0.246898 0.007519 0.022333
0 0.394737 0.171216 0.072682 0.044665
0 0.253133 0.016129 0.100251 0.032258
0 0.304511 0.786600 0.042607 0.059553
0 0.596491 0.470223 0.010025 0.032258
0 0.286967 0.241935 0.0275689 0.0719603
