0 0.495139 0.690594 0.004167 0.014851
0 0.403472 0.327970 0.037500 0.047030
0 0.225000 0.034653 0.030556 0.059406
0 0.744444 0.698020 0.022222 0.009901
0 0.323611 0.601485 0.016667 0.014851
0 0.190972 0.637376 0.012500 0.022277
0 0.440278 0.945545 0.011111 0.034653
0 0.374306 0.836634 0.020833 0.054455
0 0.543056 0.389851 0.002778 0.022277
0 0.791667 0.435644 0.016667 0.039604
0 0.217361 0.542079 0.023611 0.039604
0 0.476389 0.612624 0.005556 0.017327
0 0.890972 0.475248 0.004167 0.019802
0 0.611806 0.103960 0.006944 0.024752
0 0.366667 0.175743 0.022222 0.024752
0 0.894444 0.951733 0.016667 0.022277
0 0.125694 0.903465 0.004167 0.014851
0 0.035417 0.063119 0.029167 0.061881
0 0.887500 0.412129 0.027778 0.066832
0 0.022917 0.242574 0.037500 0.049505
0 0.847917 0.376238 0.004167 0.014851
0 0.973611 0.922030 0.011111 0.017327
0 0.746528 0.545792 0.026389 0.047030
0 0.198611 0.157178 0.013889 0.022277
0 0.908333 0.050743 0.005556 0.012376
0 0.441667 0.144802 0.025000 0.022277
0 0.445833 0.285891 0.011111 0.032178
