0 0.064795 0.624658 0.056156 0.043836
0 0.941685 0.965753 0.021598 0.041096
0 0.265659 0.942466 0.008639 0.016438
0 0.072354 0.554795 0.028078 0.013699
0 0.781857 0.808219 0.017279 0.027397
0 0.502160 0.958904 0.010799 0.010959
0 0.874730 0.702740 0.021598 0.019178
0 0.528078 0.169863 0.028078 0.038356
0 0.639309 0.715068 0.012959 0.016438
0 0.477322 0.878082 0.064795 0.046575
0 0.437365 0.475342 0.036717 0.035616
0 0.930886 0.856164 0.025918 0.046575
0 0.342333 0.389041 0.006479 0.010959
0 0.915767 0.031507 0.064795 0.046575
0 0.896328 0.393151 0.004320 0.013699
0 0.634989 0.787671 0.004320 0.013699
0 0.610151 0.868493 0.006479 0.010959
0 0.282937 0.905479 0.017279 0.019178
0 0.707343 0.941096 0.036717 0.046575
0 0.772138 0.452055 0.006479 0.010959
