0 0.659878 0.887471 0.032587 0.071926
0 0.526477 0.911833 0.034623 0.051044
0 0.470468 0.136891 0.032587 0.037123
0 0.519348 0.178654 0.036660 0.037123
0 0.304481 0.438515 0.010183 0.027842
0 0.548880 0.432715 0.006110 0.011601
0 0.844196 0.974478 0.010183 0.009281
0 0.681263 0.328306 0.030550 0.034803
0 0.023422 0.466357 0.006110 0.009281
0 0.452138 0.533643 0.012220 0.009281
0 0.823829 0.820186 0.006110 0.011601
0 0.600815 0.419954 0.028513 0.051044
0 0.317719 0.537123 0.008147 0.006961
0 0.175153 0.390951 0.004073 0.011601
0 0.149695 0.206497 0.006110 0.018561
0 0.338086 0.403712 0.008147 0.027842
0 0.021385 0.179814 0.042770 0.030162
0 0.394094 0.806265 0.010183 0.020882
0 0.910387 0.225058 0.020367 0.027842
0 0.880855 0.416473 0.014257 0.025522
0 0.070265 0.222738 0.014257 0.018561
0 0.563136 0.099768 0.010183 0.004640
0 0.294297 0.283063 0.022403 0.032483
0 0.787169 0.183295 0.010183 0.004640
0 0.406314 0.029002 0.022403 0.048724
0 0.469450 0.900232 0.006110 0.013921
0 0.714868 0.045244 0.004073 0.011601
