0 0.702937 0.056017 0.033378 0.041494
0 0.659546 0.836100 0.010681 0.037344
0 0.521362 0.828838 0.022697 0.051867
0 0.443925 0.828838 0.009346 0.039419
0 0.768358 0.066390 0.038718 0.037344
0 0.342457 0.494813 0.028037 0.051867
0 0.098798 0.060166 0.005340 0.016598
0 0.010013 0.986515 0.006676 0.018672
0 0.349800 0.307054 0.008011 0.016598
0 0.630841 0.310166 0.025367 0.035270
0 0.280374 0.930498 0.021362 0.068465
0 0.798398 0.538382 0.010681 0.031120
0 0.901869 0.478216 0.014686 0.035270
0 0.224967 0.636929 0.004005 0.012448
0 0.379172 0.657676 0.029372 0.029046
0 0.446595 0.665975 0.006676 0.008299
0 0.473298 0.683610 0.041389 0.035270
0 0.283044 0.156639 0.048064 0.031120
0 0.590120 0.971992 0.026702 0.056017
0 0.769025 0.350622 0.050734 0.029046
0 0.737650 0.682573 0.041389 0.033195
0 0.022697 0.813278 0.026702 0.037344
0 0.648865 0.480290 0.034713 0.018672
0 0.554072 0.479253 0.008011 0.033195
0 0.506008 0.145228 0.008011 0.016598
0 0.963284 0.716805 0.006676 0.022822
0 0.150200 0.521784 0.012016 0.047718
0 0.983979 0.787344 0.013351 0.035270
0 0.373164 0.966805 0.014686 0.016598
0 0.065421 0.836100 0.021362 0.066390
0 0.578104 0.642116 0.005340 0.010373
0 0.087450 0.226141 0.020027 0.074689
0 0.290387 0.330913 0.017356 0.018672
0 0.204272 0.062241 0.018692 0.066390
