0 0.523404 0.605033 0.055319 0.041575
0 0.534043 0.289934 0.017021 0.041575
0 0.671277 0.275711 0.048936 0.048140
0 0.852128 0.595186 0.006383 0.008753
0 0.225532 0.576586 0.025532 0.067834
0 0.125532 0.980306 0.004255 0.013129
0 0.072340 0.741794 0.034043 0.043764
0 0.205319 0.303063 0.002128 0.002188
0 0.146809 0.789934 0.063830 0.035011
0 0.444681 0.085339 0.029787 0.056893
0 0.135106 0.207877 0.040426 0.021882
0 0.762766 0.248359 0.019149 0.015317
0 0.852128 0.571116 0.010638 0.013129
0 0.589362 0.722101 0.046809 0.026258
0 0.208511 0.561269 0.004255 0.010941
0 0.626596 0.137856 0.014894 0.030635
0 0.953191 0.577681 0.055319 0.026258
0 0.100000 0.983589 0.008511 0.015317
0 0.029787 0.663020 0.004255 0.013129
0 0.808511 0.239606 0.008511 0.019694
0 0.189362 0.346827 0.059574 0.037199
0 0.260638 0.044858 0.002128 0.002188
0 0.878723 0.629103 0.072340 0.032823
0 0.170213 0.742888 0.029787 0.050328
0 0.417021 0.398249 0.034043 0.021882
0 0.017021 0.131291 0.034043 0.030635
0 0.347872 0.729759 0.006383 0.006565
0 0.972340 0.893873 0.004255 0.006565
0 0.734043 0.256018 0.004255 0.008753
0 0.685106 0.234136 0.021277 0.030635
0 0.318085 0.451860 0.031915 0.024070
0 0.873404 0.254923 0.002128 0.006565
0 0.180851 0.308534 0.068085 0.035011
0 0.653192 0.777899 0.0255319 0.0722101
