0 0.054688 0.565278 0.006250 0.013889
0 0.162891 0.337500 0.002344 0.008333
0 0.040234 0.861806 0.007031 0.020833
0 0.653125 0.126389 0.009375 0.008333
0 0.644922 0.058333 0.002344 0.011111
0 0.907422 0.706944 0.021094 0.013889
0 0.258984 0.241667 0.024219 0.022222
0 0.226562 0.240278 0.014063 0.038889
0 0.004297 0.228472 0.003906 0.012500
0 0.365625 0.592361 0.001563 0.012500
0 0.898438 0.452778 0.025000 0.022222
0 0.165234 0.623611 0.007031 0.011111
0 0.225000 0.520833 0.010937 0.025000
0 0.186328 0.797917 0.013281 0.040278
0 0.871484 0.199306 0.019531 0.026389
0 0.353516 0.006944 0.002344 0.008333
0 0.913281 0.519444 0.006250 0.025000
0 0.513672 0.894444 0.011719 0.033333
0 0.018750 0.947222 0.006250 0.011111
0 0.901563 0.382639 0.009375 0.031944
0 0.582031 0.682639 0.014063 0.034722
0 0.369531 0.750694 0.004687 0.009722
0 0.375781 0.643750 0.003125 0.009722
0 0.711719 0.227083 0.009375 0.026389
0 0.075391 0.480556 0.002344 0.011111
0 0.988281 0.945139 0.018750 0.020833
0 0.094141 0.518750 0.010156 0.031944
0 0.719531 0.331250 0.015625 0.029167
0 0.288281 0.217361 0.020313 0.026389
0 0.131641 0.399306 0.005469 0.018056
0 0.480859 0.633333 0.002344 0.011111
0 0.300781 0.672222 0.010937 0.025000
0 0.612109 0.979861 0.003906 0.015278
0 0.614453 0.445833 0.017969 0.019444
0 0.066797 0.527778 0.008594 0.016667
0 0.334375 0.170833 0.004687 0.019444
0 0.591406 0.086111 0.020313 0.027778
0 0.960156 0.382639 0.004687 0.012500
0 0.075781 0.300000 0.020313 0.027778
