0 0.663077 0.692063 0.040000 0.069841
0 0.524615 0.422222 0.027692 0.050794
0 0.178462 0.098413 0.055385 0.031746
0 0.687692 0.601587 0.046154 0.034921
0 0.413846 0.668254 0.046154 0.066667
0 0.724615 0.949206 0.033846 0.038095
0 0.686154 0.779365 0.055385 0.092063
0 0.246154 0.020635 0.067692 0.028571
0 0.163077 0.368254 0.018462 0.019048
0 0.164615 0.041270 0.040000 0.069841
0 0.064615 0.261905 0.123077 0.041270
0 0.416923 0.568254 0.009231 0.019048
0 0.915385 0.855556 0.015385 0.022222
0 0.080000 0.915873 0.006154 0.028571
0 0.698462 0.869841 0.086154 0.057143
0 0.663077 0.384127 0.120000 0.044444
0 0.127692 0.355556 0.015385 0.012698
0 0.852308 0.812698 0.067692 0.069841
0 0.710769 0.455556 0.012308 0.015873
0 0.738462 0.919048 0.012308 0.034921
0 0.180000 0.944444 0.033846 0.028571
0 0.516923 0.157143 0.030769 0.053968
0 0.169231 0.236508 0.055385 0.092063
0 0.656923 0.212698 0.040000 0.038095
0 0.350769 0.630159 0.067692 0.034921
0 0.800000 0.128571 0.030769 0.066667
0 0.603077 0.704762 0.012308 0.038095
0 0.140000 0.849206 0.027692 0.047619
0 0.263077 0.203175 0.009231 0.019048
