0 0.402414 0.592803 0.060362 0.026515
0 0.884306 0.142992 0.026157 0.054924
0 0.866197 0.603220 0.010060 0.013258
0 0.346076 0.755682 0.060362 0.034091
0 0.619718 0.526515 0.016097 0.034091
0 0.479879 0.637311 0.062374 0.032197
0 0.343058 0.926136 0.010060 0.007576
0 0.458753 0.421402 0.052314 0.039773
0 0.343058 0.156250 0.006036 0.013258
0 0.011066 0.428030 0.006036 0.015152
0 0.819920 0.297348 0.062374 0.030303
0 0.870221 0.478220 0.030181 0.066288
0 0.763581 0.097538 0.054326 0.035985
0 0.846076 0.212121 0.006036 0.011364
0 0.712274 0.012311 0.020121 0.013258
0 0.743461 0.879735 0.046278 0.043561
0 0.640845 0.065341 0.046278 0.043561
0 0.825956 0.600379 0.006036 0.015152
0 0.350101 0.014205 0.012072 0.013258
0 0.217304 0.708333 0.036217 0.018939
0 0.936620 0.591856 0.010060 0.020833
0 0.282696 0.561553 0.006036 0.013258
0 0.302817 0.365530 0.030181 0.034091
0 0.039235 0.463068 0.022133 0.017045
0 0.024145 0.264205 0.012072 0.017045
0 0.498994 0.411932 0.016097 0.028409
0 0.517103 0.022727 0.064386 0.030303
0 0.443662 0.384470 0.066398 0.030303
0 0.467807 0.306818 0.058350 0.034091
0 0.888330 0.535038 0.042254 0.043561
0 0.067404 0.054924 0.006036 0.015152
0 0.731388 0.069129 0.006036 0.013258
0 0.143863 0.791667 0.034205 0.026515
0 0.855131 0.979167 0.024145 0.022727
0 0.172032 0.601326 0.010060 0.017045
0 0.149899 0.578598 0.010060 0.009470
0 0.164990 0.122159 0.096579 0.020833
