0 0.387131 0.849383 0.006329 0.019753
0 0.741561 0.208642 0.031646 0.017284
0 0.712025 0.120988 0.010549 0.009877
0 0.732068 0.454321 0.012658 0.019753
0 0.920886 0.186420 0.014768 0.007407
0 0.042194 0.723457 0.008439 0.014815
0 0.244726 0.112346 0.008439 0.012346
0 0.926160 0.746914 0.008439 0.012346
0 0.111814 0.562963 0.029536 0.093827
0 0.675105 0.975309 0.012658 0.019753
0 0.149789 0.087654 0.063291 0.041975
0 0.224684 0.391358 0.023207 0.032099
0 0.418776 0.354321 0.073840 0.037037
0 0.892405 0.054321 0.050633 0.049383
0 0.296414 0.517284 0.031646 0.066667
0 0.679325 0.086420 0.042194 0.064198
0 0.624473 0.930864 0.029536 0.054321
0 0.605485 0.639506 0.008439 0.029630
0 0.293249 0.390123 0.025316 0.054321
0 0.390295 0.833333 0.016878 0.007407
0 0.241561 0.651852 0.018987 0.039506
0 0.613924 0.685185 0.008439 0.012346
0 0.824895 0.018519 0.071730 0.037037
0 0.162447 0.038272 0.054852 0.051852
0 0.330169 0.685185 0.052743 0.051852
0 0.044304 0.259259 0.025316 0.039506
0 0.936709 0.817284 0.063291 0.044444
0 0.267932 0.930864 0.029536 0.039506
0 0.702532 0.837037 0.059072 0.044444
0 0.216245 0.113580 0.006329 0.014815
0 0.485232 0.372840 0.021097 0.074074
0 0.778481 0.627160 0.008439 0.019753
0 0.624473 0.417284 0.029536 0.088889
0 0.444093 0.608642 0.006329 0.022222
0 0.248945 0.751852 0.008439 0.022222
0 0.889241 0.390123 0.006329 0.019753
0 0.676160 0.311111 0.006329 0.024691
0 0.564346 0.124691 0.035865 0.071605
