0 0.383333 0.737500 0.041667 0.041667
0 0.652083 0.787500 0.012500 0.033333
0 0.131250 0.720833 0.029167 0.041667
0 0.283333 0.768750 0.016667 0.020833
0 0.391667 0.939583 0.108333 0.087500
0 0.237500 0.402083 0.075000 0.104167
0 0.220833 0.256250 0.108333 0.062500
0 0.660417 0.077083 0.112500 0.079167
0 0.633333 0.456250 0.141667 0.062500
0 0.672917 0.664583 0.070833 0.062500
0 0.206250 0.733333 0.020833 0.050000
0 0.314583 0.885417 0.037500 0.029167
0 0.604167 0.658333 0.050000 0.125000
0 0.070833 0.889583 0.075000 0.095833
0 0.541667 0.116667 0.091667 0.066667
0 0.352083 0.304167 0.079167 0.041667
0 0.237500 0.087500 0.091667 0.083333
0 0.400000 0.418750 0.125000 0.070833
0 0.039583 0.556250 0.054167 0.104167
0 0.152083 0.566667 0.020833 0.033333
0 0.479167 0.220833 0.066667 0.125000
0 0.177083 0.412500 0.037500 0.108333
0 0.225000 0.652083 0.108333 0.087500
0 0.410417 0.608333 0.012500 0.025000
0 0.868750 0.820833 0.012500 0.025000
0 0.137500 0.656250 0.050000 0.045833
0 0.893750 0.722917 0.062500 0.145833
0 0.297917 0.447917 0.070833 0.062500
0 0.275000 0.952083 0.016667 0.020833
0 0.104167 0.066667 0.150000 0.058333
0 0.587500 0.031250 0.041667 0.054167
0 0.900000 0.635417 0.083333 0.112500
0 0.468750 0.591667 0.029167 0.083333
0 0.320833 0.370833 0.025000 0.066667
0 0.927083 0.510417 0.079167 0.112500
