0 0.926438 0.210526 0.029867 0.022396
0 0.218473 0.226764 0.014381 0.021277
0 0.696350 0.544793 0.016593 0.034714
0 0.596792 0.279395 0.012168 0.005599
0 0.739491 0.982643 0.005531 0.005599
0 0.891593 0.179171 0.015487 0.008959
0 0.367257 0.261478 0.008850 0.007839
0 0.861726 0.485442 0.024336 0.014558
0 0.564712 0.050392 0.029867 0.022396
0 0.200221 0.380739 0.022124 0.026876
0 0.174226 0.365062 0.014381 0.020157
0 0.318584 0.820269 0.004425 0.005599
0 0.035951 0.944009 0.007743 0.008959
0 0.533739 0.068309 0.029867 0.022396
0 0.948562 0.278835 0.023230 0.026876
0 0.513274 0.038074 0.024336 0.022396
0 0.913164 0.052072 0.005531 0.007839
0 0.740597 0.790034 0.023230 0.027996
0 0.695796 0.061590 0.024336 0.013438
0 0.525442 0.220605 0.004425 0.006719
0 0.422566 0.133259 0.028761 0.022396
0 0.723451 0.974244 0.024336 0.024636
0 0.544801 0.753639 0.005531 0.013438
0 0.724558 0.315230 0.004425 0.005599
0 0.334624 0.081187 0.007743 0.005599
0 0.232301 0.765398 0.033186 0.019037
0 0.190819 0.323628 0.027655 0.022396
0 0.508296 0.022396 0.003319 0.006719
0 0.267699 0.192609 0.004425 0.008959
0 0.548673 0.558231 0.008850 0.025756
0 0.838496 0.893617 0.022124 0.015677
0 0.607854 0.599104 0.040929 0.015677
