0 0.188854 0.928191 0.049536 0.058511
0 0.953560 0.590426 0.068111 0.063830
0 0.475232 0.884309 0.009288 0.018617
0 0.230650 0.437500 0.077399 0.045213
0 0.727554 0.517287 0.105263 0.039894
0 0.735294 0.367021 0.058824 0.042553
0 0.434985 0.026596 0.133127 0.015957
0 0.905573 0.179521 0.095975 0.045213
0 0.766254 0.914894 0.009288 0.015957
0 0.708978 0.462766 0.018576 0.058511
0 0.187307 0.727394 0.034056 0.050532
0 0.085139 0.839096 0.077399 0.055851
0 0.407121 0.876330 0.015480 0.013298
0 0.295666 0.764628 0.077399 0.050532
0 0.874613 0.123670 0.009288 0.018617
0 0.665635 0.805851 0.030960 0.074468
0 0.620743 0.312500 0.077399 0.055851
0 0.359133 0.315160 0.006192 0.023936
0 0.154799 0.067819 0.068111 0.066489
0 0.868421 0.097074 0.046440 0.029255
0 0.826625 0.773936 0.092879 0.047872
0 0.568111 0.950798 0.040248 0.034574
0 0.063467 0.636968 0.009288 0.018617
0 0.565015 0.517287 0.009288 0.018617
0 0.492260 0.494681 0.117647 0.037234
0 0.747678 0.761968 0.021672 0.007979
0 0.339009 0.027926 0.052632 0.055851
0 0.741486 0.231383 0.027864 0.031915
0 0.538700 0.285904 0.080495 0.023936
0 0.831269 0.590426 0.009288 0.015957
0 0.707430 0.912234 0.077399 0.058511
0 0.086687 0.405585 0.018576 0.023936
0 0.842105 0.160904 0.024768 0.023936
0 0.958204 0.515957 0.021672 0.010638
0 0.077399 0.027926 0.080495 0.055851
0 0.815789 0.586436 0.009288 0.023936
0 0.905573 0.852394 0.102167 0.039894
