0 0.698795 0.886831 0.008032 0.020576
0 0.580321 0.189300 0.020080 0.041152
0 0.873494 0.711934 0.044177 0.082305
0 0.106426 0.761317 0.028112 0.041152
0 0.220884 0.084362 0.056225 0.020576
0 0.642570 0.767490 0.096386 0.020576
0 0.465863 0.084362 0.016064 0.028807
0 0.234940 0.347737 0.060241 0.061728
0 0.893574 0.615226 0.052209 0.102881
0 0.666667 0.816872 0.120482 0.069959
0 0.718876 0.292181 0.048193 0.057613
0 0.957831 0.592593 0.044177 0.049383
0 0.592369 0.623457 0.028112 0.069959
0 0.301205 0.724280 0.016064 0.024691
0 0.502008 0.156379 0.032129 0.049383
0 0.132530 0.100823 0.056225 0.053498
0 0.622490 0.236626 0.128514 0.061728
0 0.819277 0.358025 0.032129 0.024691
0 0.194779 0.135802 0.028112 0.032922
0 0.212851 0.674897 0.024096 0.041152
0 0.463855 0.362140 0.052209 0.041152
0 0.700803 0.378601 0.012048 0.016461
0 0.861446 0.100823 0.028112 0.045267
0 0.877510 0.874486 0.036145 0.037037
0 0.684739 0.635802 0.020080 0.028807
0 0.887550 0.528807 0.032129 0.053498
0 0.275100 0.236626 0.012048 0.020576
0 0.261044 0.866255 0.016064 0.028807
0 0.413655 0.567901 0.008032 0.024691
0 0.142570 0.384774 0.052209 0.028807
0 0.407631 0.201646 0.132530 0.065844
0 0.008032 0.086420 0.016064 0.016461
