0 0.553140 0.609551 0.072464 0.050562
0 0.781401 0.144663 0.065217 0.053371
0 0.579710 0.161517 0.072464 0.047753
0 0.324879 0.412921 0.055556 0.061798
0 0.287440 0.772472 0.014493 0.011236
0 0.206522 0.825843 0.103865 0.033708
0 0.769324 0.339888 0.070048 0.050562
0 0.654589 0.053371 0.033816 0.106742
0 0.702899 0.945225 0.048309 0.070225
0 0.683575 0.842697 0.077295 0.044944
0 0.909420 0.438202 0.007246 0.016854
0 0.717391 0.103933 0.019324 0.011236
0 0.619565 0.728933 0.026570 0.008427
0 0.163043 0.799157 0.021739 0.014045
0 0.791063 0.494382 0.012077 0.011236
0 0.791063 0.619382 0.060386 0.058989
0 0.730676 0.748596 0.070048 0.047753
0 0.386473 0.282303 0.009662 0.014045
0 0.115942 0.053371 0.077295 0.044944
0 0.836957 0.710674 0.089372 0.039326
0 0.809179 0.668539 0.033816 0.033708
0 0.208937 0.933989 0.070048 0.036517
0 0.391304 0.543539 0.014493 0.014045
0 0.830918 0.250000 0.067633 0.050562
0 0.448068 0.882022 0.041063 0.084270
0 0.536232 0.560393 0.048309 0.042135
0 0.743961 0.658708 0.028986 0.053371
0 0.944444 0.768258 0.057971 0.025281
0 0.332126 0.258427 0.050725 0.022472
0 0.123188 0.810393 0.053140 0.064607
0 0.974638 0.900281 0.045894 0.047753
0 0.385266 0.081461 0.079710 0.044944
0 0.678744 0.264045 0.028986 0.039326
0 0.250000 0.191011 0.021739 0.061798
0 0.868357 0.094101 0.016908 0.014045
0 0.555556 0.265449 0.057971 0.047753
0 0.394928 0.435393 0.021739 0.061798
