0 0.236486 0.169811 0.008108 0.010782
0 0.341892 0.487871 0.008108 0.010782
0 0.983784 0.962264 0.027027 0.059299
0 0.821622 0.041779 0.005405 0.013477
0 0.267568 0.176550 0.005405 0.018868
0 0.958108 0.718329 0.008108 0.024259
0 0.535135 0.088949 0.059459 0.053908
0 0.372973 0.483827 0.010811 0.029650
0 0.941892 0.380054 0.018919 0.026954
0 0.806757 0.638814 0.018919 0.032345
0 0.962162 0.165768 0.005405 0.013477
0 0.975676 0.012129 0.005405 0.013477
0 0.652703 0.421833 0.045946 0.083558
0 0.575676 0.935310 0.021622 0.048518
0 0.736486 0.623989 0.013514 0.008086
0 0.089189 0.061995 0.021622 0.021563
0 0.306757 0.626685 0.094595 0.040431
0 0.391892 0.526954 0.010811 0.008086
0 0.105405 0.512129 0.005405 0.021563
0 0.891892 0.483827 0.005405 0.013477
0 0.450000 0.718329 0.018919 0.024259
0 0.905405 0.264151 0.048649 0.016173
0 0.071622 0.576819 0.035135 0.080863
