0 0.678711 0.860399 0.052734 0.056980
0 0.852539 0.629630 0.060547 0.045584
0 0.396484 0.631054 0.062500 0.048433
0 0.589844 0.937322 0.007812 0.028490
0 0.079102 0.196581 0.037109 0.079772
0 0.647461 0.915954 0.005859 0.037037
0 0.910156 0.441595 0.058594 0.051282
0 0.089844 0.605413 0.007812 0.014245
0 0.947266 0.782051 0.054688 0.054131
0 0.166016 0.498575 0.011719 0.051282
0 0.300781 0.158120 0.023438 0.042735
0 0.836914 0.776353 0.017578 0.065527
0 0.559570 0.464387 0.005859 0.017094
0 0.958008 0.910256 0.005859 0.019943
0 0.875000 0.386040 0.031250 0.054131
0 0.319336 0.517094 0.060547 0.048433
0 0.738281 0.511396 0.011719 0.008547
0 0.324219 0.170940 0.019531 0.017094
0 0.776367 0.752137 0.005859 0.017094
0 0.160156 0.118234 0.007812 0.014245
0 0.281250 0.500000 0.011719 0.037037
0 0.676758 0.745014 0.017578 0.014245
0 0.590820 0.481481 0.009766 0.011396
0 0.280273 0.246439 0.068359 0.042735
0 0.423828 0.964387 0.007812 0.037037
0 0.738281 0.841880 0.058594 0.048433
0 0.918945 0.890313 0.025391 0.042735
0 0.515625 0.139601 0.023438 0.051282
0 0.025391 0.601140 0.007812 0.017094
0 0.666016 0.438746 0.031250 0.062678
0 0.292969 0.556980 0.011719 0.025641
0 0.100586 0.082621 0.025391 0.028490
0 0.758789 0.103989 0.025391 0.019943
0 0.258789 0.458689 0.025391 0.051282
0 0.242188 0.582621 0.007812 0.014245
0 0.528320 0.578348 0.005859 0.017094
0 0.926758 0.487179 0.005859 0.017094
0 0.138672 0.230769 0.015625 0.034188
0 0.388672 0.588319 0.062500 0.031339
