0 0.804589 0.073718 0.007911 0.014957
0 0.795095 0.617521 0.020570 0.017094
0 0.924842 0.851496 0.007911 0.010684
0 0.382911 0.614316 0.022152 0.074786
0 0.059335 0.303419 0.004747 0.012821
0 0.767405 0.536325 0.050633 0.034188
0 0.847310 0.128205 0.045886 0.038462
0 0.965981 0.219017 0.033228 0.053419
0 0.761076 0.217949 0.047468 0.038462
0 0.082278 0.736111 0.006329 0.010684
0 0.477057 0.492521 0.026899 0.036325
0 0.212816 0.342949 0.014241 0.019231
0 0.859177 0.704060 0.050633 0.036325
0 0.170886 0.697650 0.028481 0.061966
0 0.283228 0.049145 0.034810 0.038462
0 0.679589 0.866453 0.011076 0.023504
0 0.171677 0.521368 0.017405 0.012821
0 0.096519 0.022436 0.041139 0.044872
0 0.943038 0.513889 0.050633 0.027778
0 0.392405 0.275641 0.050633 0.034188
0 0.210443 0.845085 0.047468 0.036325
0 0.291930 0.692308 0.014241 0.021368
0 0.474684 0.116453 0.022152 0.014957
0 0.744462 0.841880 0.004747 0.012821
0 0.443829 0.369658 0.007911 0.025641
0 0.889241 0.834402 0.012658 0.023504
0 0.100475 0.557692 0.039557 0.047009
0 0.919304 0.884615 0.015823 0.047009
0 0.127373 0.166667 0.007911 0.021368
0 0.984177 0.350427 0.009494 0.025641
0 0.603639 0.449786 0.023734 0.027778
0 0.459652 0.854701 0.058544 0.029915
0 0.282437 0.009615 0.014241 0.010684
0 0.383703 0.835470 0.036392 0.034188
0 0.190665 0.403846 0.020570 0.012821
0 0.171677 0.399573 0.007911 0.021368
0 0.630538 0.526709 0.042722 0.040598
