0 0.474765 0.102083 0.026995 0.045833
0 0.705986 0.863542 0.026995 0.022917
0 0.664319 0.025000 0.025822 0.020833
0 0.282864 0.239583 0.007042 0.020833
0 0.214789 0.944792 0.035211 0.035417
0 0.580399 0.235417 0.005869 0.016667
0 0.346831 0.280208 0.022300 0.047917
0 0.620305 0.661458 0.003521 0.014583
0 0.223592 0.650000 0.010563 0.004167
0 0.800469 0.326042 0.004695 0.014583
0 0.969484 0.634375 0.014085 0.031250
0 0.382629 0.573958 0.039906 0.031250
0 0.106221 0.232292 0.022300 0.031250
0 0.150235 0.962500 0.011737 0.037500
0 0.812207 0.867708 0.042254 0.031250
0 0.205399 0.772917 0.030516 0.037500
0 0.036385 0.360417 0.028169 0.037500
0 0.530516 0.162500 0.016432 0.066667
0 0.012324 0.872917 0.010563 0.020833
0 0.412559 0.336458 0.029343 0.043750
0 0.893779 0.568750 0.005869 0.008333
0 0.789906 0.730208 0.004695 0.010417
0 0.244718 0.966667 0.005869 0.008333
0 0.304577 0.600000 0.005869 0.020833
0 0.594484 0.386458 0.012911 0.043750
0 0.508803 0.669792 0.022300 0.056250
0 0.600352 0.166667 0.003521 0.012500
0 0.436620 0.239583 0.016432 0.041667
0 0.343310 0.703125 0.003521 0.014583
0 0.491197 0.298958 0.017606 0.006250
0 0.891432 0.940625 0.017606 0.035417
0 0.579812 0.126042 0.023474 0.022917
0 0.677230 0.777083 0.030516 0.041667
0 0.310446 0.955208 0.026995 0.047917
0 0.142019 0.547917 0.014085 0.083333
0 0.798709 0.825000 0.024648 0.050000
0 0.221831 0.902083 0.007042 0.037500
0 0.945423 0.964583 0.003521 0.012500
0 0.668427 0.177083 0.017606 0.041667
0 0.613850 0.090625 0.004695 0.010417
0 0.031690 0.163542 0.009390 0.014583
