0 0.249351 0.037546 0.025974 0.045788
0 0.652597 0.053114 0.027273 0.021978
0 0.830519 0.695055 0.027273 0.045788
0 0.275974 0.641941 0.037662 0.031136
0 0.788961 0.669414 0.024675 0.049451
0 0.383117 0.267399 0.036364 0.032967
0 0.859091 0.864469 0.040260 0.029304
0 0.244156 0.889194 0.012987 0.038462
0 0.728571 0.752747 0.007792 0.032967
0 0.620779 0.889194 0.051948 0.023810
0 0.101948 0.160256 0.006494 0.009158
0 0.827273 0.858974 0.012987 0.021978
0 0.257143 0.375458 0.028571 0.043956
0 0.973377 0.699634 0.006494 0.007326
0 0.323377 0.323260 0.002597 0.016484
0 0.094156 0.777473 0.006494 0.020147
0 0.633117 0.830586 0.014286 0.045788
0 0.598052 0.566850 0.009091 0.049451
0 0.856494 0.443223 0.006494 0.021978
0 0.005844 0.283883 0.003896 0.014652
0 0.203247 0.062271 0.024675 0.047619
0 0.385714 0.157509 0.005195 0.010989
0 0.833117 0.617216 0.009091 0.029304
0 0.823377 0.119963 0.018182 0.038462
0 0.488961 0.840659 0.027273 0.043956
0 0.238961 0.525641 0.012987 0.040293
0 0.162338 0.087912 0.020779 0.018315
0 0.834416 0.802198 0.006494 0.007326
0 0.717532 0.305861 0.006494 0.007326
0 0.735065 0.207875 0.005195 0.009158
0 0.955844 0.114469 0.007792 0.016484
0 0.871429 0.061355 0.051948 0.023810
0 0.325974 0.377289 0.049351 0.025641
0 0.449351 0.163004 0.015584 0.047619
0 0.129221 0.585165 0.003896 0.012821
