0 0.484317 0.577586 0.016605 0.028736
0 0.455720 0.242337 0.014760 0.032567
0 0.335793 0.290230 0.007380 0.009579
0 0.840406 0.967433 0.005535 0.015326
0 0.663284 0.477011 0.042435 0.030651
0 0.303506 0.914751 0.009225 0.024904
0 0.517528 0.440613 0.020295 0.011494
0 0.765683 0.069923 0.029520 0.028736
0 0.938192 0.329502 0.005535 0.011494
0 0.678044 0.180077 0.016605 0.045977
0 0.291513 0.900383 0.011070 0.030651
0 0.739852 0.652299 0.011070 0.028736
0 0.076568 0.346743 0.005535 0.015326
0 0.349631 0.008621 0.012915 0.009579
0 0.947417 0.962644 0.023985 0.051724
0 0.154059 0.675287 0.038745 0.040230
0 0.083026 0.502874 0.062731 0.028736
0 0.198339 0.643678 0.005535 0.011494
0 0.083026 0.221264 0.029520 0.044061
0 0.726937 0.073755 0.029520 0.013410
0 0.094096 0.932950 0.029520 0.022989
0 0.961255 0.610153 0.007380 0.013410
0 0.714022 0.681034 0.018450 0.009579
0 0.373616 0.660920 0.053506 0.034483
0 0.811808 0.993295 0.011070 0.005747
0 0.330258 0.188697 0.011070 0.013410
0 0.143911 0.479885 0.022140 0.021073
0 0.093173 0.823755 0.027675 0.022989
0 0.309041 0.008621 0.016605 0.009579
0 0.184502 0.780651 0.044280 0.040230
0 0.389299 0.613027 0.029520 0.053640
0 0.442804 0.500000 0.025830 0.038314
0 0.363469 0.750958 0.025830 0.038314
0 0.727860 0.572797 0.035055 0.019157
0 0.331181 0.451149 0.016605 0.036398
0 0.166974 0.526820 0.038745 0.049808
0 0.596863 0.051724 0.027675 0.045977
0 0.060886 0.781609 0.033210 0.030651
0 0.807196 0.150383 0.049815 0.036398
0 0.867159 0.054598 0.018450 0.032567
0 0.306273 0.201149 0.033210 0.057471
0 0.854244 0.847701 0.014760 0.047893
0 0.717712 0.915709 0.007380 0.011494
