0 0.506250 0.029687 0.068750 0.034375
0 0.679688 0.276562 0.046875 0.028125
0 0.339062 0.210938 0.028125 0.046875
0 0.937500 0.646875 0.006250 0.025000
0 0.876563 0.735938 0.021875 0.015625
0 0.178125 0.651563 0.081250 0.028125
0 0.820312 0.512500 0.003125 0.006250
0 0.681250 0.301563 0.012500 0.015625
0 0.714063 0.239063 0.059375 0.040625
0 0.460938 0.314063 0.034375 0.071875
0 0.929688 0.784375 0.053125 0.062500
0 0.807813 0.807813 0.021875 0.015625
0 0.764062 0.334375 0.003125 0.006250
0 0.345313 0.310937 0.053125 0.090625
0 0.842187 0.626563 0.028125 0.028125
0 0.862500 0.040625 0.037500 0.056250
0 0.521875 0.718750 0.075000 0.037500
0 0.051562 0.662500 0.003125 0.012500
0 0.567187 0.657813 0.009375 0.028125
0 0.860938 0.945312 0.021875 0.053125
0 0.028125 0.960938 0.031250 0.015625
0 0.568750 0.740625 0.012500 0.037500
0 0.279687 0.818750 0.015625 0.025000
0 0.100000 0.475000 0.087500 0.050000
0 0.435937 0.289062 0.009375 0.015625
0 0.356250 0.156250 0.093750 0.050000
0 0.321875 0.118750 0.043750 0.018750
0 0.026562 0.292187 0.028125 0.059375
