0 0.225724 0.835189 0.025554 0.080178
0 0.902044 0.321826 0.045997 0.042316
0 0.159284 0.798441 0.032368 0.060134
0 0.658433 0.912027 0.052811 0.037862
0 0.351789 0.233853 0.008518 0.008909
0 0.051107 0.376392 0.051107 0.040089
0 0.725724 0.077951 0.006814 0.026726
0 0.680579 0.704900 0.028961 0.046771
0 0.597956 0.360802 0.017036 0.035635
0 0.395230 0.050111 0.044293 0.046771
0 0.012777 0.863029 0.005111 0.020045
0 0.266610 0.721604 0.005111 0.013363
0 0.695911 0.298441 0.005111 0.013363
0 0.623509 0.608018 0.013629 0.022272
0 0.196763 0.569042 0.052811 0.037862
0 0.972743 0.886414 0.051107 0.040089
0 0.746167 0.162584 0.027257 0.031180
0 0.844974 0.293987 0.020443 0.031180
0 0.110733 0.090200 0.027257 0.037862
0 0.727428 0.326281 0.010221 0.015590
0 0.614140 0.889755 0.032368 0.037862
0 0.684838 0.398664 0.020443 0.031180
0 0.782794 0.612472 0.042589 0.048998
0 0.595400 0.603563 0.018739 0.031180
0 0.059625 0.744989 0.054514 0.037862
0 0.141397 0.479955 0.044293 0.046771
0 0.063032 0.456570 0.006814 0.013363
0 0.844974 0.799555 0.013629 0.048998
0 0.194208 0.920935 0.030664 0.060134
0 0.783646 0.672606 0.030664 0.066815
0 0.082624 0.337416 0.011925 0.006682
0 0.689949 0.599109 0.010221 0.013363
0 0.516184 0.416481 0.017036 0.022272
0 0.377342 0.266147 0.005111 0.020045
0 0.652470 0.845212 0.003407 0.020045
0 0.718058 0.076837 0.005111 0.015590
0 0.694208 0.826281 0.042589 0.048998
0 0.606474 0.311804 0.034072 0.057906
0 0.988927 0.112472 0.005111 0.020045
0 0.538330 0.394209 0.006814 0.022272
0 0.844974 0.888641 0.006814 0.022272
0 0.935264 0.510022 0.047700 0.040089
0 0.682283 0.272829 0.028961 0.033408
