0 0.905660 0.237918 0.083019 0.074349
0 0.503774 0.665428 0.079245 0.074349
0 0.860377 0.317844 0.015094 0.018587
0 0.826415 0.200743 0.067925 0.059480
0 0.198113 0.894052 0.041509 0.085502
0 0.769811 0.237918 0.037736 0.037175
0 0.152830 0.057621 0.049057 0.085502
0 0.516981 0.390335 0.052830 0.096654
0 0.156604 0.431227 0.056604 0.074349
0 0.675472 0.853160 0.052830 0.040892
0 0.237736 0.518587 0.083019 0.085502
0 0.796226 0.434944 0.120755 0.059480
0 0.181132 0.224907 0.037736 0.078067
0 0.807547 0.040892 0.030189 0.022305
0 0.249057 0.819703 0.128302 0.055762
0 0.905660 0.135688 0.083019 0.092937
0 0.969811 0.868030 0.022642 0.033457
0 0.618868 0.685874 0.037736 0.115242
0 0.352830 0.537175 0.011321 0.026022
0 0.743396 0.685874 0.045283 0.070632
0 0.411321 0.604089 0.015094 0.048327
0 0.205660 0.115242 0.033962 0.059480
0 0.728302 0.934944 0.083019 0.085502
0 0.939623 0.076208 0.015094 0.018587
0 0.939623 0.663569 0.030189 0.100372
0 0.747170 0.325279 0.030189 0.063197
0 0.049057 0.587361 0.045283 0.044610
0 0.392453 0.607807 0.015094 0.018587
0 0.132075 0.797398 0.007547 0.033457
0 0.716981 0.877323 0.015094 0.022305
0 0.571698 0.561338 0.011321 0.029740
0 0.107547 0.868030 0.086792 0.085502
0 0.201887 0.587361 0.011321 0.029740
0 0.096226 0.947955 0.049057 0.059480
0 0.466038 0.565056 0.086792 0.066914
0 0.986792 0.085502 0.026415 0.074349
0 0.598113 0.879182 0.026415 0.018587
0 0.730189 0.830855 0.116981 0.063197
0 0.441509 0.171004 0.105660 0.066914
0 0.962264 0.081784 0.015094 0.022305
