0 0.280273 0.122396 0.017578 0.046875
0 0.012207 0.131944 0.008789 0.003472
0 0.952637 0.651910 0.010742 0.012153
0 0.791992 0.697917 0.021484 0.024306
0 0.489746 0.266493 0.022461 0.039931
0 0.617676 0.140625 0.012695 0.052083
0 0.013184 0.977431 0.002930 0.010417
0 0.876465 0.777778 0.002930 0.010417
0 0.528320 0.967882 0.003906 0.015625
0 0.604492 0.145833 0.011719 0.020833
0 0.081543 0.567708 0.004883 0.017361
0 0.960938 0.723090 0.013672 0.032986
0 0.723145 0.271701 0.014648 0.060764
0 0.023926 0.319444 0.002930 0.013889
0 0.787598 0.432292 0.012695 0.006944
0 0.040527 0.972222 0.004883 0.006944
0 0.072266 0.371528 0.005859 0.010417
0 0.160645 0.444444 0.020508 0.024306
0 0.125000 0.407118 0.025391 0.032986
0 0.467773 0.908854 0.013672 0.067708
0 0.847656 0.853299 0.015625 0.039931
0 0.467285 0.051215 0.004883 0.019097
0 0.672363 0.487847 0.034180 0.024306
0 0.682617 0.234375 0.027344 0.031250
0 0.393066 0.152778 0.002930 0.013889
0 0.014648 0.100694 0.017578 0.052083
0 0.721191 0.173611 0.002930 0.010417
0 0.396973 0.365451 0.028320 0.029514
0 0.541504 0.195312 0.018555 0.029514
0 0.395996 0.309028 0.002930 0.010417
0 0.107422 0.025174 0.003906 0.008681
0 0.703125 0.764757 0.003906 0.008681
0 0.208984 0.833333 0.009766 0.020833
0 0.604980 0.256076 0.012695 0.036458
0 0.192871 0.937500 0.002930 0.010417
0 0.260254 0.724826 0.030273 0.029514
0 0.768066 0.598090 0.012695 0.019097
0 0.035645 0.524306 0.002930 0.010417
0 0.792969 0.081597 0.005859 0.038194
0 0.891113 0.723958 0.016602 0.048611
0 0.218750 0.184896 0.003906 0.008681
0 0.696777 0.384549 0.012695 0.029514
0 0.309082 0.081597 0.010742 0.027778
0 0.531250 0.678819 0.015625 0.017361
0 0.760742 0.320312 0.019531 0.046875
0 0.947266 0.921007 0.041016 0.022569
0 0.082520 0.348958 0.028320 0.031250
0 0.112793 0.878472 0.002930 0.010417
0 0.581055 0.019097 0.025391 0.034722
0 0.260254 0.141493 0.008789 0.015625
0 0.688965 0.681424 0.020508 0.043403
0 0.332031 0.296007 0.003906 0.008681
0 0.193359 0.589410 0.007812 0.008681
0 0.538574 0.060764 0.006836 0.017361
