0 0.242188 0.254826 0.031250 0.030888
0 0.880859 0.185328 0.113281 0.069498
0 0.212891 0.971042 0.011719 0.027027
0 0.933594 0.762548 0.085938 0.096525
0 0.621094 0.250965 0.046875 0.030888
0 0.058594 0.179537 0.070312 0.050193
0 0.078125 0.229730 0.046875 0.027027
0 0.273438 0.569498 0.015625 0.019305
0 0.089844 0.610039 0.054688 0.069498
0 0.218750 0.181467 0.015625 0.023166
0 0.714844 0.557915 0.046875 0.057915
0 0.214844 0.851351 0.078125 0.073359
0 0.089844 0.700772 0.015625 0.019305
0 0.511719 0.476834 0.015625 0.019305
0 0.322266 0.559846 0.011719 0.023166
0 0.675781 0.293436 0.046875 0.046332
0 0.548828 0.270270 0.019531 0.015444
0 0.488281 0.704633 0.015625 0.019305
0 0.578125 0.895753 0.023438 0.015444
0 0.046875 0.795367 0.085938 0.084942
0 0.792969 0.086873 0.054688 0.050193
0 0.804688 0.795367 0.148438 0.054054
0 0.683594 0.932432 0.023438 0.034749
0 0.542969 0.550193 0.117188 0.065637
0 0.312500 0.349421 0.054688 0.081081
0 0.671875 0.540541 0.031250 0.061776
0 0.056641 0.861004 0.113281 0.038610
0 0.636719 0.125483 0.031250 0.050193
0 0.072266 0.453668 0.097656 0.073359
0 0.582031 0.137066 0.062500 0.119691
0 0.810547 0.137066 0.027344 0.019305
0 0.443359 0.444015 0.113281 0.069498
