0 0.481250 0.914583 0.154167 0.054167
0 0.850000 0.445833 0.008333 0.016667
0 0.652083 0.364583 0.087500 0.062500
0 0.539583 0.110417 0.095833 0.087500
0 0.329167 0.425000 0.025000 0.050000
0 0.402083 0.070833 0.020833 0.025000
0 0.993750 0.808333 0.012500 0.016667
0 0.710417 0.852083 0.012500 0.020833
0 0.295833 0.843750 0.008333 0.012500
0 0.241667 0.004167 0.025000 0.008333
0 0.702083 0.502083 0.012500 0.020833
0 0.331250 0.491667 0.095833 0.050000
0 0.937500 0.931250 0.033333 0.020833
0 0.120833 0.870833 0.025000 0.050000
0 0.085417 0.852083 0.037500 0.095833
0 0.404167 0.610417 0.033333 0.045833
0 0.054167 0.422917 0.050000 0.062500
0 0.293750 0.904167 0.029167 0.041667
0 0.962500 0.743750 0.050000 0.029167
0 0.079167 0.235417 0.033333 0.029167
0 0.810417 0.095833 0.020833 0.025000
0 0.539583 0.570833 0.104167 0.033333
0 0.791667 0.285417 0.050000 0.012500
0 0.077083 0.008333 0.020833 0.008333
0 0.310417 0.558333 0.004167 0.016667
