0 0.904315 0.412896 0.022514 0.020362
0 0.270169 0.495475 0.011257 0.018100
0 0.911820 0.487557 0.007505 0.011312
0 0.689493 0.375566 0.039400 0.054299
0 0.232645 0.130090 0.003752 0.020362
0 0.074109 0.829186 0.005629 0.020362
0 0.597561 0.159502 0.009381 0.024887
0 0.581614 0.589367 0.060038 0.038462
0 0.269231 0.419683 0.058161 0.038462
0 0.648218 0.190045 0.009381 0.009050
0 0.246717 0.627828 0.043152 0.052036
0 0.831144 0.863122 0.041276 0.052036
0 0.167917 0.542986 0.024390 0.090498
0 0.546904 0.563348 0.009381 0.009050
0 0.465291 0.045249 0.041276 0.045249
0 0.197936 0.393665 0.005629 0.013575
0 0.942777 0.751131 0.016886 0.054299
0 0.843340 0.343891 0.050657 0.045249
0 0.069418 0.790724 0.048780 0.047511
0 0.022514 0.304299 0.041276 0.056561
0 0.245779 0.807692 0.037523 0.036199
0 0.500000 0.100679 0.050657 0.042986
0 0.445591 0.404977 0.009381 0.013575
0 0.118199 0.295249 0.018762 0.015837
0 0.050657 0.479638 0.022514 0.049774
0 0.348030 0.395928 0.005629 0.013575
0 0.555347 0.750000 0.052533 0.042986
0 0.747655 0.645928 0.013133 0.020362
0 0.794559 0.683258 0.024390 0.054299
0 0.313321 0.354072 0.015009 0.024887
0 0.754221 0.236425 0.018762 0.056561
0 0.653846 0.877828 0.009381 0.009050
0 0.390244 0.935520 0.060038 0.038462
0 0.726079 0.286199 0.033771 0.065611
0 0.939024 0.049774 0.035647 0.018100
0 0.211069 0.669683 0.024390 0.045249
0 0.333959 0.032805 0.045028 0.047511
0 0.274859 0.675339 0.058161 0.038462
0 0.550657 0.307692 0.031895 0.067873
0 0.631332 0.587104 0.013133 0.006787
