0 0.422852 0.420228 0.041016 0.071225
0 0.281250 0.662393 0.007812 0.014245
0 0.858398 0.186610 0.021484 0.065527
0 0.555664 0.222222 0.013672 0.017094
0 0.676758 0.688034 0.025391 0.105413
0 0.301758 0.764957 0.048828 0.059829
0 0.583008 0.703704 0.013672 0.028490
0 0.927734 0.676638 0.066406 0.042735
0 0.143555 0.386040 0.021484 0.019943
0 0.577148 0.652422 0.029297 0.062678
0 0.553711 0.062678 0.029297 0.056980
0 0.249023 0.860399 0.017578 0.051282
0 0.970703 0.240741 0.042969 0.065527
0 0.363281 0.323362 0.066406 0.042735
0 0.479492 0.099715 0.033203 0.034188
0 0.756836 0.527066 0.009766 0.011396
0 0.227539 0.364672 0.005859 0.017094
0 0.701172 0.938746 0.054688 0.054131
0 0.456055 0.149573 0.060547 0.048433
0 0.765625 0.861823 0.058594 0.048433
0 0.715820 0.396011 0.025391 0.022792
0 0.122070 0.514245 0.005859 0.019943
0 0.195312 0.178063 0.007812 0.014245
0 0.913086 0.935897 0.013672 0.014245
0 0.880859 0.257835 0.015625 0.031339
0 0.025391 0.615385 0.035156 0.068376
0 0.335938 0.441595 0.035156 0.085470
0 0.620117 0.682336 0.048828 0.059829
0 0.303711 0.296296 0.048828 0.062678
0 0.537109 0.125356 0.031250 0.051282
0 0.643555 0.307692 0.013672 0.034188
0 0.938477 0.176638 0.044922 0.056980
0 0.917969 0.430199 0.007812 0.045584
0 0.057617 0.052707 0.013672 0.054131
0 0.864258 0.686610 0.052734 0.034188
0 0.357422 0.286325 0.007812 0.025641
0 0.358398 0.099715 0.017578 0.045584
0 0.491211 0.494302 0.017578 0.065527
0 0.737305 0.686610 0.056641 0.051282
0 0.052734 0.554131 0.027344 0.031339
0 0.545898 0.202279 0.009766 0.017094
0 0.779297 0.810541 0.058594 0.048433
0 0.172852 0.716524 0.009766 0.019943
0 0.906250 0.180912 0.015625 0.054131
0 0.715820 0.801994 0.060547 0.048433
0 0.482422 0.391738 0.007812 0.014245
0 0.523438 0.528490 0.011719 0.037037
