0 0.869565 0.865217 0.060870 0.017391
0 0.163043 0.941304 0.134783 0.073913
0 0.821739 0.630435 0.086957 0.069565
0 0.610870 0.947826 0.039130 0.034783
0 0.730435 0.845652 0.017391 0.039130
0 0.536957 0.704348 0.030435 0.043478
0 0.708696 0.889130 0.017391 0.021739
0 0.308696 0.673913 0.034783 0.095652
0 0.591304 0.426087 0.121739 0.078261
0 0.123913 0.273913 0.056522 0.060870
0 0.428261 0.304348 0.056522 0.034783
0 0.434783 0.136957 0.104348 0.082609
0 0.734783 0.960870 0.078261 0.069565
0 0.113043 0.228261 0.017391 0.021739
0 0.326087 0.095652 0.095652 0.104348
0 0.434783 0.015217 0.017391 0.030435
0 0.563043 0.132609 0.039130 0.047826
0 0.356522 0.345652 0.078261 0.082609
0 0.206522 0.152174 0.013043 0.026087
0 0.486957 0.504348 0.052174 0.069565
0 0.741304 0.523913 0.047826 0.047826
0 0.910870 0.782609 0.056522 0.069565
0 0.619565 0.163043 0.039130 0.030435
0 0.943478 0.282609 0.104348 0.095652
0 0.836957 0.113043 0.013043 0.026087
0 0.978261 0.941304 0.026087 0.013043
0 0.667391 0.636957 0.213043 0.047826
0 0.554348 0.356522 0.021739 0.052174
0 0.563043 0.910870 0.039130 0.091304
0 0.615217 0.595652 0.013043 0.026087
0 0.663043 0.765217 0.073913 0.060870
0 0.465217 0.063043 0.034783 0.047826
0 0.532609 0.930435 0.013043 0.026087
0 0.289130 0.215217 0.047826 0.039130
0 0.245652 0.695652 0.030435 0.017391
0 0.808696 0.913043 0.034783 0.095652
0 0.291304 0.413043 0.034783 0.052174
