0 0.641525 0.214286 0.035593 0.022857
0 0.350847 0.217143 0.030508 0.068571
0 0.068644 0.022857 0.011864 0.017143
0 0.839831 0.121429 0.011864 0.042857
0 0.050000 0.528571 0.028814 0.051429
0 0.084746 0.540000 0.006780 0.022857
0 0.181356 0.594286 0.023729 0.062857
0 0.358475 0.952857 0.011864 0.020000
0 0.360169 0.460000 0.005085 0.022857
0 0.527119 0.878571 0.037288 0.065714
0 0.339831 0.821429 0.005085 0.020000
0 0.505085 0.830000 0.006780 0.025714
0 0.881356 0.277143 0.006780 0.028571
0 0.978814 0.861429 0.025424 0.071429
0 0.089831 0.810000 0.006780 0.014286
0 0.460169 0.182857 0.005085 0.028571
0 0.401695 0.678571 0.006780 0.014286
0 0.508475 0.954286 0.057627 0.045714
0 0.028814 0.298571 0.013559 0.048571
0 0.957627 0.424286 0.030508 0.071429
0 0.884746 0.832857 0.010169 0.014286
0 0.098305 0.847143 0.047458 0.054286
0 0.517797 0.382857 0.005085 0.017143
0 0.498305 0.318571 0.006780 0.014286
0 0.489831 0.921429 0.006780 0.014286
0 0.992373 0.188571 0.015254 0.074286
0 0.613559 0.448571 0.006780 0.028571
0 0.805932 0.711429 0.005085 0.022857
0 0.973729 0.577143 0.011864 0.051429
0 0.604237 0.257143 0.008475 0.011429
0 0.216949 0.281429 0.057627 0.042857
0 0.596610 0.098571 0.020339 0.037143
0 0.021186 0.160000 0.005085 0.017143
0 0.839831 0.981429 0.008475 0.025714
0 0.455932 0.234286 0.010169 0.011429
0 0.605932 0.324286 0.052542 0.048571
0 0.370339 0.914286 0.008475 0.028571
0 0.105932 0.020000 0.005085 0.017143
0 0.738136 0.822857 0.005085 0.017143
0 0.802542 0.652857 0.045763 0.054286
0 0.822034 0.345714 0.013559 0.034286
0 0.144068 0.062857 0.040678 0.062857
