0 0.612338 0.108059 0.019481 0.014652
0 0.401948 0.119963 0.014286 0.056777
0 0.101299 0.553114 0.005195 0.014652
0 0.511039 0.690476 0.003896 0.010989
0 0.965584 0.518315 0.032468 0.018315
0 0.445455 0.600733 0.023377 0.047619
0 0.312987 0.718864 0.005195 0.009158
0 0.756494 0.442308 0.011688 0.012821
0 0.418182 0.478938 0.038961 0.031136
0 0.748052 0.790293 0.005195 0.009158
0 0.314286 0.692308 0.028571 0.040293
0 0.070130 0.271978 0.018182 0.027473
0 0.492208 0.597985 0.018182 0.016484
0 0.621429 0.477106 0.022078 0.049451
0 0.285065 0.142857 0.006494 0.007326
0 0.765584 0.957875 0.035065 0.036630
0 0.362338 0.256410 0.028571 0.043956
0 0.915584 0.069597 0.018182 0.043956
0 0.702597 0.684066 0.025974 0.012821
0 0.574675 0.313187 0.003896 0.010989
0 0.185714 0.840659 0.025974 0.043956
0 0.624026 0.075092 0.040260 0.021978
0 0.658442 0.495421 0.041558 0.031136
0 0.141558 0.562271 0.020779 0.036630
0 0.751948 0.738095 0.015584 0.032967
0 0.294156 0.962454 0.040260 0.031136
0 0.348052 0.312271 0.005195 0.009158
0 0.397403 0.254579 0.038961 0.032967
0 0.016234 0.456960 0.014286 0.016484
0 0.892208 0.701465 0.023377 0.029304
0 0.644805 0.675824 0.003896 0.010989
0 0.021429 0.435897 0.003896 0.010989
0 0.959091 0.320513 0.003896 0.010989
0 0.736364 0.073260 0.005195 0.014652
0 0.496104 0.544872 0.015584 0.049451
0 0.964286 0.355311 0.014286 0.043956
