0 0.436957 0.297826 0.013043 0.021739
0 0.071739 0.341304 0.021739 0.013043
0 0.541304 0.060870 0.047826 0.017391
0 0.358696 0.726087 0.004348 0.008696
0 0.793478 0.276087 0.039130 0.047826
0 0.223913 0.876087 0.065217 0.047826
0 0.900000 0.454348 0.043478 0.047826
0 0.284783 0.800000 0.117391 0.078261
0 0.189130 0.836957 0.013043 0.021739
0 0.141304 0.886957 0.091304 0.060870
0 0.495652 0.102174 0.017391 0.039130
0 0.143478 0.556522 0.043478 0.026087
0 0.608696 0.456522 0.069565 0.034783
0 0.758696 0.389130 0.065217 0.073913
0 0.067391 0.619565 0.117391 0.073913
0 0.552174 0.586957 0.060870 0.034783
0 0.145652 0.300000 0.117391 0.078261
0 0.378261 0.378261 0.052174 0.060870
0 0.765217 0.093478 0.008696 0.013043
0 0.795652 0.200000 0.026087 0.095652
0 0.871739 0.519565 0.039130 0.047826
0 0.358696 0.050000 0.143478 0.065217
0 0.671739 0.030435 0.021739 0.052174
0 0.795652 0.100000 0.026087 0.017391
