0 0.282277 0.856250 0.010563 0.016667
0 0.519366 0.079167 0.017606 0.025000
0 0.856221 0.717708 0.003521 0.022917
0 0.217136 0.592708 0.002347 0.010417
0 0.265845 0.262500 0.003521 0.020833
0 0.045775 0.108333 0.004695 0.016667
0 0.933099 0.806250 0.009390 0.037500
0 0.227700 0.534375 0.004695 0.006250
0 0.368545 0.782292 0.007042 0.031250
0 0.733568 0.060417 0.004695 0.008333
0 0.488263 0.673958 0.016432 0.035417
0 0.178991 0.326042 0.019953 0.018750
0 0.097418 0.170833 0.007042 0.008333
0 0.487089 0.169792 0.014085 0.018750
0 0.063380 0.789583 0.018779 0.050000
0 0.055751 0.473958 0.010563 0.018750
0 0.644953 0.450000 0.019953 0.029167
0 0.145540 0.908333 0.004695 0.016667
0 0.713615 0.969792 0.021127 0.035417
0 0.491784 0.073958 0.035211 0.035417
0 0.103873 0.601042 0.036385 0.035417
0 0.176056 0.427083 0.023474 0.045833
0 0.794601 0.767708 0.009390 0.018750
0 0.480634 0.609375 0.003521 0.014583
0 0.478873 0.288542 0.007042 0.006250
0 0.113263 0.971875 0.017606 0.039583
0 0.373239 0.496875 0.00938967 0.0520833
