0 0.786504 0.582307 0.011062 0.020157
0 0.608960 0.805711 0.003319 0.003359
0 0.473451 0.810750 0.004425 0.011198
0 0.130531 0.731243 0.015487 0.031355
0 0.034292 0.840426 0.002212 0.005599
0 0.615597 0.505039 0.003319 0.004479
0 0.041482 0.897536 0.040929 0.014558
0 0.150996 0.603583 0.012168 0.006719
0 0.028208 0.969765 0.025442 0.015677
0 0.212389 0.930011 0.004425 0.010078
0 0.923673 0.770997 0.002212 0.005599
0 0.768252 0.375140 0.003319 0.004479
0 0.021571 0.796193 0.016593 0.011198
0 0.853982 0.353863 0.030973 0.015677
0 0.410398 0.874020 0.002212 0.005599
0 0.693031 0.431131 0.034292 0.017917
0 0.970133 0.740761 0.002212 0.005599
0 0.668142 0.407055 0.013274 0.023516
0 0.898783 0.195409 0.034292 0.019037
0 0.306416 0.934490 0.004425 0.014558
0 0.092920 0.375140 0.022124 0.013438
0 0.742257 0.745241 0.017699 0.010078
0 0.541482 0.687570 0.027655 0.024636
0 0.157633 0.872340 0.009956 0.004479
0 0.199668 0.950728 0.003319 0.004479
0 0.424226 0.500560 0.007743 0.011198
0 0.827434 0.696529 0.011062 0.008959
0 0.810841 0.171892 0.002212 0.005599
0 0.615044 0.925532 0.017699 0.030235
0 0.123341 0.909854 0.003319 0.010078
0 0.566925 0.734602 0.003319 0.008959
0 0.893805 0.695969 0.002212 0.005599
