0 0.077317 0.768397 0.000488 0.001512
0 0.185854 0.085938 0.009756 0.012601
0 0.311707 0.663054 0.002927 0.003528
0 0.513902 0.078377 0.016098 0.007560
0 0.815122 0.904990 0.003902 0.006552
0 0.688049 0.712450 0.000488 0.001512
0 0.547317 0.587450 0.010732 0.007560
0 0.094146 0.639869 0.005854 0.002520
0 0.957561 0.095262 0.003902 0.004032
0 0.929024 0.627520 0.004390 0.014113
0 0.398537 0.157762 0.006829 0.008065
0 0.356098 0.498236 0.012683 0.008569
0 0.469756 0.728579 0.004878 0.006552
0 0.837317 0.403478 0.014146 0.008569
0 0.019756 0.242944 0.003415 0.005040
0 0.502195 0.245464 0.003415 0.004032
0 0.210976 0.752520 0.000488 0.002016
0 0.042439 0.189516 0.000976 0.002016
0 0.532439 0.800655 0.001463 0.002520
0 0.638537 0.603579 0.006829 0.010585
0 0.833171 0.870212 0.000976 0.001512
0 0.844878 0.144153 0.013659 0.009073
0 0.626098 0.213206 0.010244 0.006048
0 0.781463 0.731351 0.007805 0.008065
0 0.370000 0.346774 0.010244 0.006048
0 0.870732 0.672631 0.005854 0.001512
0 0.635122 0.552167 0.005854 0.002520
0 0.764634 0.507560 0.008293 0.013105
0 0.402439 0.582913 0.002927 0.002520
0 0.090976 0.115927 0.005366 0.007056
0 0.152927 0.245464 0.00536585 0.0120968
0 0.173171 0.285282 0.00585366 0.0131048
