0 0.124583 0.909091 0.002500 0.002597
0 0.881250 0.788312 0.005833 0.010390
0 0.581250 0.151299 0.005833 0.014286
0 0.680417 0.414935 0.010833 0.009091
0 0.942917 0.284416 0.005833 0.007792
0 0.599583 0.901948 0.020833 0.027273
0 0.078750 0.304545 0.005833 0.014286
0 0.920000 0.066883 0.001667 0.006494
0 0.815000 0.403247 0.005000 0.006494
0 0.275833 0.370779 0.010000 0.014286
0 0.407083 0.320130 0.000833 0.001299
0 0.074167 0.941558 0.010000 0.020779
0 0.302500 0.897403 0.013333 0.028571
0 0.633750 0.369481 0.010833 0.016883
0 0.933333 0.792857 0.008333 0.016883
0 0.305417 0.153247 0.020833 0.025974
0 0.933750 0.748052 0.017500 0.020779
0 0.345000 0.951299 0.001667 0.003896
0 0.100417 0.055195 0.000833 0.003896
0 0.312917 0.722727 0.015833 0.027273
0 0.432917 0.712338 0.017500 0.029870
0 0.069167 0.246753 0.015000 0.020779
0 0.949167 0.653896 0.005000 0.016883
0 0.973333 0.657143 0.001667 0.002597
