0 0.880759 0.176174 0.016260 0.030201
0 0.291328 0.525168 0.024390 0.050336
0 0.869919 0.323826 0.005420 0.016779
0 0.336043 0.117450 0.021680 0.013423
0 0.902439 0.028523 0.021680 0.016779
0 0.081301 0.711409 0.075881 0.053691
0 0.556911 0.713087 0.002710 0.010067
0 0.075881 0.825503 0.016260 0.020134
0 0.204607 0.157718 0.051491 0.026846
0 0.688347 0.572148 0.070461 0.057047
0 0.222222 0.756711 0.027100 0.023490
0 0.463415 0.895973 0.027100 0.026846
0 0.058266 0.630872 0.051491 0.087248
0 0.543360 0.536913 0.018970 0.040268
0 0.186992 0.909396 0.027100 0.033557
0 0.527100 0.525168 0.008130 0.010067
0 0.747967 0.228188 0.021680 0.026846
0 0.295393 0.192953 0.086721 0.050336
0 0.746612 0.293624 0.062331 0.070470
0 0.986450 0.879195 0.021680 0.013423
0 0.902439 0.337248 0.027100 0.030201
0 0.459350 0.825503 0.013550 0.020134
0 0.643631 0.546980 0.013550 0.033557
0 0.430894 0.293624 0.010840 0.016779
0 0.741192 0.384228 0.018970 0.036913
0 0.380759 0.525168 0.008130 0.016779
0 0.0758808 0.822148 0.00542005 0.0201342
0 0.173442 0.822148 0.00542005 0.0201342
0 0.0243902 0.763423 0.00542005 0.0167785
