0 0.615741 0.876744 0.046296 0.032558
0 0.625000 0.413953 0.046296 0.074419
0 0.303241 0.239535 0.078704 0.097674
0 0.625000 0.809302 0.027778 0.027907
0 0.636574 0.944186 0.004630 0.009302
0 0.768519 0.600000 0.111111 0.027907
0 0.106481 0.558140 0.027778 0.046512
0 0.902778 0.472093 0.120370 0.088372
0 0.719907 0.832558 0.078704 0.065116
0 0.206019 0.090698 0.087963 0.060465
0 0.006944 0.225581 0.013889 0.051163
0 0.886574 0.395349 0.078704 0.055814
0 0.284722 0.311628 0.004630 0.018605
0 0.173611 0.455814 0.013889 0.037209
0 0.590278 0.769767 0.032407 0.041860
0 0.099537 0.474419 0.013889 0.009302
0 0.097222 0.918605 0.074074 0.023256
0 0.226852 0.979070 0.064815 0.032558
0 0.356481 0.516279 0.018519 0.055814
0 0.761574 0.095349 0.041667 0.106977
0 0.585648 0.644186 0.097222 0.041860
0 0.476852 0.583721 0.111111 0.097674
0 0.256944 0.195349 0.004630 0.018605
0 0.324074 0.581395 0.064815 0.055814
0 0.157407 0.727907 0.148148 0.069767
0 0.421296 0.939535 0.092593 0.065116
0 0.037037 0.627907 0.027778 0.027907
0 0.833333 0.741860 0.018519 0.004651
0 0.578704 0.330233 0.055556 0.074419
