0 0.162651 0.849582 0.054217 0.077994
0 0.784639 0.972145 0.015060 0.027855
0 0.757530 0.161560 0.015060 0.016713
0 0.332831 0.207521 0.021084 0.036212
0 0.474398 0.271588 0.021084 0.047354
0 0.903614 0.788301 0.048193 0.033426
0 0.426205 0.194986 0.039157 0.038997
0 0.987952 0.474930 0.006024 0.008357
0 0.625000 0.813370 0.003012 0.011142
0 0.269578 0.831476 0.057229 0.025070
0 0.451807 0.103064 0.024096 0.044568
0 0.096386 0.846797 0.060241 0.066852
0 0.944277 0.235376 0.015060 0.019499
0 0.513554 0.447075 0.027108 0.013928
0 0.721386 0.129526 0.081325 0.041783
0 0.236446 0.405292 0.027108 0.013928
0 0.248494 0.639276 0.009036 0.013928
0 0.786145 0.532033 0.018072 0.033426
0 0.638554 0.488858 0.018072 0.025070
0 0.772590 0.739554 0.003012 0.008357
0 0.503012 0.245125 0.012048 0.022284
0 0.908133 0.015320 0.051205 0.030641
0 0.373494 0.157382 0.036145 0.047354
0 0.891566 0.728412 0.096386 0.041783
0 0.025602 0.944290 0.033133 0.033426
0 0.781627 0.718663 0.009036 0.011142
0 0.698795 0.512535 0.048193 0.089136
0 0.700301 0.256267 0.009036 0.005571
0 0.730422 0.210306 0.003012 0.008357
0 0.581325 0.438719 0.030120 0.047354
0 0.832831 0.153203 0.075301 0.050139
0 0.073795 0.532033 0.009036 0.027855
