0 0.220779 0.837662 0.025974 0.012987
0 0.115260 0.193182 0.094156 0.055195
0 0.279221 0.204545 0.038961 0.077922
0 0.871753 0.688312 0.022727 0.051948
0 0.253247 0.323052 0.019481 0.042208
0 0.344156 0.952922 0.097403 0.055195
0 0.196429 0.392857 0.055195 0.045455
0 0.915584 0.733766 0.038961 0.038961
0 0.305195 0.827922 0.012987 0.019481
0 0.701299 0.511364 0.032468 0.107143
0 0.826299 0.590909 0.022727 0.058442
0 0.300325 0.469156 0.009740 0.022727
0 0.767857 0.464286 0.094156 0.058442
0 0.829545 0.383117 0.061688 0.071429
0 0.863636 0.939935 0.012987 0.016234
0 0.436688 0.495130 0.074675 0.068182
0 0.334416 0.245130 0.064935 0.035714
0 0.110390 0.508117 0.025974 0.068182
0 0.483766 0.426948 0.097403 0.055195
0 0.113636 0.637987 0.103896 0.055195
0 0.586039 0.686688 0.042208 0.113636
0 0.050325 0.870130 0.009740 0.025974
0 0.295455 0.779221 0.019481 0.032468
0 0.592532 0.293831 0.061688 0.035714
0 0.641234 0.452922 0.081169 0.068182
0 0.439935 0.224026 0.009740 0.019481
0 0.900974 0.517857 0.042208 0.035714
0 0.188312 0.277597 0.012987 0.016234
0 0.425325 0.936688 0.038961 0.029221
0 0.305195 0.202922 0.025974 0.035714
0 0.090909 0.094156 0.038961 0.032468
0 0.615260 0.224026 0.029221 0.019481
0 0.230519 0.232143 0.051948 0.100649
0 0.808442 0.852273 0.012987 0.016234
0 0.524351 0.900974 0.048701 0.055195
0 0.404221 0.847403 0.074675 0.071429
