0 0.534416 0.289908 0.011688 0.018349
0 0.560390 0.719266 0.003896 0.011009
0 0.361039 0.924771 0.007792 0.036697
0 0.159740 0.739450 0.023377 0.022018
0 0.782468 0.029358 0.006494 0.007339
0 0.374026 0.107339 0.005195 0.009174
0 0.475974 0.489908 0.022078 0.058716
0 0.551948 0.459633 0.002597 0.016514
0 0.721429 0.746789 0.009091 0.033028
0 0.515584 0.722936 0.007792 0.018349
0 0.835065 0.411927 0.005195 0.009174
0 0.860390 0.957798 0.003896 0.014679
0 0.642208 0.103670 0.016883 0.038532
0 0.665584 0.691743 0.022078 0.055046
0 0.339610 0.493578 0.006494 0.011009
0 0.781818 0.550459 0.012987 0.025688
0 0.479870 0.119266 0.027273 0.047706
0 0.081818 0.388073 0.012987 0.023853
0 0.227273 0.437615 0.005195 0.009174
0 0.709740 0.655046 0.011688 0.022018
0 0.870779 0.448624 0.009091 0.005505
0 0.922727 0.094495 0.032468 0.020183
0 0.025325 0.644954 0.019481 0.023853
0 0.423377 0.686239 0.028571 0.044037
0 0.327273 0.664220 0.007792 0.011009
0 0.855195 0.541284 0.006494 0.007339
0 0.816234 0.289908 0.022078 0.014679
0 0.051299 0.866972 0.027273 0.034862
0 0.184416 0.559633 0.031169 0.040367
0 0.846104 0.746789 0.037662 0.025688
0 0.672078 0.898165 0.009091 0.016514
0 0.412987 0.885321 0.038961 0.031193
0 0.056494 0.220183 0.027273 0.033028
0 0.109740 0.946789 0.019481 0.025688
0 0.557792 0.604587 0.024675 0.012844
0 0.204545 0.314679 0.009091 0.016514
0 0.453896 0.202752 0.009091 0.009174
0 0.589610 0.462385 0.023377 0.040367
0 0.577273 0.416514 0.035065 0.033028
