0 0.552591 0.964664 0.028963 0.021201
0 0.605945 0.053004 0.025915 0.031802
0 0.567073 0.247350 0.006098 0.003534
0 0.572409 0.046820 0.001524 0.005300
0 0.509146 0.112191 0.006098 0.012367
0 0.163872 0.171378 0.038110 0.035336
0 0.734756 0.574205 0.024390 0.021201
0 0.958079 0.196996 0.028963 0.022968
0 0.778201 0.332155 0.016768 0.028269
0 0.094512 0.707597 0.003049 0.008834
0 0.971037 0.855124 0.012195 0.021201
0 0.159299 0.028269 0.047256 0.021201
0 0.596037 0.459364 0.033537 0.031802
0 0.740091 0.840989 0.047256 0.028269
0 0.067835 0.732332 0.050305 0.026502
0 0.594512 0.438163 0.003049 0.007067
0 0.752287 0.503534 0.001524 0.007067
0 0.981707 0.608657 0.015244 0.015901
0 0.669970 0.996466 0.004573 0.003534
0 0.313262 0.377208 0.007622 0.022968
0 0.613567 0.583039 0.001524 0.003534
0 0.081555 0.891343 0.010671 0.022968
0 0.125000 0.400177 0.033537 0.037102
0 0.573933 0.890459 0.025915 0.021201
