0 0.160940 0.698958 0.028933 0.018750
0 0.505425 0.462500 0.019892 0.025000
0 0.327306 0.657292 0.003617 0.010417
0 0.284810 0.037500 0.009042 0.020833
0 0.755877 0.563542 0.003617 0.010417
0 0.918626 0.317708 0.057866 0.035417
0 0.606691 0.710417 0.009042 0.016667
0 0.613020 0.301042 0.010850 0.014583
0 0.971067 0.964583 0.054250 0.037500
0 0.413201 0.789583 0.023508 0.025000
0 0.736890 0.740625 0.056058 0.035417
0 0.020796 0.537500 0.012658 0.033333
0 0.920434 0.479167 0.032550 0.062500
0 0.816456 0.706250 0.012658 0.037500
0 0.899638 0.433333 0.005425 0.008333
0 0.878843 0.501042 0.003617 0.010417
0 0.312839 0.769792 0.003617 0.010417
0 0.854430 0.121875 0.005425 0.010417
0 0.291139 0.912500 0.014467 0.020833
0 0.620253 0.677083 0.028933 0.033333
0 0.466546 0.416667 0.010850 0.029167
0 0.828210 0.904167 0.007233 0.012500
0 0.242315 0.932292 0.065099 0.031250
0 0.055154 0.381250 0.016275 0.029167
0 0.303797 0.716667 0.025316 0.033333
0 0.347197 0.651042 0.003617 0.010417
