0 0.661742 0.762895 0.010886 0.014975
0 0.983670 0.250416 0.007776 0.004992
0 0.905132 0.445923 0.024883 0.029950
0 0.843701 0.422629 0.029549 0.023295
0 0.951011 0.424293 0.017107 0.009983
0 0.195956 0.463394 0.003110 0.008319
0 0.029549 0.438436 0.012442 0.014975
0 0.808709 0.476705 0.031104 0.041597
0 0.636858 0.889351 0.026439 0.024958
0 0.519440 0.313644 0.043546 0.031614
0 0.375583 0.674709 0.010886 0.018303
0 0.067652 0.646423 0.004666 0.008319
0 0.378694 0.792845 0.007776 0.004992
0 0.016330 0.823627 0.013997 0.006656
0 0.338258 0.926789 0.013997 0.006656
0 0.250389 0.467554 0.027994 0.009983
0 0.837481 0.060732 0.004666 0.004992
0 0.532659 0.524126 0.004666 0.006656
0 0.774495 0.451747 0.040435 0.004992
0 0.031104 0.715474 0.006221 0.006656
0 0.069984 0.862729 0.015552 0.054908
0 0.683515 0.703827 0.029549 0.013311
0 0.758165 0.150582 0.007776 0.021631
0 0.485226 0.628120 0.003110 0.011647
0 0.192846 0.557404 0.015552 0.016639
0 0.940902 0.760399 0.006221 0.009983
0 0.256610 0.841098 0.003110 0.008319
0 0.328149 0.586522 0.015552 0.004992
0 0.458009 0.017471 0.020218 0.028286
0 0.159409 0.599834 0.004666 0.011647
0 0.321928 0.381032 0.012442 0.023295
0 0.471229 0.597338 0.003110 0.009983
0 0.141524 0.8802 0.00622084 0.0166389
