0 0.908537 0.944898 0.012195 0.028571
0 0.418699 0.744898 0.097561 0.085714
0 0.607724 0.281633 0.044715 0.073469
0 0.853659 0.812245 0.073171 0.122449
0 0.353659 0.655102 0.105691 0.085714
0 0.459350 0.222449 0.016260 0.036735
0 0.894309 0.142857 0.105691 0.081633
0 0.831301 0.155102 0.012195 0.024490
0 0.534553 0.875510 0.069106 0.044898
0 0.727642 0.130612 0.121951 0.073469
0 0.680894 0.059184 0.101626 0.061224
0 0.046748 0.563265 0.028455 0.065306
0 0.760163 0.055102 0.032520 0.069388
0 0.239837 0.524490 0.016260 0.020408
0 0.829268 0.651020 0.024390 0.053061
0 0.821138 0.918367 0.016260 0.032653
0 0.833333 0.732653 0.081301 0.102041
0 0.691057 0.932653 0.113821 0.053061
0 0.310976 0.881633 0.012195 0.032653
0 0.060976 0.767347 0.089431 0.097959
0 0.174797 0.091837 0.065041 0.069388
0 0.508130 0.834694 0.016260 0.020408
0 0.443089 0.451020 0.056911 0.053061
0 0.140244 0.446939 0.036585 0.028571
0 0.502033 0.567347 0.036585 0.073469
0 0.103659 0.067347 0.060976 0.110204
0 0.497967 0.518367 0.020325 0.016327
0 0.542683 0.455102 0.134146 0.061224
0 0.932927 0.067347 0.085366 0.044898
