0 0.093966 0.152778 0.067241 0.027778
0 0.168966 0.524691 0.044828 0.061728
0 0.406897 0.586420 0.010345 0.043210
0 0.890517 0.901235 0.046552 0.055556
0 0.270690 0.371914 0.020690 0.058642
0 0.839655 0.902778 0.044828 0.058642
0 0.668966 0.546296 0.006897 0.018519
0 0.725000 0.080247 0.005172 0.018519
0 0.266379 0.157407 0.029310 0.043210
0 0.155172 0.771605 0.006897 0.018519
0 0.383621 0.956790 0.043103 0.067901
0 0.833621 0.121914 0.032759 0.083333
0 0.317241 0.709877 0.034483 0.049383
0 0.623276 0.192901 0.056897 0.046296
0 0.027586 0.047840 0.048276 0.058642
0 0.501724 0.621914 0.020690 0.046296
0 0.225000 0.793210 0.005172 0.024691
0 0.281034 0.725309 0.031034 0.092593
0 0.388793 0.304012 0.008621 0.033951
0 0.068966 0.205247 0.010345 0.021605
0 0.098276 0.205247 0.037931 0.070988
0 0.752586 0.412037 0.005172 0.027778
0 0.453448 0.236111 0.068966 0.040123
0 0.945690 0.828704 0.022414 0.033951
0 0.456897 0.572531 0.013793 0.027778
0 0.212069 0.942901 0.051724 0.033951
0 0.225862 0.123457 0.048276 0.055556
0 0.213793 0.328704 0.013793 0.033951
0 0.463793 0.504630 0.006897 0.015432
0 0.278448 0.570988 0.060345 0.043210
0 0.403448 0.725309 0.020690 0.037037
0 0.967241 0.657407 0.013793 0.030864
0 0.346552 0.794753 0.044828 0.058642
0 0.310345 0.160494 0.013793 0.049383
0 0.937931 0.279321 0.006897 0.015432
0 0.493966 0.570988 0.046552 0.049383
0 0.148276 0.618827 0.006897 0.015432
0 0.529310 0.049383 0.041379 0.067901
0 0.121552 0.490741 0.046552 0.055556
0 0.204310 0.753086 0.067241 0.043210
0 0.234483 0.575617 0.017241 0.033951
0 0.906034 0.077160 0.032759 0.086420
