0 0.488294 0.681548 0.040134 0.196429
0 0.575251 0.875000 0.100334 0.107143
0 0.615385 0.116071 0.060201 0.101190
0 0.471572 0.848214 0.093645 0.077381
0 0.719064 0.931548 0.107023 0.077381
0 0.322742 0.898810 0.036789 0.059524
0 0.515050 0.086310 0.020067 0.017857
0 0.060201 0.074405 0.033445 0.053571
0 0.038462 0.041667 0.076923 0.083333
0 0.115385 0.690476 0.010033 0.035714
0 0.715719 0.342262 0.086957 0.125000
0 0.869565 0.860119 0.020067 0.041667
0 0.219064 0.794643 0.016722 0.029762
0 0.573579 0.610119 0.023411 0.029762
0 0.891304 0.645833 0.063545 0.101190
0 0.374582 0.797619 0.093645 0.107143
0 0.416388 0.946429 0.050167 0.059524
0 0.839465 0.723214 0.033445 0.113095
0 0.107023 0.273810 0.040134 0.083333
0 0.653846 0.285714 0.030100 0.059524
0 0.591973 0.217262 0.086957 0.125000
0 0.483278 0.127976 0.117057 0.089286
0 0.157191 0.779762 0.086957 0.119048
0 0.217391 0.318452 0.026756 0.065476
0 0.076923 0.657738 0.040134 0.089286
0 0.167224 0.630952 0.080268 0.130952
0 0.797659 0.238095 0.010033 0.035714
0 0.060201 0.827381 0.020067 0.023810
0 0.576923 0.511905 0.063545 0.154762
0 0.205686 0.452381 0.056856 0.178571
0 0.744147 0.854167 0.110368 0.029762
0 0.916388 0.500000 0.026756 0.023810
0 0.752508 0.241071 0.073579 0.089286
0 0.461538 0.377976 0.073579 0.148810
0 0.474916 0.452381 0.093645 0.107143
0 0.382943 0.089286 0.076923 0.130952
0 0.060201 0.741071 0.073579 0.125000
0 0.847826 0.101190 0.010033 0.035714
0 0.510033 0.202381 0.010033 0.035714
0 0.399666 0.547619 0.050167 0.214286
0 0.396321 0.720238 0.043478 0.035714
0 0.127090 0.369048 0.093645 0.107143
0 0.366221 0.363095 0.103679 0.095238
0 0.329431 0.032738 0.023411 0.029762
0 0.441472 0.065476 0.100334 0.107143
