0 0.333333 0.650980 0.011765 0.007843
0 0.147059 0.016667 0.003922 0.009804
0 0.143137 0.631373 0.007843 0.019608
0 0.087255 0.350980 0.005882 0.015686
0 0.059804 0.110784 0.041176 0.017647
0 0.149020 0.705882 0.007843 0.007843
0 0.245098 0.674510 0.015686 0.011765
0 0.254902 0.090196 0.066667 0.019608
0 0.489216 0.778431 0.060784 0.031373
0 0.163725 0.871569 0.013725 0.029412
0 0.878431 0.650980 0.011765 0.019608
0 0.430392 0.154902 0.005882 0.007843
0 0.273529 0.401961 0.025490 0.019608
0 0.174510 0.630392 0.007843 0.005882
0 0.349020 0.627451 0.058824 0.035294
0 0.239216 0.469608 0.074510 0.025490
0 0.208824 0.103922 0.052941 0.039216
0 0.220588 0.443137 0.033333 0.023529
0 0.424510 0.330392 0.045098 0.045098
0 0.059804 0.152941 0.017647 0.054902
0 0.492157 0.118627 0.011765 0.025490
0 0.631373 0.245098 0.007843 0.007843
0 0.262745 0.145098 0.015686 0.011765
0 0.704902 0.132353 0.005882 0.005882
0 0.442157 0.851961 0.005882 0.013725
0 0.447059 0.759804 0.019608 0.025490
0 0.193137 0.228431 0.021569 0.021569
0 0.370588 0.198039 0.007843 0.015686
