0 0.500000 0.742188 0.006711 0.005208
0 0.970470 0.285590 0.016107 0.019097
0 0.860403 0.592882 0.002685 0.005208
0 0.959060 0.929688 0.033557 0.036458
0 0.795973 0.897569 0.005369 0.017361
0 0.059060 0.564236 0.005369 0.013889
0 0.633557 0.803819 0.008054 0.010417
0 0.087248 0.030382 0.008054 0.015625
0 0.938255 0.330729 0.037584 0.029514
0 0.234228 0.623264 0.006711 0.010417
0 0.344966 0.559028 0.002685 0.006944
0 0.894631 0.440972 0.001342 0.006944
0 0.352349 0.848090 0.006711 0.008681
0 0.015436 0.588542 0.001342 0.006944
0 0.822819 0.523438 0.008054 0.015625
0 0.589933 0.278646 0.012081 0.019097
0 0.712081 0.564236 0.001342 0.003472
0 0.874497 0.225694 0.022819 0.038194
0 0.589262 0.982639 0.016107 0.027778
0 0.700671 0.351562 0.002685 0.008681
0 0.957718 0.673611 0.012081 0.024306
0 0.797315 0.329861 0.005369 0.013889
0 0.824161 0.856771 0.005369 0.008681
0 0.823490 0.807292 0.022819 0.045139
