0 0.798795 0.163636 0.012048 0.024242
0 0.845783 0.837879 0.024096 0.045455
0 0.440964 0.422727 0.024096 0.051515
0 0.442169 0.222727 0.055422 0.069697
0 0.846988 0.980303 0.012048 0.039394
0 0.674699 0.224242 0.062651 0.060606
0 0.524096 0.493939 0.007229 0.018182
0 0.508434 0.153030 0.028916 0.027273
0 0.625301 0.204545 0.026506 0.057576
0 0.521687 0.706061 0.031325 0.042424
0 0.787952 0.212121 0.028916 0.060606
0 0.428916 0.365152 0.053012 0.051515
0 0.180723 0.522727 0.081928 0.021212
0 0.280723 0.080303 0.007229 0.021212
0 0.519277 0.471212 0.031325 0.021212
0 0.638554 0.400000 0.072289 0.054545
0 0.673494 0.581818 0.050602 0.072727
0 0.921687 0.404545 0.016867 0.033333
0 0.786747 0.745455 0.055422 0.066667
0 0.128916 0.324242 0.065060 0.060606
0 0.186747 0.493939 0.016867 0.030303
0 0.521687 0.221212 0.007229 0.018182
0 0.615663 0.027273 0.021687 0.048485
0 0.883133 0.037879 0.026506 0.039394
0 0.595181 0.345455 0.019277 0.018182
0 0.715663 0.750000 0.009639 0.015152
