0 0.381897 0.754630 0.015517 0.040123
0 0.105172 0.783951 0.048276 0.055556
0 0.738793 0.641975 0.008621 0.012346
0 0.804310 0.526235 0.012069 0.058642
0 0.099138 0.385802 0.005172 0.018519
0 0.500862 0.294753 0.029310 0.033951
0 0.059483 0.793210 0.025862 0.111111
0 0.711207 0.123457 0.025862 0.055556
0 0.526724 0.748457 0.025862 0.077160
0 0.222414 0.805556 0.006897 0.018519
0 0.664655 0.785494 0.025862 0.046296
0 0.537069 0.583333 0.046552 0.061728
0 0.667241 0.858025 0.017241 0.043210
0 0.954310 0.237654 0.015517 0.018519
0 0.554310 0.086420 0.025862 0.024691
0 0.940517 0.515432 0.036207 0.074074
0 0.970690 0.785494 0.006897 0.033951
0 0.518966 0.351852 0.017241 0.055556
0 0.612931 0.933642 0.012069 0.040123
0 0.079310 0.745370 0.006897 0.015432
0 0.443103 0.640432 0.006897 0.015432
0 0.029310 0.427469 0.027586 0.040123
0 0.131034 0.341049 0.044828 0.064815
0 0.751724 0.123457 0.006897 0.018519
0 0.286207 0.087963 0.031034 0.083333
0 0.164655 0.691358 0.039655 0.067901
0 0.717241 0.671296 0.006897 0.015432
0 0.618966 0.836420 0.006897 0.018519
0 0.481897 0.802469 0.025862 0.092593
0 0.750000 0.453704 0.055172 0.049383
0 0.400000 0.512346 0.044828 0.061728
0 0.727586 0.929012 0.031034 0.086420
0 0.403448 0.135802 0.034483 0.043210
