0 0.220551 0.225333 0.010025 0.013333
0 0.715539 0.992000 0.007519 0.016000
0 0.082707 0.718667 0.010025 0.013333
0 0.508772 0.605333 0.035088 0.074667
0 0.602757 0.988000 0.007519 0.018667
0 0.854637 0.584000 0.070175 0.048000
0 0.047619 0.722667 0.040100 0.021333
0 0.345865 0.518667 0.015038 0.013333
0 0.827068 0.304000 0.050125 0.021333
0 0.274436 0.309333 0.042607 0.053333
0 0.735589 0.306667 0.007519 0.016000
0 0.324561 0.113333 0.037594 0.034667
0 0.343358 0.869333 0.020050 0.037333
0 0.620301 0.438667 0.012531 0.029333
0 0.179198 0.837333 0.032581 0.026667
0 0.942356 0.893333 0.070175 0.048000
0 0.873434 0.394667 0.047619 0.048000
0 0.013784 0.898667 0.007519 0.016000
0 0.085213 0.509333 0.035088 0.037333
0 0.535088 0.888000 0.022556 0.026667
0 0.944862 0.109333 0.035088 0.042667
0 0.161654 0.492000 0.027569 0.040000
0 0.759398 0.584000 0.055138 0.064000
0 0.033835 0.621333 0.007519 0.021333
0 0.327068 0.088000 0.012531 0.010667
0 0.058897 0.456000 0.062657 0.026667
0 0.923559 0.445333 0.067669 0.048000
0 0.644110 0.842667 0.060150 0.058667
0 0.286967 0.361333 0.077694 0.045333
0 0.649123 0.164000 0.025063 0.018667
0 0.187970 0.882667 0.065163 0.053333
0 0.166667 0.584000 0.007519 0.016000
0 0.122807 0.788 0.0200501 0.056
0 0.64411 0.745333 0.0200501 0.056
0 0.4198 0.554667 0.0125313 0.0426667
0 0.218045 0.645333 0.0150376 0.0533333
0 0.830827 0.908 0.0325815 0.0613333
0 0.735589 0.618667 0.0175439 0.0586667
0 0.284461 0.766667 0.0175439 0.0506667
0 0.444862 0.776 0.0275689 0.0746667
0 0.961153 0.766667 0.0175439 0.0506667
0 0.295739 0.602667 0.0150376 0.0533333
0 0.0576441 0.841333 0.0250627 0.056
0 0.629073 0.776 0.0200501 0.0586667
0 0.828321 0.569333 0.0125313 0.0453333
0 0.690476 0.534667 0.0175439 0.0453333
0 0.483709 0.710667 0.0200501 0.056
0 0.270677 0.58 0.0150376 0.0453333
0 0.406015 0.786667 0.0200501 0.064
0 0.101504 0.853333 0.0175439 0.048
0 0.770677 0.842667 0.0225564 0.0586667
0 0.218045 0.6 0.0150376 0.048
0 0.984962 0.985333 0.0250627 0.0293333
0 0.636591 0.969333 0.0250627 0.056
0 0.817043 0.697333 0.0200501 0.056
0 0.786967 0.588 0.0150376 0.0453333
0 0.161654 0.724 0.0175439 0.0453333
0 0.255639 0.645333 0.0150376 0.0533333
0 0.343358 0.678667 0.0200501 0.0613333
0 0.37594 0.750667 0.0200501 0.056
0 0.991228 0.669333 0.0175439 0.048
0 0.954887 0.614667 0.0200501 0.056
0 0.233083 0.977333 0.0200501 0.04
0 0.105263 0.645333 0.0200501 0.048
0 0.4599 0.978667 0.0225564 0.0426667
0 0.941103 0.589333 0.0175439 0.048
0 0.14411 0.605333 0.0175439 0.048
0 0.913534 0.609333 0.0175439 0.0506667
0 0.967419 0.665333 0.0150376 0.0453333
0 0.684211 0.632 0.0200501 0.0533333
0 0.00501253 0.649333 0.0100251 0.056
0 0.868421 0.769333 0.0225564 0.0613333
0 0.304511 0.668 0.0175439 0.0506667
0 0.558897 0.682667 0.0200501 0.0533333
0 0.631579 0.672 0.0200501 0.0586667
0 0.704261 0.788 0.0250627 0.056
0 0.697995 0.965333 0.0275689 0.064
0 0.0726817 0.768 0.0250627 0.0586667
0 0.972431 0.718667 0.0250627 0.04
0 0.670426 0.768 0.0225564 0.0533333
0 0.508772 0.654667 0.0200501 0.0506667
0 0.766917 0.604 0.0150376 0.056
0 0.715539 0.936 0.0225564 0.064
0 0.12782 0.861333 0.0200501 0.0586667
0 0.130326 0.616 0.0200501 0.0533333
0 0.0977444 0.754667 0.0250627 0.064
0 0.749373 0.617333 0.0150376 0.0506667
0 0.390977 0.804 0.0200501 0.0506667
0 0.721804 0.666667 0.0150376 0.048
0 0.159148 0.706667 0.0225564 0.0586667
0 0.746867 0.7 0.0200501 0.0613333
0 0.00501253 0.704 0.0100251 0.0533333
0 0.279449 0.724 0.0175439 0.0453333
0 0.770677 0.92 0.0175439 0.0533333
0 0.477444 0.793333 0.0175439 0.0506667
0 0.632832 0.849333 0.0225564 0.056
0 0.0538847 0.974667 0.0275689 0.0506667
0 0.192982 0.716 0.0200501 0.0613333
0 0.176692 0.641333 0.0175439 0.056
0 0.165414 0.765333 0.0200501 0.0533333
0 0.129073 0.796 0.0225564 0.0613333
0 0.254386 0.62 0.0175439 0.0506667
0 0.97619 0.764 0.0175439 0.0506667
0 0.407268 0.662667 0.0225564 0.0506667
0 0.75188 0.978667 0.0250627 0.0426667
0 0.310777 0.696 0.0200501 0.0586667
0 0.444862 0.945333 0.0275689 0.0773333
0 0.261905 0.716 0.0175439 0.0506667
0 0.838346 0.677333 0.0175439 0.0533333
0 0.037594 0.888 0.0250627 0.0586667
0 0.557644 0.886667 0.0275689 0.0613333
0 0.840852 0.816 0.0225564 0.0533333
0 0.443609 0.554667 0.0150376 0.0426667
0 0.110276 0.702667 0.0200501 0.0506667
0 0.957393 0.782667 0.0200501 0.056
0 0.576441 0.757333 0.0200501 0.0693333
0 0.360902 0.716 0.0150376 0.0506667
0 0.288221 0.781333 0.0200501 0.064
0 0.279449 0.621333 0.0175439 0.0533333
0 0.820802 0.905333 0.0225564 0.0613333
0 0.730576 0.708 0.0225564 0.056
0 0.703008 0.661333 0.0175439 0.0586667
0 0.800752 0.802667 0.0225564 0.064
0 0.850877 0.64 0.0175439 0.048
0 0.738095 0.826667 0.0225564 0.0586667
0 0.869674 0.74 0.0200501 0.0613333
0 0.547619 0.749333 0.0175439 0.048
0 0.210526 0.972 0.0250627 0.056
0 0.992481 0.813333 0.0150376 0.0586667
0 0.243108 0.909333 0.0250627 0.0746667
0 0.176692 0.824 0.0225564 0.048
0 0.409774 0.62 0.0175439 0.0506667
0 0.0350877 0.714667 0.0200501 0.048
0 0.367168 0.697333 0.0175439 0.0506667
0 0.0300752 0.748 0.0200501 0.0506667
0 0.77193 0.805333 0.0250627 0.0586667
0 0.76817 0.677333 0.0175439 0.0533333
0 0.467419 0.641333 0.0175439 0.0453333
0 0.922306 0.98 0.0300752 0.04
0 0.933584 0.821333 0.0225564 0.0586667
0 0.798246 0.681333 0.0225564 0.0613333
0 0.365915 0.792 0.0200501 0.048
0 0.256892 0.78 0.0175439 0.056
0 0.74812 0.868 0.0225564 0.056
0 0.901003 0.845333 0.0225564 0.0586667
0 0.226817 0.726667 0.0175439 0.056
0 0.384712 0.728 0.0175439 0.048
0 0.245614 0.785333 0.0150376 0.056
0 0.724311 0.918667 0.0200501 0.0613333
0 0.922306 0.718667 0.0200501 0.056
0 0.216792 0.866667 0.0225564 0.0586667
0 0.824561 0.808 0.0200501 0.0586667
0 0.205514 0.825333 0.0200501 0.0506667
0 0.491228 0.78 0.0200501 0.0613333
0 0.185464 0.772 0.0200501 0.0506667
0 0.695489 0.721333 0.0225564 0.056
0 0.412281 0.970667 0.0275689 0.0586667
0 0.928571 0.882667 0.0275689 0.064
0 0.152882 0.813333 0.0200501 0.0533333
0 0.107769 0.966667 0.0250627 0.0506667
0 0.844612 0.906667 0.0250627 0.064
0 0.868421 0.66 0.0225564 0.0506667
0 0.139098 0.970667 0.0275689 0.0533333
0 0.29198 0.884 0.0225564 0.0506667
0 0.339599 0.897333 0.0225564 0.0666667
0 0.357143 0.957333 0.0275689 0.0586667
0 0.882205 0.888 0.0250627 0.0586667
0 0.194236 0.92 0.0225564 0.064
0 0.0827068 0.873333 0.0200501 0.056
0 0.962406 0.929333 0.0350877 0.0666667
0 0.0739348 0.972 0.0275689 0.056
0 0.12782 0.745333 0.0200501 0.056
0 0.318296 0.950667 0.0250627 0.0666667
0 0.166667 0.866667 0.0225564 0.064
0 0.226817 0.825333 0.0225564 0.056
0 0.677945 0.937333 0.0225564 0.0666667
0 0.334586 0.793333 0.0225564 0.056
0 0.110276 0.892 0.0350877 0.0666667
0 0.364662 0.86 0.0225564 0.056
0 0.315789 0.848 0.0200501 0.0533333
