0 0.212222 0.081707 0.020000 0.046341
0 0.917778 0.196341 0.031111 0.017073
0 0.222222 0.158537 0.008889 0.019512
0 0.505556 0.263415 0.006667 0.014634
0 0.878889 0.813415 0.006667 0.017073
0 0.241111 0.351220 0.011111 0.009756
0 0.835556 0.729268 0.008889 0.019512
0 0.968889 0.747561 0.044444 0.065854
0 0.823333 0.765854 0.060000 0.048780
0 0.663333 0.165854 0.011111 0.009756
0 0.843333 0.229268 0.028889 0.014634
0 0.510000 0.982927 0.020000 0.009756
0 0.863333 0.391463 0.011111 0.021951
0 0.934444 0.741463 0.006667 0.014634
0 0.262222 0.456098 0.008889 0.014634
0 0.730000 0.591463 0.006667 0.017073
0 0.798889 0.290244 0.006667 0.019512
0 0.471111 0.650000 0.008889 0.012195
0 0.255556 0.029268 0.071111 0.039024
0 0.490000 0.467073 0.006667 0.017073
0 0.541111 0.456098 0.006667 0.019512
0 0.364444 0.306098 0.013333 0.007317
0 0.388889 0.978049 0.075556 0.039024
0 0.767778 0.912195 0.064444 0.043902
0 0.734444 0.465854 0.006667 0.019512
0 0.533333 0.534146 0.008889 0.014634
0 0.040000 0.389024 0.062222 0.046341
0 0.048889 0.529268 0.013333 0.014634
0 0.457778 0.956098 0.017778 0.014634
0 0.140000 0.076829 0.071111 0.041463
0 0.282222 0.295122 0.017778 0.053659
0 0.273333 0.175610 0.026667 0.068293
0 0.956667 0.843902 0.015556 0.014634
