0 0.930435 0.495652 0.043478 0.069565
0 0.619565 0.156522 0.152174 0.060870
0 0.073913 0.697826 0.086957 0.056522
0 0.395652 0.189130 0.069565 0.073913
0 0.217391 0.878261 0.043478 0.052174
0 0.934783 0.589130 0.052174 0.065217
0 0.136957 0.600000 0.073913 0.069565
0 0.478261 0.191304 0.008696 0.026087
0 0.686957 0.847826 0.026087 0.043478
0 0.147826 0.332609 0.034783 0.039130
0 0.595652 0.102174 0.104348 0.039130
0 0.500000 0.052174 0.095652 0.052174
0 0.260870 0.158696 0.086957 0.056522
0 0.839130 0.417391 0.008696 0.008696
0 0.052174 0.552174 0.104348 0.086957
0 0.130435 0.891304 0.069565 0.104348
0 0.939130 0.813043 0.052174 0.026087
0 0.230435 0.536957 0.095652 0.056522
0 0.673913 0.967391 0.060870 0.065217
0 0.793478 0.736957 0.013043 0.021739
0 0.656522 0.700000 0.113043 0.060870
0 0.117391 0.345652 0.017391 0.047826
0 0.365217 0.363043 0.026087 0.047826
0 0.723913 0.523913 0.152174 0.065217
0 0.645652 0.363043 0.169565 0.056522
0 0.713043 0.282609 0.043478 0.043478
0 0.606522 0.795652 0.013043 0.043478
