0 0.537383 0.955607 0.028037 0.070093
0 0.901869 0.635514 0.074766 0.074766
0 0.934579 0.584112 0.046729 0.102804
0 0.642523 0.151869 0.032710 0.014019
0 0.074766 0.792056 0.084112 0.060748
0 0.383178 0.259346 0.046729 0.060748
0 0.605140 0.525701 0.004673 0.004673
0 0.878505 0.390187 0.084112 0.116822
0 0.691589 0.703271 0.018692 0.032710
0 0.525701 0.878505 0.023364 0.018692
0 0.221963 0.373832 0.004673 0.009346
0 0.331776 0.474299 0.028037 0.032710
0 0.219626 0.476636 0.037383 0.037383
0 0.121495 0.714953 0.158879 0.065421
0 0.988318 0.934579 0.023364 0.018692
0 0.773364 0.102804 0.014019 0.037383
0 0.733645 0.135514 0.018692 0.056075
0 0.593458 0.063084 0.084112 0.079439
0 0.114486 0.514019 0.144860 0.046729
0 0.025701 0.448598 0.051402 0.074766
0 0.677570 0.880841 0.093458 0.116822
0 0.579439 0.567757 0.046729 0.070093
0 0.210280 0.855140 0.102804 0.084112
0 0.427570 0.170561 0.032710 0.014019
0 0.661215 0.785047 0.042056 0.056075
0 0.862150 0.525701 0.088785 0.070093
