0 0.436120 0.868297 0.036278 0.023659
0 0.493691 0.028391 0.018927 0.037855
0 0.455047 0.891956 0.004732 0.011041
0 0.866719 0.681388 0.033123 0.037855
0 0.578076 0.823344 0.004732 0.009464
0 0.280757 0.545741 0.009464 0.018927
0 0.385647 0.492902 0.039432 0.033123
0 0.575710 0.314669 0.022082 0.017350
0 0.427445 0.329653 0.012618 0.018927
0 0.733438 0.383281 0.009464 0.031546
0 0.869085 0.647476 0.047319 0.026814
0 0.318612 0.875394 0.028391 0.047319
0 0.251577 0.655363 0.048896 0.026814
0 0.802050 0.307571 0.017350 0.025237
0 0.610410 0.404574 0.018927 0.033123
0 0.783912 0.225552 0.053628 0.025237
0 0.101735 0.362776 0.033123 0.022082
0 0.290221 0.369874 0.028391 0.007886
0 0.497634 0.290221 0.004732 0.009464
0 0.667981 0.418770 0.048896 0.026814
0 0.532334 0.380126 0.011041 0.015773
0 0.130126 0.923502 0.052050 0.023659
0 0.376183 0.960568 0.014196 0.012618
0 0.041009 0.395110 0.009464 0.004732
0 0.121451 0.513407 0.044164 0.029968
0 0.425079 0.889590 0.017350 0.015773
0 0.679022 0.794164 0.004732 0.011041
0 0.524448 0.494479 0.004732 0.014196
0 0.862776 0.964511 0.050473 0.026814
0 0.716088 0.652208 0.037855 0.020505
0 0.797319 0.689274 0.004732 0.009464
0 0.791009 0.444006 0.023659 0.029968
0 0.574921 0.800473 0.011041 0.014196
0 0.565457 0.342271 0.004732 0.009464
0 0.937697 0.373028 0.039432 0.033123
0 0.241325 0.944795 0.022082 0.012618
