0 0.060403 0.635616 0.114094 0.043836
0 0.157718 0.539726 0.046980 0.038356
0 0.644295 0.450685 0.087248 0.052055
0 0.491611 0.809589 0.010067 0.019178
0 0.385906 0.780822 0.087248 0.054795
0 0.862416 0.273973 0.046980 0.027397
0 0.541946 0.371233 0.023490 0.046575
0 0.874161 0.420548 0.016779 0.013699
0 0.426174 0.491781 0.013423 0.013699
0 0.213087 0.772603 0.070470 0.071233
0 0.041946 0.169863 0.043624 0.021918
0 0.483221 0.169863 0.020134 0.010959
0 0.716443 0.402740 0.077181 0.038356
0 0.632550 0.898630 0.030201 0.027397
0 0.214765 0.417808 0.020134 0.013699
0 0.057047 0.347945 0.046980 0.054795
0 0.283557 0.201370 0.010067 0.035616
0 0.407718 0.690411 0.016779 0.021918
0 0.414430 0.379452 0.043624 0.057534
0 0.958054 0.160274 0.036913 0.019178
0 0.795302 0.136986 0.100671 0.049315
0 0.268456 0.687671 0.067114 0.065753
0 0.125839 0.724658 0.090604 0.052055
0 0.167785 0.793151 0.013423 0.013699
0 0.407718 0.310959 0.016779 0.013699
0 0.510067 0.065753 0.040268 0.027397
0 0.209732 0.132877 0.023490 0.046575
0 0.209732 0.668493 0.036913 0.021918
0 0.929530 0.021918 0.026846 0.032877
0 0.474832 0.479452 0.010067 0.016438
0 0.879195 0.809589 0.053691 0.084932
0 0.261745 0.461644 0.093960 0.041096
0 0.696309 0.549315 0.023490 0.035616
0 0.832215 0.030137 0.033557 0.021918
