0 0.269565 0.580435 0.043478 0.047826
0 0.180435 0.748913 0.021739 0.058696
0 0.741304 0.916304 0.039130 0.045652
0 0.765217 0.565217 0.034783 0.047826
0 0.535870 0.306522 0.019565 0.013043
0 0.690217 0.393478 0.023913 0.060870
0 0.192391 0.120652 0.067391 0.036957
0 0.281522 0.318478 0.019565 0.041304
0 0.878261 0.142391 0.069565 0.036957
0 0.977174 0.405435 0.036957 0.050000
0 0.135870 0.725000 0.041304 0.058696
0 0.370652 0.458696 0.041304 0.056522
0 0.791304 0.928261 0.047826 0.052174
0 0.248913 0.063043 0.006522 0.013043
0 0.509783 0.079348 0.010870 0.019565
0 0.359783 0.821739 0.019565 0.030435
0 0.570652 0.972826 0.019565 0.010870
0 0.640217 0.320652 0.050000 0.032609
0 0.139130 0.921739 0.047826 0.039130
0 0.835870 0.151087 0.006522 0.015217
0 0.642391 0.209783 0.058696 0.041304
0 0.979348 0.139130 0.023913 0.034783
0 0.918478 0.469565 0.036957 0.069565
0 0.289130 0.935870 0.008696 0.010870
0 0.694565 0.167391 0.010870 0.026087
0 0.877174 0.893478 0.063043 0.039130
0 0.072826 0.711957 0.036957 0.036957
