0 0.423208 0.802288 0.027304 0.035948
0 0.556314 0.153595 0.020478 0.026144
0 0.684300 0.666667 0.023891 0.019608
0 0.718430 0.091503 0.023891 0.019608
0 0.005119 0.117647 0.010239 0.013072
0 0.087031 0.060458 0.010239 0.009804
0 0.725256 0.385621 0.010239 0.013072
0 0.902730 0.728758 0.058020 0.045752
0 0.032423 0.418301 0.010239 0.013072
0 0.981229 0.191176 0.017065 0.009804
0 0.346416 0.173203 0.051195 0.026144
0 0.523891 0.483660 0.051195 0.058824
0 0.515358 0.743464 0.006826 0.016340
0 0.102389 0.857843 0.006826 0.016340
0 0.866894 0.166667 0.027304 0.013072
0 0.293515 0.651961 0.027304 0.022876
0 0.534130 0.629085 0.017065 0.022876
0 0.430034 0.367647 0.013652 0.016340
0 0.650171 0.352941 0.010239 0.013072
0 0.269625 0.403595 0.006826 0.016340
