0 0.469231 0.771154 0.015385 0.019231
0 0.136538 0.936538 0.073077 0.057692
0 0.450000 0.203846 0.115385 0.069231
0 0.288462 0.178846 0.015385 0.019231
0 0.138462 0.351923 0.015385 0.019231
0 0.696154 0.111538 0.123077 0.061538
0 0.251923 0.234615 0.103846 0.076923
0 0.794231 0.625000 0.011538 0.042308
0 0.234615 0.036538 0.053846 0.026923
0 0.730769 0.626923 0.107692 0.069231
0 0.440385 0.057692 0.011538 0.023077
0 0.182692 0.528846 0.119231 0.065385
0 0.326923 0.782692 0.084615 0.096154
0 0.928846 0.015385 0.026923 0.023077
0 0.386538 0.973077 0.019231 0.015385
0 0.748077 0.901923 0.011538 0.026923
0 0.640385 0.530769 0.011538 0.023077
0 0.319231 0.090385 0.084615 0.096154
0 0.117308 0.480769 0.011538 0.023077
0 0.896154 0.203846 0.023077 0.030769
0 0.521154 0.057692 0.011538 0.023077
0 0.180769 0.894231 0.015385 0.019231
0 0.565385 0.136538 0.123077 0.065385
0 0.711538 0.511538 0.038462 0.023077
0 0.407692 0.590385 0.023077 0.019231
0 0.338462 0.961538 0.069231 0.076923
0 0.755769 0.730769 0.011538 0.030769
0 0.748077 0.305769 0.019231 0.042308
0 0.380769 0.298077 0.038462 0.026923
0 0.103846 0.342308 0.015385 0.038462
0 0.423077 0.721154 0.069231 0.111538
0 0.842308 0.555769 0.092308 0.080769
0 0.263462 0.840385 0.026923 0.026923
0 0.451923 0.101923 0.034615 0.026923
0 0.765385 0.690385 0.069231 0.042308
0 0.440385 0.409615 0.103846 0.073077
0 0.719231 0.713462 0.015385 0.019231
