0 0.801790 0.523077 0.012788 0.005128
0 0.722506 0.092308 0.079284 0.041026
0 0.407928 0.444872 0.053708 0.033333
0 0.065217 0.344872 0.017903 0.012821
0 0.966752 0.094872 0.056266 0.056410
0 0.107417 0.120513 0.005115 0.010256
0 0.744246 0.514103 0.015345 0.012821
0 0.268542 0.052564 0.040921 0.028205
0 0.432225 0.750000 0.010230 0.023077
0 0.213555 0.579487 0.002558 0.010256
0 0.819693 0.602564 0.017903 0.025641
0 0.145780 0.141026 0.025575 0.041026
0 0.382353 0.865385 0.094629 0.033333
0 0.232737 0.039744 0.005115 0.007692
0 0.460358 0.926923 0.015345 0.012821
0 0.841432 0.802564 0.025575 0.051282
0 0.075448 0.232051 0.012788 0.012821
0 0.952685 0.019231 0.033248 0.017949
0 0.460358 0.885897 0.020460 0.043590
0 0.973146 0.142308 0.012788 0.028205
0 0.230179 0.206410 0.025575 0.043590
0 0.342711 0.408974 0.005115 0.017949
0 0.950128 0.483333 0.074169 0.043590
0 0.838875 0.089744 0.076726 0.041026
0 0.731458 0.650000 0.086957 0.038462
0 0.520460 0.646154 0.002558 0.020513
0 0.901535 0.894872 0.063939 0.051282
