0 0.571903 0.740761 0.013274 0.014558
0 0.142699 0.966405 0.024336 0.024636
0 0.978982 0.746361 0.011062 0.014558
0 0.371681 0.053751 0.006637 0.013438
0 0.513274 0.211646 0.011062 0.029115
0 0.251106 0.908175 0.004425 0.011198
0 0.633296 0.286114 0.018805 0.032475
0 0.436947 0.852744 0.019912 0.016797
0 0.559735 0.011758 0.004425 0.007839
0 0.062500 0.693729 0.014381 0.005599
0 0.540376 0.352184 0.025442 0.023516
0 0.590155 0.477604 0.003319 0.007839
0 0.437500 0.807951 0.032080 0.019037
0 0.591814 0.430571 0.002212 0.010078
0 0.972898 0.281635 0.016593 0.036954
0 0.935841 0.469765 0.013274 0.010078
0 0.960730 0.403695 0.005531 0.014558
0 0.548119 0.297872 0.003319 0.008959
0 0.122235 0.836506 0.023230 0.024636
0 0.876659 0.274356 0.005531 0.004479
0 0.023230 0.426092 0.004425 0.007839
0 0.428097 0.022956 0.017699 0.010078
0 0.695243 0.861702 0.025442 0.025756
0 0.534845 0.319149 0.032080 0.020157
0 0.836836 0.435050 0.005531 0.007839
0 0.288717 0.804031 0.033186 0.020157
0 0.349558 0.667973 0.004425 0.005599
0 0.944690 0.745241 0.024336 0.010078
0 0.517146 0.347144 0.018805 0.033595
0 0.892699 0.688130 0.035398 0.019037
0 0.746128 0.318589 0.005531 0.005599
0 0.563606 0.256439 0.003319 0.006719
0 0.336836 0.201008 0.034292 0.019037
0 0.563606 0.440090 0.007743 0.004479
0 0.246681 0.898656 0.004425 0.005599
0 0.969027 0.786114 0.019912 0.033595
0 0.913164 0.300672 0.003319 0.010078
0 0.609513 0.861142 0.030973 0.020157
0 0.960730 0.726204 0.021018 0.023516
0 0.818031 0.421613 0.027655 0.023516
0 0.195796 0.966965 0.004425 0.007839
0 0.034845 0.844345 0.040929 0.015677
0 0.414270 0.541433 0.014381 0.010078
0 0.730088 0.135498 0.006637 0.020157
0 0.386615 0.902576 0.003319 0.006719
0 0.337942 0.426092 0.025442 0.025756
0 0.416482 0.505039 0.023230 0.011198
0 0.732301 0.171892 0.002212 0.012318
0 0.107301 0.204927 0.008850 0.015677
