0 0.470848 0.681437 0.005300 0.002799
0 0.731890 0.313433 0.018551 0.018657
0 0.479682 0.541978 0.005300 0.003731
0 0.166078 0.241138 0.017668 0.021455
0 0.883392 0.641325 0.007067 0.008396
0 0.217756 0.866138 0.000883 0.002799
0 0.333039 0.568563 0.007067 0.004664
0 0.438604 0.666045 0.006184 0.003731
0 0.316696 0.069963 0.022085 0.009328
0 0.510159 0.619869 0.004417 0.013993
0 0.916519 0.209888 0.016784 0.024254
0 0.529152 0.625466 0.001767 0.004664
0 0.306095 0.595616 0.015018 0.027052
0 0.329947 0.090951 0.009717 0.008396
0 0.257509 0.442631 0.018551 0.021455
0 0.287544 0.012127 0.000883 0.003731
0 0.970848 0.534515 0.001767 0.003731
0 0.753092 0.502799 0.025618 0.014925
0 0.821555 0.262127 0.003534 0.009328
0 0.756184 0.790112 0.001767 0.003731
0 0.587456 0.386660 0.012367 0.025187
0 0.573763 0.522388 0.000883 0.003731
0 0.015459 0.540578 0.000883 0.002799
0 0.398852 0.292444 0.025618 0.015858
0 0.955830 0.306903 0.014134 0.016791
