0 0.555332 0.548507 0.012072 0.012438
0 0.303823 0.100746 0.040241 0.067164
0 0.513078 0.774876 0.064386 0.042289
0 0.303823 0.380597 0.044266 0.049751
0 0.639839 0.701493 0.040241 0.024876
0 0.382294 0.113184 0.044266 0.062189
0 0.885312 0.470149 0.036217 0.039801
0 0.575453 0.451493 0.036217 0.032338
0 0.661972 0.858209 0.040241 0.024876
0 0.651911 0.930348 0.032193 0.084577
0 0.385312 0.440299 0.010060 0.009950
0 0.709256 0.347015 0.034205 0.037313
0 0.684105 0.366915 0.008048 0.027363
0 0.457746 0.466418 0.038229 0.067164
0 0.127767 0.299751 0.006036 0.017413
0 0.064386 0.629353 0.040241 0.054726
0 0.590543 0.689055 0.006036 0.019900
0 0.328974 0.885572 0.030181 0.034826
0 0.774648 0.118159 0.008048 0.012438
0 0.897384 0.182836 0.040241 0.037313
0 0.797787 0.358209 0.018109 0.034826
0 0.095573 0.832090 0.058350 0.042289
0 0.028169 0.342040 0.028169 0.022388
0 0.740443 0.549751 0.008048 0.014925
0 0.265594 0.106965 0.028169 0.074627
0 0.463783 0.361940 0.010060 0.027363
0 0.405433 0.184080 0.006036 0.014925
0 0.277666 0.674129 0.040241 0.059701
0 0.034205 0.211443 0.036217 0.024876
