0 0.738000 0.356000 0.020000 0.024000
0 0.848000 0.548000 0.048000 0.080000
0 0.068000 0.594000 0.008000 0.020000
0 0.040000 0.692000 0.072000 0.080000
0 0.452000 0.460000 0.104000 0.080000
0 0.150000 0.836000 0.012000 0.032000
0 0.836000 0.978000 0.008000 0.020000
0 0.550000 0.836000 0.044000 0.064000
0 0.406000 0.044000 0.068000 0.056000
0 0.070000 0.336000 0.068000 0.080000
0 0.746000 0.178000 0.028000 0.068000
0 0.338000 0.600000 0.028000 0.096000
0 0.930000 0.612000 0.036000 0.048000
0 0.596000 0.932000 0.064000 0.024000
0 0.618000 0.384000 0.044000 0.048000
0 0.412000 0.528000 0.016000 0.024000
0 0.694000 0.992000 0.012000 0.016000
0 0.394000 0.276000 0.036000 0.072000
0 0.762000 0.474000 0.076000 0.060000
0 0.986000 0.938000 0.012000 0.020000
0 0.892000 0.596000 0.032000 0.048000
0 0.788000 0.804000 0.088000 0.064000
0 0.764000 0.922000 0.032000 0.052000
0 0.760000 0.302000 0.128000 0.068000
0 0.274000 0.448000 0.012000 0.032000
0 0.756000 0.726000 0.016000 0.052000
0 0.670000 0.230000 0.020000 0.028000
0 0.088000 0.082000 0.016000 0.020000
0 0.892000 0.660000 0.032000 0.056000
0 0.250000 0.896000 0.140000 0.040000
0 0.356000 0.538000 0.040000 0.020000
0 0.208000 0.582000 0.032000 0.092000
