0 0.534783 0.532609 0.026087 0.021739
0 0.495652 0.680435 0.052174 0.056522
0 0.932609 0.473913 0.100000 0.095652
0 0.152174 0.310870 0.113043 0.091304
0 0.571739 0.595652 0.056522 0.095652
0 0.047826 0.078261 0.095652 0.104348
0 0.458696 0.493478 0.100000 0.100000
0 0.045652 0.589130 0.073913 0.073913
0 0.278261 0.482609 0.095652 0.104348
0 0.328261 0.380435 0.117391 0.082609
0 0.167391 0.528261 0.117391 0.082609
0 0.439130 0.021739 0.026087 0.034783
0 0.680435 0.800000 0.021739 0.026087
0 0.928261 0.826087 0.030435 0.095652
0 0.547826 0.258696 0.113043 0.082609
0 0.856522 0.730435 0.060870 0.130435
0 0.332609 0.726087 0.126087 0.078261
0 0.652174 0.556522 0.086957 0.078261
0 0.476087 0.152174 0.013043 0.026087
0 0.408696 0.073913 0.069565 0.060870
0 0.884783 0.117391 0.091304 0.113043
0 0.213043 0.452174 0.026087 0.034783
0 0.163043 0.589130 0.047826 0.021739
0 0.280435 0.263043 0.117391 0.082609
0 0.828261 0.597826 0.030435 0.039130
0 0.919565 0.036957 0.082609 0.039130
0 0.145652 0.443478 0.030435 0.069565
0 0.363043 0.673913 0.021739 0.017391
0 0.091304 0.452174 0.069565 0.086957
0 0.058696 0.452174 0.117391 0.086957
0 0.771739 0.110870 0.073913 0.065217
0 0.569565 0.176087 0.130435 0.073913
0 0.910870 0.360870 0.091304 0.104348
0 0.928261 0.241304 0.117391 0.073913
0 0.482609 0.102174 0.156522 0.065217
0 0.406522 0.589130 0.013043 0.030435
0 0.769565 0.832609 0.034783 0.039130
0 0.419565 0.178261 0.047826 0.026087
