0 0.102410 0.667331 0.020080 0.019920
0 0.690763 0.209163 0.016064 0.027888
0 0.502008 0.942231 0.024096 0.043825
0 0.640562 0.203187 0.068273 0.127490
0 0.895582 0.936255 0.024096 0.031873
0 0.704819 0.846614 0.044177 0.067729
0 0.455823 0.846614 0.116466 0.067729
0 0.791165 0.555777 0.048193 0.027888
0 0.118474 0.318725 0.092369 0.071713
0 0.787149 0.954183 0.008032 0.035857
0 0.660643 0.103586 0.012048 0.031873
0 0.881526 0.043825 0.068273 0.063745
0 0.273092 0.619522 0.104418 0.083665
0 0.363454 0.247012 0.100402 0.087649
0 0.445783 0.165339 0.136546 0.043825
0 0.742972 0.480080 0.032129 0.043825
0 0.467871 0.687251 0.020080 0.035857
0 0.246988 0.258964 0.012048 0.023904
0 0.791165 0.719124 0.016064 0.019920
0 0.652610 0.890438 0.052209 0.099602
0 0.751004 0.326693 0.136546 0.063745
0 0.857430 0.780876 0.012048 0.023904
0 0.156627 0.113546 0.104418 0.083665
0 0.885542 0.858566 0.084337 0.099602
0 0.556225 0.171315 0.012048 0.023904
0 0.604418 0.924303 0.036145 0.071713
0 0.483936 0.101594 0.108434 0.075697
0 0.967871 0.575697 0.016064 0.019920
0 0.907631 0.713147 0.040161 0.087649
0 0.648594 0.037849 0.092369 0.067729
0 0.598394 0.464143 0.016064 0.019920
0 0.359438 0.091633 0.132530 0.063745
0 0.289157 0.043825 0.024096 0.023904
0 0.080321 0.167331 0.024096 0.039841
0 0.777108 0.149402 0.036145 0.115538
0 0.612450 0.378486 0.068273 0.039841
0 0.670683 0.250996 0.104418 0.079681
0 0.355422 0.758964 0.068273 0.123506
0 0.445783 0.262948 0.040161 0.031873
0 0.072289 0.127490 0.080321 0.103586
0 0.240964 0.047809 0.064257 0.095618
