0 0.371739 0.872299 0.036232 0.043222
0 0.326087 0.943026 0.026087 0.039293
0 0.702174 0.143418 0.004348 0.011788
0 0.688406 0.893910 0.011594 0.039293
0 0.234783 0.466601 0.043478 0.025540
0 0.086957 0.042240 0.026087 0.056974
0 0.966667 0.050098 0.014493 0.021611
0 0.701449 0.393910 0.011594 0.025540
0 0.813043 0.733792 0.002899 0.017682
0 0.376087 0.171906 0.021739 0.017682
0 0.181884 0.224951 0.013043 0.021611
0 0.195652 0.193517 0.040580 0.037328
0 0.903623 0.180747 0.007246 0.007859
0 0.544928 0.766208 0.008696 0.015717
0 0.364493 0.272102 0.010145 0.021611
0 0.155797 0.861493 0.013043 0.017682
0 0.766667 0.668959 0.043478 0.033399
0 0.457246 0.739686 0.013043 0.021611
0 0.668841 0.816306 0.024638 0.033399
0 0.486232 0.452849 0.033333 0.045187
0 0.836957 0.467583 0.042029 0.031434
0 0.581159 0.741650 0.031884 0.045187
0 0.635507 0.801572 0.039130 0.035363
0 0.030435 0.989194 0.008696 0.005894
0 0.148551 0.322200 0.039130 0.035363
0 0.646377 0.555010 0.037681 0.041257
