0 0.213277 0.522727 0.031073 0.033333
0 0.264124 0.615152 0.076271 0.060606
0 0.333333 0.345455 0.011299 0.018182
0 0.662429 0.074242 0.008475 0.021212
0 0.490113 0.619697 0.019774 0.051515
0 0.501412 0.916667 0.008475 0.021212
0 0.367232 0.151515 0.022599 0.024242
0 0.701977 0.669697 0.059322 0.060606
0 0.542373 0.033333 0.084746 0.030303
0 0.896893 0.033333 0.064972 0.066667
0 0.186441 0.381818 0.050847 0.054545
0 0.710452 0.422727 0.014124 0.015152
0 0.774011 0.603030 0.062147 0.072727
0 0.971751 0.071212 0.011299 0.015152
0 0.004237 0.590909 0.008475 0.018182
0 0.918079 0.131818 0.011299 0.015152
0 0.891243 0.243939 0.025424 0.063636
0 0.689266 0.850000 0.062147 0.075758
0 0.789548 0.836364 0.008475 0.018182
0 0.751412 0.533333 0.084746 0.054545
0 0.668079 0.951515 0.031073 0.042424
0 0.830508 0.786364 0.067797 0.063636
0 0.861582 0.151515 0.067797 0.066667
0 0.485876 0.024242 0.022599 0.048485
0 0.519774 0.806061 0.090395 0.048485
0 0.610169 0.107576 0.011299 0.015152
0 0.723164 0.296970 0.011299 0.018182
