0 0.270115 0.667717 0.006386 0.003150
0 0.696041 0.934646 0.002554 0.007874
0 0.281609 0.081890 0.003831 0.012598
0 0.533844 0.744882 0.007663 0.018898
0 0.982759 0.522835 0.008940 0.015748
0 0.287356 0.631496 0.012771 0.012598
0 0.672414 0.540945 0.011494 0.004724
0 0.550447 0.230709 0.043423 0.023622
0 0.255428 0.285827 0.002554 0.007874
0 0.628991 0.452756 0.016603 0.014173
0 0.125160 0.130709 0.012771 0.006299
0 0.943167 0.051969 0.008940 0.018898
0 0.268838 0.968504 0.011494 0.034646
0 0.228608 0.237008 0.040868 0.026772
0 0.121967 0.211811 0.016603 0.058268
0 0.682631 0.441732 0.024266 0.036220
0 0.542146 0.560630 0.006386 0.006299
0 0.068327 0.070079 0.008940 0.014173
0 0.899745 0.758268 0.003831 0.004724
0 0.252874 0.960630 0.017880 0.009449
0 0.540230 0.022835 0.017880 0.014173
0 0.827586 0.230709 0.015326 0.023622
0 0.249681 0.072441 0.006386 0.006299
0 0.049170 0.681890 0.016603 0.040945
