0 0.847541 0.636975 0.009836 0.016807
0 0.570492 0.230252 0.036066 0.016807
0 0.450000 0.047059 0.057377 0.020168
0 0.026230 0.714286 0.042623 0.033613
0 0.058197 0.040336 0.021311 0.020168
0 0.392623 0.956303 0.024590 0.057143
0 0.527869 0.119328 0.039344 0.036975
0 0.519672 0.162185 0.006557 0.008403
0 0.750000 0.623529 0.044262 0.033613
0 0.169672 0.119328 0.027869 0.053782
0 0.433607 0.209244 0.008197 0.008403
0 0.118852 0.700000 0.034426 0.038655
0 0.972131 0.931933 0.009836 0.008403
0 0.610656 0.218487 0.004918 0.013445
0 0.544262 0.910084 0.029508 0.015126
0 0.813934 0.173950 0.004918 0.011765
0 0.222951 0.592437 0.006557 0.011765
0 0.170492 0.618487 0.036066 0.036975
0 0.166393 0.746218 0.024590 0.057143
0 0.272131 0.215966 0.006557 0.011765
0 0.062295 0.510924 0.052459 0.026891
0 0.754098 0.952101 0.003279 0.015126
0 0.384426 0.781513 0.008197 0.006723
0 0.286066 0.747899 0.004918 0.010084
0 0.059016 0.211765 0.026230 0.057143
0 0.104098 0.958824 0.021311 0.038655
0 0.532787 0.598319 0.019672 0.016807
0 0.641803 0.874790 0.031148 0.045378
0 0.153279 0.578992 0.037705 0.038655
0 0.081967 0.138655 0.049180 0.028571
0 0.409016 0.497479 0.004918 0.010084
0 0.554098 0.433613 0.022951 0.043697
0 0.901639 0.205882 0.013115 0.038655
0 0.036885 0.156303 0.034426 0.016807
0 0.193443 0.646218 0.006557 0.008403
0 0.853279 0.708403 0.021311 0.015126
0 0.272131 0.843697 0.032787 0.043697
0 0.559016 0.284034 0.006557 0.013445
0 0.488525 0.459664 0.006557 0.008403
0 0.486885 0.303361 0.006557 0.011765
