0 0.389847 0.935666 0.009579 0.011287
0 0.874521 0.994357 0.001916 0.006772
0 0.610153 0.494357 0.005747 0.013544
0 0.312261 0.722348 0.003831 0.004515
0 0.892720 0.673815 0.019157 0.029345
0 0.282567 0.958239 0.021073 0.047404
0 0.796935 0.870203 0.007663 0.006772
0 0.628352 0.847630 0.026820 0.020316
0 0.780651 0.663657 0.070881 0.031603
0 0.428161 0.750564 0.001916 0.006772
0 0.609195 0.529345 0.003831 0.006772
0 0.033525 0.632054 0.024904 0.022573
0 0.712644 0.591422 0.007663 0.009029
0 0.331418 0.372460 0.053640 0.027088
0 0.696360 0.407449 0.005747 0.020316
0 0.821839 0.602709 0.057471 0.036117
0 0.811303 0.825056 0.040230 0.051919
0 0.432950 0.876975 0.011494 0.011287
0 0.849617 0.287810 0.032567 0.051919
0 0.758621 0.137698 0.011494 0.040632
0 0.608238 0.092551 0.009579 0.031603
0 0.027778 0.097065 0.024904 0.040632
0 0.805556 0.528217 0.009579 0.031603
0 0.103448 0.160271 0.038314 0.022573
0 0.280651 0.305869 0.024904 0.024831
0 0.671456 0.507901 0.024904 0.013544
0 0.500958 0.604966 0.001916 0.009029
0 0.259579 0.864560 0.024904 0.040632
0 0.813218 0.308126 0.005747 0.011287
0 0.159004 0.948081 0.011494 0.018059
0 0.285441 0.202032 0.003831 0.006772
0 0.386973 0.989842 0.003831 0.006772
0 0.237548 0.984199 0.015326 0.013544
