0 0.895833 0.883333 0.016667 0.050000
0 0.025000 0.495833 0.041667 0.058333
0 0.383333 0.175000 0.066667 0.033333
0 0.214583 0.762500 0.087500 0.016667
0 0.300000 0.812500 0.133333 0.050000
0 0.277083 0.585417 0.012500 0.037500
0 0.629167 0.977083 0.008333 0.020833
0 0.852083 0.431250 0.012500 0.012500
0 0.627083 0.754167 0.020833 0.066667
0 0.706250 0.920833 0.045833 0.066667
0 0.587500 0.931250 0.041667 0.045833
0 0.158333 0.589583 0.016667 0.020833
0 0.843750 0.900000 0.070833 0.016667
0 0.806250 0.989583 0.012500 0.020833
0 0.760417 0.779167 0.112500 0.083333
0 0.818750 0.012500 0.012500 0.016667
0 0.406250 0.260417 0.037500 0.062500
0 0.108333 0.481250 0.008333 0.020833
0 0.137500 0.122917 0.058333 0.029167
0 0.597917 0.875000 0.137500 0.041667
0 0.118750 0.681250 0.062500 0.054167
0 0.066667 0.056250 0.066667 0.095833
0 0.620833 0.820833 0.066667 0.050000
0 0.314583 0.210417 0.062500 0.104167
0 0.054167 0.675000 0.050000 0.066667
0 0.566667 0.027083 0.008333 0.020833
0 0.481250 0.087500 0.104167 0.091667
0 0.406250 0.304167 0.029167 0.016667
0 0.114583 0.568750 0.037500 0.029167
0 0.641667 0.100000 0.075000 0.083333
