0 0.303191 0.748547 0.010638 0.020349
0 0.662766 0.453488 0.044681 0.058140
0 0.709574 0.425872 0.044681 0.008721
0 0.781915 0.466570 0.006383 0.020349
0 0.165957 0.575581 0.017021 0.023256
0 0.391489 0.671512 0.017021 0.017442
0 0.729787 0.795058 0.072340 0.043605
0 0.821277 0.401163 0.093617 0.034884
0 0.030851 0.824128 0.006383 0.026163
0 0.187234 0.808140 0.046809 0.069767
0 0.106383 0.640988 0.017021 0.026163
0 0.476596 0.437500 0.025532 0.055233
0 0.446809 0.968023 0.021277 0.034884
0 0.276596 0.973837 0.072340 0.046512
0 0.538298 0.087209 0.063830 0.052326
0 0.828723 0.459302 0.040426 0.075581
0 0.900000 0.761628 0.051064 0.063953
0 0.988298 0.258721 0.006383 0.017442
0 0.570213 0.620640 0.076596 0.043605
0 0.379787 0.408430 0.040426 0.078488
0 0.771277 0.667151 0.057447 0.055233
0 0.728723 0.735465 0.061702 0.052326
0 0.692553 0.742733 0.006383 0.020349
0 0.392553 0.508721 0.006383 0.017442
0 0.805319 0.148256 0.014894 0.023256
0 0.824468 0.232558 0.006383 0.017442
0 0.129787 0.225291 0.008511 0.014535
0 0.712766 0.739826 0.051064 0.061047
0 0.267021 0.795058 0.095745 0.031977
0 0.588298 0.729651 0.048936 0.052326
0 0.671277 0.718023 0.023404 0.058140
0 0.027660 0.130814 0.017021 0.034884
0 0.304255 0.145349 0.012766 0.029070
0 0.011702 0.123547 0.010638 0.031977
0 0.682979 0.117733 0.034043 0.037791
0 0.493617 0.579942 0.017021 0.055233
0 0.802128 0.799419 0.029787 0.029070
0 0.858511 0.335756 0.019149 0.008721
