0 0.709395 0.264753 0.020701 0.015949
0 0.605892 0.610845 0.017516 0.009569
0 0.787420 0.421053 0.020701 0.022329
0 0.939490 0.314992 0.003185 0.007974
0 0.902866 0.849282 0.009554 0.011164
0 0.871019 0.642743 0.022293 0.019139
0 0.307325 0.309410 0.022293 0.015949
0 0.505573 0.145136 0.004777 0.006380
0 0.096338 0.712919 0.039809 0.031898
0 0.791401 0.510367 0.038217 0.035088
0 0.345541 0.420255 0.015924 0.011164
0 0.080414 0.691388 0.007962 0.007974
0 0.856688 0.546252 0.047771 0.027113
0 0.733280 0.182616 0.007962 0.007974
0 0.403662 0.949761 0.004777 0.004785
0 0.460987 0.460128 0.011146 0.020734
0 0.685510 0.790271 0.004777 0.014354
0 0.760350 0.587719 0.004777 0.011164
