0 0.446293 0.687992 0.039334 0.029528
0 0.663389 0.189961 0.022693 0.064961
0 0.865356 0.856299 0.021180 0.055118
0 0.761725 0.556102 0.052950 0.029528
0 0.493949 0.044291 0.022693 0.068898
0 0.193646 0.752953 0.006051 0.009843
0 0.213313 0.315945 0.003026 0.017717
0 0.150530 0.297244 0.034796 0.043307
0 0.294251 0.534449 0.022693 0.053150
0 0.150530 0.073819 0.010590 0.025591
0 0.913767 0.165354 0.024206 0.031496
0 0.158094 0.433071 0.049924 0.031496
0 0.692890 0.558071 0.012103 0.029528
0 0.940242 0.338583 0.007564 0.007874
0 0.366868 0.632874 0.022693 0.037402
0 0.348714 0.030512 0.019667 0.037402
0 0.127080 0.819882 0.033283 0.021654
0 0.397126 0.699803 0.007564 0.009843
0 0.917549 0.128937 0.046899 0.033465
0 0.653555 0.933071 0.039334 0.039370
0 0.061271 0.159449 0.007564 0.007874
0 0.582451 0.473425 0.024206 0.061024
0 0.934191 0.709646 0.007564 0.009843
0 0.449319 0.596457 0.009077 0.035433
0 0.172466 0.625000 0.006051 0.021654
0 0.279123 0.098425 0.016641 0.055118
0 0.816944 0.321850 0.051437 0.029528
0 0.236762 0.613189 0.043873 0.033465
0 0.329803 0.579724 0.021180 0.029528
0 0.200454 0.558071 0.022693 0.049213
0 0.300303 0.907480 0.031770 0.047244
0 0.771558 0.837598 0.006051 0.009843
0 0.271558 0.460630 0.037821 0.039370
0 0.434947 0.229331 0.028744 0.053150
0 0.704992 0.020669 0.012103 0.029528
0 0.092284 0.085630 0.003026 0.017717
0 0.804841 0.653543 0.021180 0.031496
0 0.163389 0.984252 0.0121029 0.0314961
