0 0.376389 0.717456 0.047222 0.026627
0 0.108333 0.896450 0.005556 0.017751
0 0.212500 0.100592 0.013889 0.053254
0 0.451389 0.463018 0.058333 0.073964
0 0.034722 0.252959 0.047222 0.014793
0 0.105556 0.173077 0.005556 0.014793
0 0.381944 0.677515 0.008333 0.011834
0 0.748611 0.202663 0.008333 0.014793
0 0.544444 0.321006 0.027778 0.062130
0 0.123611 0.674556 0.019444 0.029586
0 0.612500 0.627219 0.008333 0.011834
0 0.586111 0.079882 0.022222 0.011834
0 0.262500 0.235207 0.008333 0.008876
0 0.738889 0.812130 0.083333 0.044379
0 0.251389 0.927515 0.047222 0.038462
0 0.177778 0.386095 0.044444 0.026627
0 0.501389 0.751479 0.086111 0.047337
0 0.668056 0.940828 0.041667 0.023669
0 0.450000 0.894970 0.100000 0.044379
0 0.779167 0.171598 0.041667 0.071006
0 0.638889 0.890533 0.066667 0.065089
0 0.204167 0.576923 0.019444 0.041420
0 0.763889 0.368343 0.016667 0.038462
0 0.379167 0.346154 0.008333 0.011834
