0 0.965863 0.862887 0.004016 0.010309
0 0.974900 0.430928 0.010040 0.008247
0 0.095382 0.698969 0.014056 0.041237
0 0.460843 0.163918 0.034137 0.018557
0 0.906627 0.582474 0.034137 0.014433
0 0.278112 0.096907 0.006024 0.008247
0 0.781124 0.930928 0.052209 0.043299
0 0.760040 0.190722 0.034137 0.035052
0 0.965863 0.236082 0.008032 0.006186
0 0.626506 0.086598 0.028112 0.016495
0 0.182731 0.254639 0.016064 0.022680
0 0.033133 0.281443 0.022088 0.026804
0 0.558233 0.551546 0.008032 0.018557
0 0.273092 0.643299 0.012048 0.016495
0 0.370482 0.778351 0.014056 0.022680
0 0.618474 0.124742 0.016064 0.010309
0 0.799197 0.226804 0.004016 0.012371
0 0.297189 0.167010 0.052209 0.037113
0 0.759036 0.129897 0.044177 0.049485
0 0.517068 0.014433 0.018072 0.012371
0 0.793173 0.573196 0.012048 0.004124
0 0.075301 0.723711 0.022088 0.016495
0 0.893574 0.625773 0.016064 0.014433
0 0.900602 0.668041 0.010040 0.024742
0 0.426707 0.87732 0.0381526 0.0804124
