0 0.524606 0.888571 0.005906 0.011429
0 0.911417 0.925714 0.003937 0.008571
0 0.750984 0.420714 0.029528 0.024286
0 0.993110 0.244286 0.011811 0.048571
0 0.236713 0.194286 0.004921 0.011429
0 0.862205 0.758571 0.043307 0.017143
0 0.068898 0.507857 0.009843 0.041429
0 0.971457 0.297143 0.015748 0.028571
0 0.097441 0.864286 0.011811 0.011429
0 0.866142 0.278571 0.037402 0.020000
0 0.132382 0.884286 0.002953 0.008571
0 0.510827 0.443571 0.009843 0.024286
0 0.585630 0.322143 0.021654 0.032857
0 0.397146 0.412143 0.014764 0.018571
0 0.412894 0.922143 0.004921 0.015714
0 0.760335 0.662857 0.002953 0.008571
0 0.580217 0.745000 0.028543 0.024286
0 0.249508 0.873571 0.002953 0.010000
0 0.772146 0.816429 0.024606 0.030000
0 0.515256 0.946429 0.026575 0.027143
0 0.985236 0.465714 0.017717 0.040000
0 0.371063 0.276429 0.007874 0.015714
0 0.702264 0.390000 0.020669 0.037143
0 0.447835 0.110714 0.003937 0.012857
0 0.045768 0.043571 0.016732 0.027143
0 0.443406 0.796429 0.024606 0.030000
0 0.793799 0.539286 0.012795 0.024286
0 0.404528 0.595000 0.009843 0.012857
0 0.258858 0.510714 0.003937 0.007143
0 0.894193 0.298571 0.016732 0.022857
0 0.885335 0.104286 0.026575 0.028571
0 0.225394 0.304286 0.007874 0.028571
0 0.046752 0.470714 0.030512 0.024286
0 0.036417 0.503571 0.011811 0.012857
0 0.479331 0.623571 0.003937 0.012857
0 0.532972 0.080714 0.006890 0.007143
0 0.964075 0.861429 0.016732 0.017143
0 0.919783 0.443571 0.014764 0.018571
0 0.546752 0.505714 0.020669 0.037143
