0 0.841365 0.769072 0.028112 0.012371
0 0.263052 0.113402 0.012048 0.016495
0 0.942771 0.176289 0.030120 0.059794
0 0.052209 0.695876 0.020080 0.039175
0 0.033133 0.541237 0.014056 0.010309
0 0.123494 0.349485 0.046185 0.035052
0 0.404618 0.114433 0.066265 0.030928
0 0.673695 0.489691 0.046185 0.026804
0 0.851406 0.417526 0.016064 0.043299
0 0.511044 0.834021 0.054217 0.039175
0 0.454819 0.894845 0.006024 0.012371
0 0.505020 0.577320 0.078313 0.028866
0 0.591365 0.294845 0.006024 0.012371
0 0.564257 0.655670 0.008032 0.020619
0 0.200803 0.823711 0.008032 0.010309
0 0.014056 0.789691 0.024096 0.028866
0 0.233936 0.053608 0.006024 0.012371
0 0.507028 0.523711 0.010040 0.008247
0 0.768072 0.747423 0.038153 0.055670
0 0.604418 0.315464 0.036145 0.024742
0 0.856426 0.264948 0.054217 0.022680
0 0.641566 0.917526 0.050201 0.045361
0 0.427711 0.153608 0.048193 0.018557
0 0.131526 0.730928 0.054217 0.039175
0 0.634538 0.223711 0.012048 0.010309
0 0.193775 0.488660 0.042169 0.049485
0 0.298193 0.080412 0.010040 0.008247
0 0.926707 0.483505 0.050201 0.043299
0 0.256024 0.201031 0.010040 0.014433
0 0.722892 0.697938 0.056225 0.039175
0 0.338353 0.831959 0.030120 0.055670
0 0.426707 0.87732 0.0381526 0.0804124
