0 0.347266 0.507639 0.008594 0.015278
0 0.611719 0.309028 0.004687 0.009722
0 0.698438 0.605556 0.023438 0.025000
0 0.111719 0.527083 0.010937 0.037500
0 0.470703 0.770833 0.028906 0.019444
0 0.280078 0.729861 0.016406 0.026389
0 0.066797 0.079167 0.002344 0.008333
0 0.372656 0.675694 0.007812 0.026389
0 0.751172 0.239583 0.005469 0.012500
0 0.022656 0.984028 0.015625 0.009722
0 0.703125 0.275000 0.026562 0.022222
0 0.925000 0.665278 0.003125 0.016667
0 0.828906 0.630556 0.014063 0.038889
0 0.408984 0.553472 0.003906 0.006944
0 0.291797 0.702083 0.017969 0.020833
0 0.845313 0.233333 0.015625 0.019444
0 0.160547 0.261806 0.011719 0.020833
0 0.996484 0.441667 0.002344 0.008333
0 0.014063 0.815278 0.006250 0.025000
0 0.004297 0.536111 0.003906 0.005556
0 0.044922 0.939583 0.008594 0.023611
0 0.594141 0.459722 0.003906 0.005556
0 0.907031 0.284722 0.014063 0.041667
0 0.330078 0.833333 0.005469 0.019444
0 0.239453 0.585417 0.021094 0.026389
0 0.058984 0.182639 0.005469 0.004167
0 0.492578 0.248611 0.003906 0.008333
0 0.277734 0.232639 0.024219 0.023611
0 0.009375 0.965972 0.009375 0.026389
0 0.718359 0.165972 0.010156 0.018056
0 0.841406 0.306944 0.009375 0.036111
0 0.332813 0.220139 0.006250 0.004167
0 0.079687 0.592361 0.006250 0.023611
0 0.289453 0.353472 0.019531 0.029167
0 0.429688 0.897222 0.023438 0.025000
0 0.853125 0.366667 0.010937 0.033333
0 0.042969 0.552083 0.017188 0.029167
0 0.749609 0.204861 0.019531 0.029167
0 0.546875 0.389583 0.003125 0.006944
0 0.114453 0.478472 0.003906 0.009722
0 0.195312 0.472917 0.015625 0.037500
0 0.912109 0.789583 0.007031 0.023611
0 0.916016 0.712500 0.021094 0.027778
0 0.745703 0.404167 0.007031 0.027778
0 0.804297 0.356944 0.002344 0.008333
0 0.587891 0.222222 0.017969 0.030556
