0 0.767606 0.069792 0.035211 0.035417
0 0.562207 0.220833 0.007042 0.012500
0 0.235915 0.660417 0.004695 0.012500
0 0.808099 0.953125 0.015258 0.027083
0 0.689554 0.291667 0.015258 0.041667
0 0.316901 0.225000 0.016432 0.037500
0 0.249413 0.475000 0.003521 0.012500
0 0.365023 0.883333 0.009390 0.012500
0 0.461268 0.822917 0.002347 0.008333
0 0.643192 0.465625 0.014085 0.035417
0 0.293427 0.729167 0.011737 0.020833
0 0.877934 0.093750 0.025822 0.045833
0 0.336268 0.771875 0.005869 0.014583
0 0.208333 0.296875 0.008216 0.018750
0 0.419601 0.489583 0.003521 0.008333
0 0.808685 0.893750 0.004695 0.016667
0 0.819836 0.468750 0.008216 0.020833
0 0.668427 0.696875 0.008216 0.027083
0 0.447183 0.895833 0.002347 0.012500
0 0.399061 0.214583 0.011737 0.041667
