0 0.050000 0.493750 0.041667 0.054167
0 0.868750 0.556250 0.020833 0.029167
0 0.233333 0.852083 0.075000 0.054167
0 0.135417 0.258333 0.012500 0.033333
0 0.147917 0.054167 0.045833 0.075000
0 0.554167 0.318750 0.025000 0.029167
0 0.277083 0.520833 0.112500 0.058333
0 0.795833 0.112500 0.066667 0.108333
0 0.485417 0.941667 0.095833 0.091667
0 0.764583 0.200000 0.012500 0.033333
0 0.677083 0.600000 0.037500 0.091667
0 0.060417 0.860417 0.087500 0.104167
0 0.604167 0.218750 0.033333 0.070833
0 0.583333 0.393750 0.041667 0.054167
0 0.952083 0.597917 0.029167 0.054167
0 0.208333 0.402083 0.041667 0.037500
0 0.170833 0.475000 0.091667 0.083333
0 0.087500 0.156250 0.083333 0.112500
0 0.302083 0.812500 0.012500 0.025000
0 0.718750 0.777083 0.129167 0.062500
0 0.735417 0.197917 0.037500 0.045833
0 0.097917 0.304167 0.012500 0.033333
0 0.943750 0.470833 0.070833 0.125000
0 0.933333 0.285417 0.025000 0.062500
0 0.402083 0.350000 0.012500 0.025000
0 0.750000 0.068750 0.016667 0.020833
0 0.325000 0.939583 0.091667 0.104167
0 0.018750 0.470833 0.012500 0.025000
0 0.404167 0.927083 0.050000 0.054167
0 0.010417 0.383333 0.012500 0.025000
0 0.722917 0.277083 0.020833 0.045833
0 0.812500 0.518750 0.083333 0.112500
0 0.793750 0.241667 0.037500 0.100000
0 0.431250 0.856250 0.037500 0.029167
0 0.314583 0.625000 0.037500 0.066667
0 0.089583 0.566667 0.154167 0.058333
0 0.797917 0.172917 0.029167 0.029167
