0 0.017350 0.287855 0.025237 0.045741
0 0.235804 0.417192 0.042587 0.029968
0 0.292587 0.487382 0.004732 0.018927
0 0.868297 0.348580 0.014196 0.006309
0 0.864353 0.791798 0.018927 0.018927
0 0.265773 0.582019 0.039432 0.031546
0 0.519716 0.419558 0.014196 0.025237
0 0.201104 0.479495 0.014196 0.009464
0 0.417981 0.365142 0.025237 0.011041
0 0.420347 0.868297 0.029968 0.023659
0 0.608044 0.275237 0.014196 0.011041
0 0.062303 0.898265 0.020505 0.014196
0 0.914038 0.754732 0.017350 0.007886
0 0.239748 0.386435 0.047319 0.028391
0 0.163249 0.177445 0.017350 0.045741
0 0.848580 0.206625 0.012618 0.015773
0 0.040221 0.719243 0.007886 0.006309
0 0.512618 0.663249 0.006309 0.007886
0 0.925079 0.370662 0.004732 0.009464
0 0.059148 0.645899 0.007886 0.007886
0 0.042587 0.052839 0.031546 0.042587
0 0.227918 0.021293 0.048896 0.026814
0 0.951893 0.567823 0.023659 0.050473
0 0.571767 0.319401 0.014196 0.026814
0 0.678233 0.247634 0.050473 0.025237
0 0.612776 0.926656 0.020505 0.045741
0 0.927445 0.635647 0.006309 0.025237
0 0.272871 0.892744 0.044164 0.028391
0 0.141956 0.816246 0.047319 0.023659
0 0.291009 0.827287 0.048896 0.026814
0 0.493691 0.662461 0.006309 0.009464
0 0.085174 0.729495 0.050473 0.026814
0 0.630126 0.493691 0.017350 0.009464
0 0.339117 0.550473 0.012618 0.034700
0 0.827287 0.442429 0.039432 0.033123
0 0.120662 0.772082 0.004732 0.011041
