0 0.272583 0.171759 0.003170 0.004630
0 0.286846 0.060648 0.003170 0.004630
0 0.437797 0.691667 0.008716 0.011111
0 0.138273 0.057870 0.018225 0.010185
0 0.528922 0.500926 0.002377 0.005556
0 0.332409 0.875463 0.002377 0.006481
0 0.261886 0.625000 0.011886 0.020370
0 0.519810 0.168056 0.007924 0.012037
0 0.482171 0.990278 0.007132 0.012037
0 0.829239 0.875000 0.015055 0.025926
0 0.884707 0.578704 0.002377 0.005556
0 0.580824 0.935185 0.007924 0.014815
0 0.882726 0.613426 0.003170 0.010185
0 0.801506 0.670370 0.003962 0.005556
0 0.160063 0.856944 0.014263 0.025000
0 0.152932 0.827315 0.020602 0.019444
0 0.831220 0.218981 0.011094 0.012037
0 0.091125 0.369907 0.003170 0.004630
0 0.956022 0.869444 0.016640 0.024074
0 0.985737 0.898611 0.015848 0.015741
0 0.559033 0.943981 0.003962 0.015741
0 0.626387 0.467593 0.002377 0.005556
0 0.132330 0.687500 0.026941 0.013889
0 0.778526 0.089352 0.003962 0.004630
0 0.470285 0.925000 0.005547 0.012963
0 0.826070 0.495370 0.018225 0.018519
0 0.772979 0.992593 0.003962 0.003704
0 0.970681 0.009259 0.007924 0.016667
0 0.218700 0.415741 0.003170 0.007407
0 0.847464 0.091667 0.003962 0.007407
0 0.135895 0.818056 0.011886 0.032407
0 0.604596 0.958796 0.004754 0.017593
0 0.551506 0.587963 0.006339 0.014815
0 0.778922 0.138426 0.022187 0.006481
0 0.27496 0.800926 0.00950872 0.0203704
0 0.276149 0.816204 0.0103011 0.0268519
0 0.288035 0.826852 0.0103011 0.0240741
