0 0.681481 0.692164 0.022222 0.018657
0 0.200000 0.712687 0.022222 0.014925
0 0.050000 0.222015 0.070370 0.085821
0 0.657407 0.652985 0.040741 0.044776
0 0.855556 0.626866 0.044444 0.156716
0 0.601852 0.132463 0.070370 0.085821
0 0.650000 0.410448 0.011111 0.022388
0 0.868519 0.223881 0.011111 0.029851
0 0.566667 0.055970 0.103704 0.059701
0 0.653704 0.339552 0.151852 0.037313
0 0.044444 0.365672 0.074074 0.044776
0 0.444444 0.029851 0.125926 0.059701
0 0.162963 0.095149 0.014815 0.033582
0 0.625926 0.837687 0.051852 0.048507
0 0.770370 0.740672 0.044444 0.093284
0 0.305556 0.123134 0.011111 0.029851
0 0.566667 0.847015 0.059259 0.074627
0 0.362963 0.591418 0.014815 0.018657
0 0.281481 0.958955 0.118519 0.059701
0 0.364815 0.033582 0.025926 0.067164
0 0.553704 0.750000 0.033333 0.044776
0 0.483333 0.891791 0.011111 0.022388
0 0.690741 0.294776 0.062963 0.044776
0 0.566667 0.343284 0.014815 0.037313
0 0.098148 0.712687 0.114815 0.059701
0 0.579630 0.488806 0.085185 0.082090
0 0.833333 0.083955 0.029630 0.055970
0 0.511111 0.576493 0.103704 0.070896
0 0.846296 0.533582 0.011111 0.022388
0 0.935185 0.111940 0.033333 0.007463
0 0.072222 0.447761 0.025926 0.014925
0 0.161111 0.809701 0.070370 0.029851
0 0.792593 0.500000 0.066667 0.111940
0 0.338889 0.895522 0.100000 0.059701
0 0.890741 0.375000 0.048148 0.138060
0 0.324074 0.397388 0.077778 0.070896
0 0.729630 0.123134 0.074074 0.037313
0 0.916667 0.287313 0.011111 0.029851
0 0.501852 0.626866 0.011111 0.022388
0 0.409259 0.037313 0.025926 0.074627
