0 0.835417 0.625000 0.012500 0.041667
0 0.154167 0.641667 0.083333 0.091667
0 0.656250 0.506250 0.054167 0.145833
0 0.606250 0.866667 0.070833 0.033333
0 0.500000 0.306250 0.016667 0.020833
0 0.637500 0.397917 0.025000 0.029167
0 0.966667 0.522917 0.058333 0.145833
0 0.614583 0.339583 0.120833 0.070833
0 0.033333 0.458333 0.016667 0.033333
0 0.512500 0.395833 0.016667 0.025000
0 0.800000 0.200000 0.041667 0.033333
0 0.031250 0.304167 0.012500 0.025000
0 0.891667 0.743750 0.133333 0.070833
0 0.670833 0.270833 0.025000 0.058333
0 0.406250 0.343750 0.137500 0.062500
0 0.122917 0.902083 0.029167 0.070833
0 0.150000 0.541667 0.091667 0.091667
0 0.897917 0.906250 0.020833 0.029167
0 0.075000 0.293750 0.016667 0.020833
0 0.522917 0.333333 0.012500 0.033333
0 0.297917 0.143750 0.020833 0.020833
0 0.814583 0.837500 0.037500 0.041667
0 0.895833 0.595833 0.025000 0.041667
0 0.572917 0.010417 0.020833 0.020833
0 0.552083 0.870833 0.029167 0.075000
0 0.308333 0.268750 0.058333 0.079167
0 0.218750 0.777083 0.120833 0.070833
0 0.958333 0.327083 0.050000 0.070833
0 0.052083 0.504167 0.095833 0.050000
0 0.239583 0.206250 0.062500 0.137500
0 0.925000 0.541667 0.016667 0.041667
