0 0.812500 0.251136 0.038636 0.029545
0 0.602273 0.879545 0.059091 0.045455
0 0.680682 0.375000 0.006818 0.013636
0 0.304545 0.537500 0.040909 0.029545
0 0.909091 0.740909 0.031818 0.050000
0 0.123864 0.925000 0.025000 0.022727
0 0.955682 0.681818 0.020455 0.040909
0 0.371591 0.223864 0.034091 0.029545
0 0.373864 0.075000 0.002273 0.009091
0 0.173864 0.767045 0.025000 0.052273
0 0.230682 0.373864 0.065909 0.038636
0 0.120455 0.534091 0.018182 0.004545
0 0.353409 0.586364 0.061364 0.040909
0 0.242045 0.185227 0.006818 0.015909
0 0.763636 0.127273 0.077273 0.031818
0 0.410227 0.302273 0.020455 0.036364
0 0.037500 0.665909 0.038636 0.045455
0 0.759091 0.443182 0.031818 0.009091
0 0.756818 0.084091 0.009091 0.018182
0 0.873864 0.043182 0.029545 0.027273
0 0.172727 0.539773 0.004545 0.011364
0 0.187500 0.353409 0.015909 0.011364
0 0.080682 0.382955 0.065909 0.020455
0 0.118182 0.155682 0.009091 0.025000
0 0.896591 0.582955 0.061364 0.043182
0 0.067045 0.205682 0.002273 0.002273
0 0.563636 0.296591 0.004545 0.006818
