0 0.336842 0.120865 0.084211 0.043257
0 0.640789 0.179389 0.028947 0.094148
0 0.622368 0.890585 0.039474 0.055980
0 0.867105 0.372774 0.013158 0.017812
0 0.734211 0.049618 0.052632 0.063613
0 0.975000 0.296438 0.013158 0.017812
0 0.098684 0.016539 0.050000 0.022901
0 0.509211 0.148855 0.039474 0.027990
0 0.930263 0.753181 0.013158 0.040712
0 0.225000 0.351145 0.071053 0.050891
0 0.805263 0.924936 0.021053 0.033079
0 0.855263 0.762087 0.078947 0.043257
0 0.022368 0.703562 0.034211 0.073791
0 0.276316 0.324427 0.015789 0.007634
0 0.585526 0.175573 0.065789 0.055980
0 0.607895 0.094148 0.047368 0.055980
0 0.557895 0.108142 0.047368 0.073791
0 0.432895 0.022901 0.013158 0.015267
0 0.393421 0.717557 0.018421 0.045802
0 0.698684 0.877863 0.007895 0.015267
0 0.201316 0.201018 0.007895 0.020356
0 0.539474 0.047074 0.036842 0.043257
0 0.589474 0.039440 0.052632 0.048346
0 0.813158 0.114504 0.010526 0.020356
0 0.357895 0.852417 0.021053 0.035623
0 0.709211 0.217557 0.023684 0.022901
0 0.102632 0.372774 0.015789 0.017812
0 0.178947 0.391858 0.010526 0.015267
0 0.442105 0.389313 0.015789 0.015267
0 0.477632 0.516539 0.018421 0.035623
0 0.594737 0.795165 0.063158 0.038168
0 0.878947 0.927481 0.031579 0.027990
0 0.247368 0.229008 0.031579 0.055980
0 0.196053 0.674300 0.055263 0.030534
0 0.635526 0.054707 0.023684 0.012723
