0 0.455679 0.085938 0.027701 0.032986
0 0.968144 0.273438 0.030471 0.039931
0 0.736150 0.386285 0.012465 0.008681
0 0.930748 0.431424 0.019391 0.026042
0 0.465374 0.593750 0.011080 0.024306
0 0.026316 0.955729 0.027701 0.032986
0 0.153047 0.594618 0.009695 0.015625
0 0.323407 0.787326 0.012465 0.036458
0 0.311634 0.251736 0.011080 0.020833
0 0.521468 0.420139 0.009695 0.024306
0 0.788089 0.323785 0.005540 0.008681
0 0.740997 0.538194 0.041551 0.031250
0 0.736150 0.591146 0.040166 0.029514
0 0.817175 0.071181 0.005540 0.010417
0 0.171745 0.203993 0.005540 0.008681
0 0.624654 0.720486 0.008310 0.013889
0 0.714681 0.513021 0.011080 0.015625
0 0.052632 0.788194 0.041551 0.031250
0 0.544321 0.187500 0.044321 0.027778
0 0.006233 0.437500 0.004155 0.010417
0 0.115651 0.620660 0.018006 0.032986
0 0.427285 0.705729 0.004155 0.012153
0 0.761080 0.730035 0.004155 0.012153
0 0.961911 0.437500 0.040166 0.031250
0 0.272161 0.895833 0.015235 0.024306
0 0.358033 0.608507 0.018006 0.015625
0 0.028393 0.254340 0.026316 0.043403
0 0.049169 0.697917 0.004155 0.010417
0 0.798476 0.618924 0.015235 0.022569
0 0.391274 0.750000 0.004155 0.010417
0 0.972299 0.115451 0.030471 0.043403
0 0.472992 0.112847 0.004155 0.010417
0 0.182825 0.911458 0.033241 0.038194
0 0.817175 0.907986 0.016620 0.055556
0 0.089335 0.958333 0.004155 0.013889
0 0.017313 0.456597 0.020776 0.020833
