0 0.250000 0.718750 0.050000 0.129167
0 0.527083 0.179167 0.104167 0.083333
0 0.852083 0.227083 0.037500 0.029167
0 0.206250 0.672917 0.029167 0.054167
0 0.097917 0.906250 0.029167 0.062500
0 0.347917 0.795833 0.029167 0.016667
0 0.083333 0.435417 0.025000 0.012500
0 0.122917 0.008333 0.004167 0.016667
0 0.143750 0.420833 0.004167 0.008333
0 0.450000 0.181250 0.041667 0.020833
0 0.945833 0.750000 0.008333 0.008333
0 0.960417 0.331250 0.020833 0.020833
0 0.785417 0.670833 0.029167 0.033333
0 0.214583 0.218750 0.020833 0.037500
0 0.933333 0.475000 0.041667 0.058333
0 0.793750 0.487500 0.129167 0.066667
0 0.464583 0.137500 0.012500 0.025000
0 0.512500 0.091667 0.100000 0.058333
0 0.779167 0.552083 0.008333 0.012500
0 0.675000 0.214583 0.008333 0.037500
0 0.647917 0.591667 0.129167 0.041667
0 0.779167 0.710417 0.041667 0.020833
0 0.835417 0.629167 0.120833 0.025000
0 0.533333 0.752083 0.041667 0.062500
0 0.593750 0.658333 0.054167 0.058333
0 0.114583 0.300000 0.029167 0.025000
0 0.772917 0.437500 0.012500 0.025000
0 0.989583 0.091667 0.020833 0.033333
0 0.975000 0.545833 0.008333 0.016667
0 0.395833 0.531250 0.075000 0.112500
0 0.470833 0.681250 0.016667 0.012500
0 0.316667 0.906250 0.100000 0.087500
0 0.631250 0.175000 0.079167 0.033333
0 0.181250 0.118750 0.029167 0.054167
