0 0.388235 0.723529 0.047059 0.113725
0 0.798039 0.415686 0.090196 0.086275
0 0.858824 0.115686 0.015686 0.035294
0 0.543137 0.870588 0.011765 0.023529
0 0.182353 0.347059 0.011765 0.027451
0 0.796078 0.727451 0.054902 0.090196
0 0.347059 0.668627 0.027451 0.074510
0 0.566667 0.652941 0.035294 0.082353
0 0.384314 0.374510 0.031373 0.074510
0 0.072549 0.431373 0.019608 0.023529
0 0.121569 0.949020 0.094118 0.086275
0 0.570588 0.833333 0.019608 0.019608
0 0.860784 0.068627 0.050980 0.050980
0 0.576471 0.529412 0.031373 0.054902
0 0.270588 0.533333 0.101961 0.078431
0 0.482353 0.678431 0.125490 0.062745
0 0.884314 0.386275 0.035294 0.058824
0 0.166667 0.723529 0.011765 0.027451
0 0.923529 0.403922 0.019608 0.062745
0 0.396078 0.098039 0.054902 0.054902
0 0.558824 0.268627 0.082353 0.090196
0 0.352941 0.923529 0.039216 0.050980
0 0.660784 0.909804 0.027451 0.070588
0 0.460784 0.200000 0.011765 0.031373
0 0.600000 0.884314 0.086275 0.090196
0 0.052941 0.201961 0.027451 0.019608
0 0.521569 0.833333 0.023529 0.066667
0 0.166667 0.154902 0.035294 0.027451
0 0.472549 0.835294 0.066667 0.117647
0 0.627451 0.398039 0.094118 0.050980
