0 0.408696 0.493478 0.052174 0.195652
0 0.156522 0.652174 0.017391 0.034783
0 0.691304 0.613043 0.078261 0.121739
0 0.463043 0.128261 0.013043 0.030435
0 0.695652 0.508696 0.130435 0.078261
0 0.263043 0.054348 0.108696 0.091304
0 0.697826 0.717391 0.152174 0.060870
0 0.510870 0.847826 0.108696 0.060870
0 0.565217 0.208696 0.121739 0.078261
0 0.060870 0.586957 0.043478 0.156522
0 0.323913 0.434783 0.082609 0.121739
0 0.417391 0.897826 0.060870 0.117391
0 0.865217 0.084783 0.069565 0.117391
0 0.756522 0.056522 0.130435 0.078261
0 0.954348 0.282609 0.021739 0.052174
0 0.254348 0.486957 0.047826 0.086957
0 0.200000 0.260870 0.104348 0.078261
0 0.830435 0.932609 0.052174 0.065217
0 0.163043 0.560870 0.021739 0.026087
0 0.434783 0.793478 0.017391 0.021739
0 0.193478 0.008696 0.021739 0.017391
0 0.106522 0.147826 0.091304 0.113043
0 0.408696 0.691304 0.069565 0.060870
0 0.821739 0.654348 0.086957 0.100000
0 0.926087 0.426087 0.026087 0.017391
0 0.341304 0.863043 0.030435 0.073913
0 0.339130 0.341304 0.052174 0.047826
0 0.421739 0.202174 0.086957 0.091304
0 0.206522 0.513043 0.030435 0.069565
0 0.767391 0.604348 0.013043 0.026087
0 0.278261 0.313043 0.060870 0.060870
0 0.691304 0.947826 0.052174 0.060870
0 0.604348 0.430435 0.026087 0.078261
0 0.704348 0.376087 0.034783 0.056522
0 0.691304 0.860870 0.026087 0.052174
