0 0.562500 0.505277 0.071809 0.050132
0 0.676862 0.273087 0.055851 0.065963
0 0.671543 0.427441 0.039894 0.089710
0 0.771277 0.624011 0.021277 0.034301
0 0.089096 0.920844 0.071809 0.047493
0 0.166223 0.229551 0.029255 0.068602
0 0.449468 0.291557 0.021277 0.023747
0 0.567819 0.279683 0.018617 0.021108
0 0.118351 0.617414 0.007979 0.015831
0 0.038564 0.100264 0.018617 0.015831
0 0.732713 0.050132 0.013298 0.010554
0 0.756649 0.108179 0.013298 0.026385
0 0.317819 0.594987 0.013298 0.018470
0 0.462766 0.968338 0.026596 0.042216
0 0.630319 0.439314 0.037234 0.081794
0 0.261968 0.856201 0.007979 0.018470
0 0.482713 0.501319 0.071809 0.052770
0 0.038564 0.405013 0.007979 0.018470
0 0.170213 0.150396 0.090426 0.026385
0 0.889628 0.941953 0.007979 0.015831
0 0.833777 0.126649 0.013298 0.026385
0 0.301862 0.986807 0.007979 0.015831
0 0.938830 0.477573 0.037234 0.031662
0 0.859043 0.961741 0.015957 0.013193
0 0.765957 0.569921 0.037234 0.068602
0 0.583777 0.448549 0.050532 0.031662
0 0.533245 0.948549 0.018617 0.018470
0 0.668883 0.622691 0.029255 0.031662
0 0.840426 0.353562 0.090426 0.042216
0 0.835106 0.308707 0.010638 0.031662
0 0.093085 0.225594 0.021277 0.007916
0 0.651596 0.216359 0.095745 0.036939
0 0.788564 0.029024 0.034574 0.015831
0 0.085106 0.754617 0.037234 0.094987
0 0.884309 0.467018 0.066489 0.052770
0 0.147606 0.846966 0.007979 0.015831
0 0.718085 0.696570 0.058511 0.031662
0 0.707447 0.507916 0.074468 0.050132
0 0.941489 0.163588 0.074468 0.047493
0 0.397606 0.807388 0.018617 0.073879
0 0.941489 0.060686 0.042553 0.058047
0 0.558511 0.841689 0.047872 0.079156
0 0.376330 0.850923 0.018617 0.029024
0 0.348404 0.238786 0.058511 0.060686
0 0.518617 0.160950 0.010638 0.015831
0 0.543883 0.722955 0.071809 0.052770
0 0.312500 0.340369 0.007979 0.015831
0 0.795213 0.283641 0.005319 0.023747
0 0.550532 0.431398 0.010638 0.013193
0 0.030585 0.052770 0.055851 0.068602
