0 0.256667 0.154878 0.068889 0.041463
0 0.047778 0.559756 0.051111 0.007317
0 0.343333 0.686585 0.020000 0.026829
0 0.352222 0.780488 0.055556 0.043902
0 0.165556 0.832927 0.015556 0.012195
0 0.687778 0.703659 0.037778 0.021951
0 0.840000 0.732927 0.004444 0.012195
0 0.371111 0.830488 0.053333 0.051220
0 0.591111 0.306098 0.026667 0.031707
0 0.821111 0.368293 0.051111 0.034146
0 0.663333 0.804878 0.020000 0.024390
0 0.764444 0.659756 0.062222 0.041463
0 0.397778 0.196341 0.004444 0.017073
0 0.196667 0.698780 0.055556 0.051220
0 0.801111 0.778049 0.006667 0.009756
0 0.614444 0.770732 0.015556 0.014634
0 0.742222 0.115854 0.004444 0.012195
0 0.644444 0.868293 0.048889 0.048780
0 0.706667 0.373171 0.026667 0.048780
0 0.906667 0.303659 0.048889 0.056098
0 0.841111 0.171951 0.006667 0.007317
0 0.280000 0.517073 0.008889 0.014634
0 0.626667 0.813415 0.035556 0.056098
0 0.645556 0.528049 0.028889 0.041463
0 0.556667 0.265854 0.042222 0.043902
0 0.521111 0.085366 0.011111 0.029268
0 0.784444 0.450000 0.031111 0.041463
0 0.103333 0.956098 0.028889 0.029268
0 0.917778 0.348780 0.008889 0.019512
0 0.351111 0.895122 0.013333 0.014634
