0 0.670400 0.511824 0.009600 0.030405
0 0.084800 0.008446 0.006400 0.013514
0 0.660800 0.322635 0.035200 0.040541
0 0.768000 0.603885 0.006400 0.008446
0 0.824000 0.875000 0.022400 0.010135
0 0.616800 0.434122 0.017600 0.027027
0 0.427200 0.922297 0.025600 0.033784
0 0.136000 0.690034 0.044800 0.032095
0 0.072000 0.796453 0.009600 0.025338
0 0.942400 0.970439 0.006400 0.008446
0 0.976000 0.602196 0.006400 0.011824
0 0.572000 0.641047 0.014400 0.032095
0 0.418400 0.301520 0.008000 0.025338
0 0.848000 0.097128 0.028800 0.021959
0 0.185600 0.033784 0.006400 0.013514
0 0.952800 0.054899 0.011200 0.005068
0 0.266400 0.489865 0.024000 0.006757
0 0.900800 0.548142 0.012800 0.015203
0 0.061600 0.523649 0.011200 0.013514
0 0.292800 0.075169 0.006400 0.015203
0 0.748000 0.172297 0.008000 0.020270
0 0.704800 0.177365 0.017600 0.040541
0 0.608000 0.891892 0.016000 0.033784
0 0.557600 0.624155 0.011200 0.021959
0 0.271200 0.748311 0.040000 0.020270
0 0.464800 0.075169 0.030400 0.045608
0 0.101600 0.414696 0.020800 0.015203
0 0.811200 0.788007 0.016000 0.018581
0 0.965600 0.048142 0.008000 0.008446
0 0.423200 0.859797 0.033600 0.043919
0 0.829600 0.538851 0.008000 0.006757
0 0.802400 0.399493 0.004800 0.015203
0 0.464800 0.403716 0.008000 0.016892
0 0.802400 0.026182 0.030400 0.045608
0 0.815200 0.163851 0.008000 0.010135
0 0.147200 0.607264 0.028800 0.038851
0 0.785600 0.201858 0.041600 0.035473
0 0.085600 0.957770 0.004800 0.010135
