0 0.392283 0.704044 0.038585 0.069853
0 0.284566 0.255515 0.061093 0.055147
0 0.612540 0.303309 0.048232 0.069853
0 0.967846 0.042279 0.025723 0.018382
0 0.630225 0.071691 0.032154 0.047794
0 0.255627 0.523897 0.022508 0.018382
0 0.869775 0.498162 0.009646 0.011029
0 0.874598 0.693015 0.006431 0.018382
0 0.591640 0.593750 0.006431 0.018382
0 0.331190 0.762868 0.006431 0.018382
0 0.022508 0.718750 0.038585 0.040441
0 0.773312 0.665441 0.061093 0.102941
0 0.623794 0.560662 0.012862 0.018382
0 0.982315 0.626838 0.028939 0.033088
0 0.413183 0.801471 0.093248 0.044118
0 0.934084 0.948529 0.028939 0.014706
0 0.286174 0.422794 0.012862 0.014706
0 0.561093 0.082721 0.028939 0.069853
0 0.930868 0.704044 0.048232 0.084559
0 0.805466 0.222426 0.009646 0.011029
0 0.622186 0.580882 0.016077 0.014706
0 0.316720 0.893382 0.022508 0.007353
0 0.927653 0.042279 0.009646 0.033088
0 0.339228 0.810662 0.041801 0.040441
0 0.831190 0.814338 0.080386 0.055147
