0 0.710101 0.802105 0.018182 0.046316
0 0.166667 0.486316 0.010101 0.008421
0 0.264646 0.052632 0.016162 0.021053
0 0.064646 0.506316 0.016162 0.044211
0 0.338384 0.335789 0.062626 0.035789
0 0.364646 0.670526 0.010101 0.010526
0 0.931313 0.857895 0.004040 0.018947
0 0.896970 0.837895 0.060606 0.037895
0 0.296970 0.041053 0.016162 0.018947
0 0.167677 0.328421 0.012121 0.016842
0 0.645455 0.187368 0.030303 0.021053
0 0.334343 0.886316 0.006061 0.012632
0 0.501010 0.187368 0.008081 0.016842
0 0.561616 0.629474 0.048485 0.046316
0 0.493939 0.929474 0.018182 0.061053
0 0.940404 0.969474 0.006061 0.014737
0 0.285859 0.287368 0.042424 0.048421
0 0.647475 0.454737 0.038384 0.058947
0 0.418182 0.947368 0.016162 0.021053
0 0.980808 0.361053 0.034343 0.048421
0 0.257576 0.140000 0.050505 0.044211
0 0.051515 0.291579 0.026263 0.023158
0 0.762626 0.628421 0.038384 0.056842
0 0.741414 0.161053 0.024242 0.056842
0 0.658586 0.848421 0.056566 0.037895
0 0.223232 0.684211 0.010101 0.008421
0 0.595960 0.857895 0.064646 0.035789
0 0.378788 0.386316 0.014141 0.040000
0 0.582828 0.155789 0.018182 0.029474
0 0.420202 0.548421 0.036364 0.052632
0 0.754545 0.266316 0.014141 0.014737
0 0.087879 0.707368 0.006061 0.012632
0 0.159596 0.421053 0.060606 0.037895
0 0.878788 0.938947 0.012121 0.008421
0 0.475758 0.541053 0.010101 0.016842
0 0.473737 0.672632 0.026263 0.035789
0 0.217172 0.204211 0.050505 0.042105
0 0.155556 0.057895 0.032323 0.044211
0 0.856566 0.992632 0.008081 0.010526
