0 0.268293 0.874113 0.090592 0.074468
0 0.912892 0.625887 0.048780 0.067376
0 0.418118 0.127660 0.069686 0.028369
0 0.376307 0.214539 0.069686 0.095745
0 0.578397 0.592199 0.013937 0.028369
0 0.209059 0.303191 0.055749 0.117021
0 0.168990 0.322695 0.017422 0.035461
0 0.642857 0.698582 0.010453 0.021277
0 0.864111 0.372340 0.013937 0.035461
0 0.264808 0.606383 0.048780 0.070922
0 0.524390 0.920213 0.059233 0.095745
0 0.656794 0.602837 0.101045 0.063830
0 0.538328 0.106383 0.024390 0.021277
0 0.214286 0.578014 0.045296 0.028369
0 0.524390 0.046099 0.087108 0.078014
0 0.935540 0.078014 0.010453 0.021277
0 0.351916 0.659574 0.020906 0.028369
0 0.632404 0.524823 0.087108 0.078014
0 0.939024 0.287234 0.059233 0.113475
0 0.836237 0.503546 0.097561 0.035461
0 0.191638 0.787234 0.062718 0.070922
0 0.989547 0.945035 0.013937 0.031915
0 0.757840 0.624113 0.010453 0.021277
0 0.670732 0.248227 0.031359 0.035461
0 0.864111 0.202128 0.090592 0.049645
0 0.625436 0.469858 0.017422 0.024823
0 0.749129 0.702128 0.097561 0.063830
0 0.167247 0.448582 0.027875 0.017730
0 0.461672 0.489362 0.010453 0.021277
0 0.543554 0.625887 0.041812 0.074468
0 0.383275 0.088652 0.020906 0.042553
0 0.790941 0.351064 0.027875 0.021277
0 0.254355 0.198582 0.069686 0.078014
0 0.606272 0.078014 0.069686 0.042553
0 0.667247 0.304965 0.094077 0.070922
0 0.209059 0.551418 0.013937 0.017730
0 0.505226 0.629433 0.027875 0.053191
0 0.611498 0.776596 0.017422 0.014184
0 0.186411 0.732270 0.108014 0.031915
0 0.682927 0.237589 0.076655 0.049645
0 0.567944 0.228723 0.090592 0.067376
0 0.822300 0.563830 0.020906 0.028369
0 0.177700 0.702128 0.013937 0.021277
0 0.324042 0.420213 0.027875 0.031915
0 0.555749 0.446809 0.094077 0.070922
0 0.752613 0.239362 0.048780 0.131206
0 0.468641 0.595745 0.038328 0.035461
0 0.426829 0.750000 0.031359 0.039007
0 0.489547 0.773050 0.059233 0.063830
0 0.705575 0.494681 0.024390 0.046099
0 0.238676 0.074468 0.010453 0.021277
0 0.885017 0.962766 0.034843 0.024823
0 0.493031 0.209220 0.052265 0.035461
0 0.458188 0.457447 0.017422 0.014184
0 0.047038 0.769504 0.017422 0.021277
