0 0.686033 0.181250 0.001174 0.008333
0 0.580986 0.295833 0.016432 0.037500
0 0.968310 0.046875 0.023474 0.052083
0 0.269366 0.804167 0.001174 0.004167
0 0.206573 0.388542 0.009390 0.014583
0 0.061033 0.586458 0.011737 0.027083
0 0.741197 0.184375 0.005869 0.010417
0 0.511737 0.600000 0.023474 0.033333
0 0.366197 0.285417 0.018779 0.033333
0 0.614437 0.982292 0.017606 0.022917
0 0.353286 0.080208 0.018779 0.018750
0 0.818075 0.056250 0.007042 0.025000
0 0.223005 0.193750 0.035211 0.033333
0 0.910798 0.692708 0.002347 0.006250
0 0.320423 0.166667 0.009390 0.020833
0 0.910798 0.854167 0.042254 0.029167
0 0.177817 0.089583 0.012911 0.025000
0 0.056338 0.121875 0.002347 0.006250
0 0.941901 0.707292 0.005869 0.014583
0 0.659038 0.890625 0.001174 0.010417
0 0.563380 0.069792 0.009390 0.014583
0 0.703638 0.017708 0.019953 0.022917
0 0.546948 0.621875 0.002347 0.006250
0 0.528169 0.284375 0.004695 0.018750
0 0.353873 0.514583 0.012911 0.020833
0 0.103873 0.036458 0.010563 0.043750
0 0.914906 0.148958 0.031690 0.039583
0 0.299296 0.156250 0.002347 0.004167
0 0.657864 0.616667 0.003521 0.004167
0 0.170775 0.844792 0.024648 0.027083
0 0.018779 0.159375 0.004695 0.018750
0 0.985915 0.117708 0.018779 0.018750
0 0.860915 0.329167 0.005869 0.012500
0 0.021127 0.193750 0.025822 0.041667
