0 0.728261 0.919565 0.047826 0.091304
0 0.884783 0.065217 0.021739 0.017391
0 0.650000 0.567391 0.100000 0.091304
0 0.406522 0.928261 0.013043 0.030435
0 0.815217 0.247826 0.091304 0.113043
0 0.065217 0.697826 0.069565 0.108696
0 0.217391 0.189130 0.017391 0.021739
0 0.634783 0.091304 0.052174 0.052174
0 0.473913 0.471739 0.113043 0.091304
0 0.550000 0.384783 0.134783 0.073913
0 0.702174 0.491304 0.056522 0.052174
0 0.471739 0.284783 0.082609 0.117391
0 0.550000 0.326087 0.047826 0.034783
0 0.606522 0.215217 0.021739 0.030435
0 0.454348 0.880435 0.013043 0.039130
0 0.947826 0.867391 0.034783 0.065217
0 0.345652 0.941304 0.100000 0.091304
0 0.019565 0.623913 0.030435 0.030435
0 0.834783 0.939130 0.026087 0.026087
0 0.919565 0.708696 0.091304 0.043478
0 0.315217 0.441304 0.021739 0.039130
0 0.547826 0.265217 0.034783 0.043478
0 0.289130 0.017391 0.013043 0.026087
0 0.406522 0.595652 0.021739 0.017391
0 0.569565 0.228261 0.017391 0.021739
0 0.580435 0.154348 0.134783 0.073913
0 0.934783 0.156522 0.043478 0.095652
0 0.250000 0.756522 0.013043 0.026087
0 0.397826 0.702174 0.178261 0.056522
0 0.260870 0.852174 0.060870 0.139130
0 0.845652 0.613043 0.143478 0.069565
0 0.019565 0.073913 0.013043 0.026087
0 0.536957 0.843478 0.047826 0.060870
0 0.019565 0.730435 0.013043 0.026087
0 0.913043 0.328261 0.017391 0.021739
0 0.041304 0.513043 0.030435 0.069565
