0 0.311791 0.246154 0.061224 0.046154
0 0.317460 0.742308 0.072562 0.012821
0 0.184807 0.358974 0.092971 0.030769
0 0.770975 0.726923 0.058957 0.053846
0 0.575964 0.901282 0.045351 0.043590
0 0.663265 0.456410 0.015873 0.035897
0 0.617914 0.169231 0.015873 0.046154
0 0.856009 0.478205 0.038549 0.028205
0 0.092971 0.693590 0.072562 0.043590
0 0.708617 0.708974 0.038549 0.079487
0 0.056689 0.315385 0.049887 0.056410
0 0.187075 0.767949 0.006803 0.023077
0 0.158730 0.523077 0.031746 0.061538
0 0.452381 0.728205 0.011338 0.015385
0 0.840136 0.455128 0.011338 0.012821
0 0.862812 0.179487 0.011338 0.020513
0 0.124717 0.274359 0.063492 0.020513
0 0.238095 0.208974 0.036281 0.074359
0 0.927438 0.278205 0.018141 0.033333
0 0.512472 0.866667 0.077098 0.041026
0 0.116780 0.251282 0.034014 0.020513
0 0.411565 0.747436 0.024943 0.017949
0 0.569161 0.856410 0.018141 0.041026
0 0.215420 0.557692 0.072562 0.043590
0 0.392290 0.656410 0.108844 0.025641
0 0.452381 0.443590 0.061224 0.051282
0 0.028345 0.133333 0.047619 0.030769
0 0.064626 0.942308 0.015873 0.038462
0 0.614512 0.653846 0.027211 0.046154
0 0.092971 0.232051 0.009070 0.012821
0 0.969388 0.615385 0.038549 0.076923
0 0.477324 0.305128 0.006803 0.025641
0 0.700680 0.848718 0.036281 0.041026
0 0.514739 0.167949 0.036281 0.084615
0 0.843537 0.978205 0.013605 0.038462
0 0.244898 0.960256 0.049887 0.064103
0 0.631519 0.300000 0.006803 0.015385
0 0.989796 0.374359 0.006803 0.015385
0 0.274376 0.653846 0.068027 0.046154
