0 0.866516 0.581218 0.027149 0.035533
0 0.690045 0.497462 0.027149 0.040609
0 0.085973 0.135787 0.004525 0.012690
0 0.953620 0.469543 0.056561 0.055838
0 0.673077 0.422589 0.056561 0.038071
0 0.166290 0.562183 0.006787 0.012690
0 0.427602 0.821066 0.004525 0.012690
0 0.595023 0.752538 0.054299 0.043147
0 0.945701 0.607868 0.004525 0.012690
0 0.302036 0.181472 0.020362 0.038071
0 0.608597 0.016497 0.004525 0.012690
0 0.419683 0.602792 0.056561 0.053299
0 0.538462 0.444162 0.072398 0.040609
0 0.082579 0.204315 0.011312 0.017766
0 0.874434 0.300761 0.070136 0.043147
0 0.036199 0.430203 0.004525 0.012690
0 0.252262 0.579949 0.065611 0.043147
0 0.285068 0.489848 0.009050 0.010152
0 0.221719 0.378173 0.018100 0.040609
0 0.938914 0.684010 0.072398 0.043147
0 0.289593 0.871827 0.031674 0.038071
