0 0.153646 0.274306 0.013021 0.006944
0 0.766276 0.476852 0.032552 0.046296
0 0.099609 0.057870 0.035156 0.041667
0 0.317708 0.759259 0.028646 0.037037
0 0.533203 0.500000 0.006510 0.009259
0 0.349609 0.750000 0.006510 0.009259
0 0.877604 0.324074 0.031250 0.050926
0 0.729818 0.890046 0.003906 0.016204
0 0.944661 0.848380 0.014323 0.030093
0 0.930339 0.254630 0.022135 0.074074
0 0.088542 0.290509 0.033854 0.043981
0 0.376302 0.584491 0.005208 0.011574
0 0.352214 0.987269 0.027344 0.020833
0 0.975260 0.777778 0.007812 0.027778
0 0.883464 0.504630 0.042969 0.037037
0 0.684896 0.665509 0.002604 0.020833
0 0.768229 0.685185 0.005208 0.013889
0 0.750000 0.344907 0.007812 0.032407
0 0.837891 0.216435 0.019531 0.030093
0 0.965495 0.796296 0.003906 0.013889
0 0.582031 0.496528 0.013021 0.011574
0 0.856771 0.478009 0.010417 0.011574
0 0.863932 0.451389 0.003906 0.018519
0 0.432943 0.519676 0.009115 0.030093
0 0.068359 0.600694 0.019531 0.016204
0 0.613281 0.626157 0.020833 0.039352
0 0.220052 0.158565 0.028646 0.057870
0 0.227214 0.840278 0.019531 0.023148
0 0.823568 0.116898 0.022135 0.020833
0 0.481120 0.770833 0.022135 0.055556
0 0.322917 0.726852 0.007812 0.023148
0 0.015625 0.871528 0.015625 0.085648
0 0.954427 0.887731 0.005208 0.011574
0 0.498698 0.833333 0.039062 0.041667
0 0.140625 0.862269 0.010417 0.043981
0 0.078125 0.489583 0.044271 0.034722
0 0.848307 0.744213 0.003906 0.016204
0 0.983724 0.912037 0.006510 0.018519
0 0.946615 0.423611 0.0182292 0.0324074
0 0.818359 0.267361 0.0143229 0.0300926
