0 0.572770 0.788542 0.037559 0.035417
0 0.451291 0.838542 0.008216 0.027083
0 0.338615 0.108333 0.003521 0.012500
0 0.781690 0.463542 0.011737 0.018750
0 0.586268 0.630208 0.038732 0.031250
0 0.687207 0.163542 0.029343 0.043750
0 0.487676 0.337500 0.003521 0.012500
0 0.136150 0.195833 0.007042 0.033333
0 0.503521 0.957292 0.009390 0.018750
0 0.772887 0.931250 0.024648 0.029167
0 0.357981 0.192708 0.014085 0.018750
0 0.551643 0.676042 0.049296 0.027083
0 0.390845 0.138542 0.025822 0.052083
0 0.068662 0.347917 0.012911 0.020833
0 0.339789 0.705208 0.015258 0.043750
0 0.246479 0.023958 0.037559 0.035417
0 0.452465 0.079167 0.022300 0.050000
0 0.865023 0.786458 0.014085 0.039583
0 0.305751 0.739583 0.022300 0.037500
0 0.075704 0.018750 0.003521 0.012500
0 0.569249 0.742708 0.025822 0.052083
0 0.696009 0.283333 0.035211 0.037500
0 0.553991 0.609375 0.004695 0.018750
0 0.535798 0.640625 0.010563 0.035417
0 0.664319 0.669792 0.032864 0.035417
0 0.814554 0.390625 0.032864 0.039583
0 0.403169 0.585417 0.005869 0.008333
0 0.418427 0.930208 0.003521 0.014583
0 0.918427 0.975000 0.005869 0.025000
0 0.775822 0.576042 0.009390 0.047917
0 0.058099 0.956250 0.024648 0.029167
0 0.926056 0.882292 0.014085 0.014583
0 0.449531 0.672917 0.039906 0.033333
0 0.586268 0.407292 0.012911 0.022917
0 0.553404 0.105208 0.036385 0.035417
0 0.711268 0.097917 0.016432 0.016667
0 0.818662 0.630208 0.003521 0.014583
0 0.302230 0.180208 0.029343 0.031250
0 0.063380 0.659375 0.028169 0.043750
0 0.200117 0.167708 0.008216 0.022917
0 0.537559 0.379167 0.018779 0.041667
