0 0.940032 0.471168 0.025932 0.047041
0 0.220421 0.777693 0.045381 0.028832
0 0.926256 0.669196 0.004862 0.012140
0 0.726094 0.856601 0.019449 0.019727
0 0.061588 0.032625 0.012966 0.025797
0 0.944895 0.763278 0.025932 0.018209
0 0.043760 0.616844 0.012966 0.013657
0 0.726094 0.516692 0.009724 0.016692
0 0.074554 0.831563 0.019449 0.012140
0 0.863047 0.203338 0.017828 0.009105
0 0.253647 0.470410 0.072934 0.018209
0 0.331442 0.192716 0.011345 0.006070
0 0.978120 0.567527 0.021070 0.024279
0 0.629660 0.704097 0.004862 0.009105
0 0.265802 0.358877 0.032415 0.037936
0 0.205835 0.724583 0.019449 0.019727
0 0.444895 0.810319 0.034036 0.027314
0 0.089951 0.908194 0.050243 0.025797
0 0.942464 0.540212 0.047002 0.027314
0 0.370340 0.019727 0.053485 0.024279
0 0.908428 0.538695 0.017828 0.030349
0 0.708266 0.283763 0.012966 0.012140
0 0.008914 0.491654 0.008104 0.006070
0 0.674230 0.882398 0.045381 0.016692
0 0.310373 0.183612 0.027553 0.036419
0 0.132901 0.137329 0.048622 0.025797
