0 0.226667 0.151724 0.100000 0.055172
0 0.446667 0.756897 0.066667 0.086207
0 0.316667 0.553448 0.006667 0.003448
0 0.565000 0.163793 0.036667 0.017241
0 0.423333 0.663793 0.033333 0.017241
0 0.705000 0.646552 0.023333 0.031034
0 0.255000 0.094828 0.056667 0.051724
0 0.440000 0.987931 0.026667 0.017241
0 0.916667 0.182759 0.020000 0.055172
0 0.211667 0.834483 0.036667 0.027586
0 0.663333 0.472414 0.046667 0.048276
0 0.298333 0.917241 0.050000 0.055172
0 0.206667 0.491379 0.013333 0.010345
0 0.070000 0.418966 0.053333 0.031034
0 0.200000 0.289655 0.033333 0.020690
0 0.401667 0.193103 0.056667 0.048276
0 0.418333 0.143103 0.083333 0.031034
0 0.640000 0.936207 0.046667 0.079310
0 0.725000 0.075862 0.070000 0.041379
0 0.633333 0.465517 0.006667 0.020690
0 0.430000 0.703448 0.006667 0.013793
0 0.695000 0.486207 0.003333 0.013793
0 0.336667 0.872414 0.026667 0.020690
0 0.376667 0.255172 0.013333 0.027586
0 0.576667 0.244828 0.020000 0.041379
0 0.401667 0.844828 0.090000 0.062069
