0 0.541379 0.975309 0.006897 0.012346
0 0.853448 0.833333 0.055172 0.049383
0 0.062069 0.120370 0.048276 0.055556
0 0.735345 0.712963 0.015517 0.012346
0 0.292241 0.950617 0.050000 0.037037
0 0.316379 0.248457 0.025862 0.021605
0 0.332759 0.561728 0.010345 0.030864
0 0.693966 0.413580 0.036207 0.055556
0 0.283621 0.070988 0.046552 0.049383
0 0.628448 0.932099 0.008621 0.012346
0 0.947414 0.875000 0.012069 0.009259
0 0.040517 0.858025 0.032759 0.061728
0 0.356034 0.938272 0.036207 0.030864
0 0.889655 0.322531 0.037931 0.070988
0 0.294828 0.655864 0.017241 0.033951
0 0.842241 0.058642 0.018966 0.043210
0 0.110345 0.475309 0.065517 0.043210
0 0.656897 0.791667 0.013793 0.033951
0 0.029310 0.075617 0.013793 0.070988
0 0.010345 0.041667 0.010345 0.021605
0 0.033621 0.455247 0.008621 0.021605
0 0.265517 0.594136 0.006897 0.009259
0 0.327586 0.354938 0.037931 0.049383
0 0.205172 0.276235 0.013793 0.021605
0 0.462069 0.819444 0.037931 0.040123
