0 0.382653 0.089655 0.071429 0.055172
0 0.161565 0.232759 0.030612 0.017241
0 0.947279 0.132759 0.010204 0.017241
0 0.321429 0.212069 0.017007 0.024138
0 0.052721 0.322414 0.023810 0.031034
0 0.399660 0.825862 0.085034 0.072414
0 0.714286 0.125862 0.027211 0.072414
0 0.965986 0.615517 0.006803 0.017241
0 0.613946 0.586207 0.078231 0.075862
0 0.299320 0.227586 0.020408 0.034483
0 0.328231 0.386207 0.023810 0.034483
0 0.977891 0.141379 0.044218 0.062069
0 0.392857 0.318966 0.044218 0.024138
0 0.236395 0.415517 0.064626 0.024138
0 0.255102 0.098276 0.108844 0.058621
0 0.375850 0.679310 0.064626 0.020690
0 0.852041 0.456897 0.078231 0.031034
0 0.289116 0.815517 0.074830 0.051724
0 0.188776 0.686207 0.017007 0.027586
0 0.348639 0.784483 0.010204 0.010345
0 0.122449 0.944828 0.027211 0.020690
0 0.678571 0.877586 0.064626 0.086207
0 0.744898 0.512069 0.034014 0.058621
0 0.232993 0.460345 0.105442 0.031034
0 0.625850 0.812069 0.074830 0.037931
0 0.188776 0.072414 0.010204 0.013793
0 0.632653 0.153448 0.088435 0.065517
0 0.340136 0.617241 0.061224 0.096552
0 0.608844 0.881034 0.027211 0.044828
0 0.758503 0.944828 0.054422 0.034483
0 0.566327 0.398276 0.091837 0.065517
0 0.037415 0.094828 0.006803 0.017241
0 0.884354 0.522414 0.006803 0.017241
0 0.751701 0.144828 0.040816 0.062069
