0 0.789298 0.820000 0.010033 0.014737
0 0.326087 0.478947 0.056856 0.031579
0 0.352007 0.576842 0.005017 0.008421
0 0.306856 0.249474 0.018395 0.048421
0 0.301003 0.194737 0.023411 0.052632
0 0.119565 0.447368 0.048495 0.035789
0 0.556856 0.808421 0.053512 0.033684
0 0.393813 0.642105 0.018395 0.054737
0 0.981605 0.182105 0.016722 0.027368
0 0.824415 0.453684 0.020067 0.031579
0 0.692308 0.598947 0.026756 0.040000
0 0.426421 0.687368 0.003344 0.010526
0 0.091137 0.122105 0.008361 0.033684
0 0.559365 0.873684 0.008361 0.021053
0 0.961538 0.598947 0.003344 0.010526
0 0.943144 0.149474 0.016722 0.008421
0 0.140468 0.943158 0.040134 0.042105
0 0.373746 0.380000 0.005017 0.006316
0 0.683110 0.236842 0.048495 0.031579
0 0.506689 0.315789 0.020067 0.033684
0 0.951505 0.967368 0.026756 0.018947
0 0.817726 0.196842 0.003344 0.010526
0 0.092809 0.158947 0.005017 0.018947
0 0.991639 0.450526 0.013378 0.021053
0 0.972408 0.806316 0.005017 0.021053
0 0.933110 0.401053 0.003344 0.010526
0 0.737458 0.556842 0.013378 0.018947
0 0.831104 0.862105 0.003344 0.010526
0 0.061873 0.243158 0.020067 0.014737
0 0.043478 0.361053 0.043478 0.044211
0 0.080268 0.760000 0.013378 0.008421
