0 0.895333 0.805172 0.012000 0.013793
0 0.480000 0.923276 0.005333 0.008621
0 0.737333 0.583621 0.010667 0.015517
0 0.452667 0.753448 0.038667 0.031034
0 0.858000 0.795690 0.009333 0.018966
0 0.408000 0.525000 0.029333 0.043103
0 0.640000 0.519828 0.010667 0.012069
0 0.565333 0.862069 0.034667 0.034483
0 0.684000 0.981034 0.021333 0.013793
0 0.806000 0.672414 0.004000 0.013793
0 0.664667 0.107759 0.006667 0.022414
0 0.893333 0.332759 0.018667 0.024138
0 0.438667 0.205172 0.013333 0.017241
0 0.870000 0.736207 0.038667 0.031034
0 0.232667 0.105172 0.004000 0.010345
0 0.792667 0.150862 0.046667 0.025862
0 0.385333 0.139655 0.013333 0.024138
0 0.843333 0.462069 0.004000 0.010345
0 0.277333 0.707759 0.034667 0.032759
0 0.718667 0.918966 0.018667 0.020690
0 0.547333 0.823276 0.017333 0.039655
0 0.255333 0.245690 0.022667 0.022414
0 0.826000 0.334483 0.006667 0.020690
0 0.073333 0.688793 0.008000 0.025862
0 0.080667 0.287069 0.054667 0.022414
0 0.337333 0.502586 0.050667 0.015517
0 0.474000 0.197414 0.004000 0.012069
0 0.237333 0.888793 0.002667 0.015517
0 0.860667 0.216379 0.036000 0.032759
0 0.026000 0.362931 0.004000 0.012069
0 0.647333 0.427586 0.014667 0.020690
0 0.566667 0.909483 0.008000 0.008621
0 0.043333 0.192241 0.036000 0.029310
0 0.091333 0.450000 0.004000 0.010345
0 0.490667 0.242241 0.005333 0.008621
0 0.860667 0.539655 0.004000 0.010345
0 0.198667 0.629310 0.005333 0.010345
0 0.801333 0.132759 0.010667 0.006897
0 0.316667 0.437931 0.030667 0.037931
0 0.312000 0.584483 0.016000 0.044828
0 0.354667 0.781897 0.029333 0.039655
0 0.154667 0.916379 0.029333 0.022414
