0 0.104167 0.202083 0.091667 0.095833
0 0.145833 0.764583 0.016667 0.020833
0 0.829167 0.941667 0.100000 0.091667
0 0.764583 0.683333 0.020833 0.016667
0 0.585417 0.435417 0.037500 0.045833
0 0.727083 0.293750 0.079167 0.112500
0 0.583333 0.656250 0.041667 0.054167
0 0.487500 0.072917 0.016667 0.037500
0 0.100000 0.383333 0.125000 0.075000
0 0.395833 0.812500 0.075000 0.116667
0 0.425000 0.175000 0.033333 0.050000
0 0.627083 0.791667 0.029167 0.050000
0 0.158333 0.295833 0.108333 0.083333
0 0.564583 0.929167 0.029167 0.066667
0 0.220833 0.777083 0.058333 0.070833
0 0.541667 0.160417 0.058333 0.020833
0 0.318750 0.856250 0.037500 0.062500
0 0.512500 0.366667 0.125000 0.075000
0 0.808333 0.264583 0.075000 0.087500
0 0.970833 0.287500 0.033333 0.075000
0 0.356250 0.183333 0.087500 0.108333
0 0.487500 0.270833 0.083333 0.108333
0 0.291667 0.385417 0.025000 0.045833
0 0.687500 0.802083 0.083333 0.079167
0 0.164583 0.729167 0.045833 0.025000
0 0.377083 0.937500 0.012500 0.025000
0 0.610417 0.545833 0.104167 0.091667
0 0.416667 0.714583 0.125000 0.070833
0 0.897917 0.612500 0.112500 0.075000
0 0.760417 0.602083 0.145833 0.037500
0 0.539583 0.914583 0.012500 0.029167
0 0.408333 0.620833 0.033333 0.100000
0 0.104167 0.212500 0.125000 0.075000
0 0.331250 0.314583 0.095833 0.079167
0 0.339583 0.083333 0.112500 0.075000
0 0.043750 0.191667 0.087500 0.108333
0 0.337500 0.741667 0.025000 0.041667
0 0.191667 0.660417 0.108333 0.087500
0 0.389583 0.245833 0.079167 0.075000
0 0.664583 0.325000 0.020833 0.025000
0 0.143750 0.102083 0.095833 0.087500
0 0.062500 0.810417 0.025000 0.012500
0 0.258333 0.618750 0.016667 0.020833
0 0.033333 0.587500 0.025000 0.025000
0 0.247917 0.375000 0.054167 0.100000
