0 0.423888 0.784639 0.051522 0.069277
0 0.254098 0.718373 0.044496 0.039157
0 0.572600 0.462349 0.035129 0.027108
0 0.370023 0.275602 0.051522 0.063253
0 0.851288 0.578313 0.044496 0.036145
0 0.048009 0.176205 0.007026 0.021084
0 0.594848 0.688253 0.023419 0.057229
0 0.745902 0.397590 0.007026 0.018072
0 0.374707 0.740964 0.060890 0.060241
0 0.325527 0.081325 0.084309 0.042169
0 0.197892 0.618976 0.021077 0.057229
0 0.798595 0.826807 0.009368 0.015060
0 0.674473 0.742470 0.009368 0.015060
0 0.053864 0.489458 0.009368 0.015060
0 0.460187 0.533133 0.007026 0.018072
0 0.532787 0.185241 0.007026 0.027108
0 0.824356 0.140060 0.088993 0.027108
0 0.066745 0.754518 0.053864 0.069277
0 0.076112 0.861446 0.007026 0.018072
0 0.251756 0.039157 0.053864 0.066265
0 0.580796 0.231928 0.051522 0.066265
0 0.528103 0.831325 0.016393 0.048193
0 0.919204 0.149096 0.030445 0.039157
0 0.217799 0.103916 0.051522 0.039157
0 0.331382 0.942771 0.007026 0.018072
0 0.503513 0.421687 0.014052 0.018072
0 0.038642 0.691265 0.067916 0.051205
0 0.932084 0.460843 0.018735 0.048193
0 0.518735 0.796687 0.044496 0.015060
0 0.892272 0.549699 0.032787 0.057229
0 0.833724 0.115964 0.009368 0.015060
0 0.813817 0.240964 0.049180 0.078313
0 0.114754 0.188253 0.023419 0.087349
0 0.805621 0.591867 0.042155 0.081325
0 0.550351 0.421687 0.074941 0.048193
