0 0.161914 0.771462 0.030550 0.016241
0 0.418534 0.020882 0.038697 0.037123
0 0.516293 0.866589 0.006110 0.016241
0 0.919552 0.836427 0.002037 0.006961
0 0.788187 0.863109 0.024440 0.041763
0 0.554990 0.164733 0.038697 0.027842
0 0.292261 0.578886 0.046843 0.044084
0 0.313646 0.766821 0.028513 0.020882
0 0.242363 0.294664 0.065173 0.037123
0 0.647658 0.955916 0.032587 0.037123
0 0.544807 0.377030 0.002037 0.006961
0 0.924644 0.566125 0.036660 0.027842
0 0.756619 0.026682 0.002037 0.006961
0 0.840122 0.038283 0.059063 0.039443
0 0.190428 0.348028 0.002037 0.004640
0 0.760692 0.974478 0.010183 0.027842
0 0.097760 0.904872 0.061100 0.037123
0 0.538697 0.121810 0.026477 0.034803
0 0.597760 0.131090 0.026477 0.044084
