0 0.970000 0.200000 0.020000 0.014286
0 0.428000 0.669643 0.056000 0.060714
0 0.368000 0.617857 0.016000 0.021429
0 0.098000 0.266071 0.012000 0.025000
0 0.136000 0.044643 0.080000 0.060714
0 0.412000 0.512500 0.128000 0.060714
0 0.720000 0.521429 0.128000 0.057143
0 0.920000 0.944643 0.080000 0.060714
0 0.686000 0.741071 0.044000 0.067857
0 0.552000 0.223214 0.064000 0.103571
0 0.348000 0.691071 0.024000 0.017857
0 0.566000 0.346429 0.108000 0.042857
0 0.348000 0.578571 0.096000 0.078571
0 0.356000 0.841071 0.040000 0.053571
0 0.708000 0.164286 0.032000 0.057143
0 0.678000 0.914286 0.012000 0.028571
0 0.592000 0.296429 0.144000 0.050000
0 0.156000 0.162500 0.088000 0.089286
0 0.642000 0.378571 0.028000 0.014286
0 0.646000 0.753571 0.028000 0.057143
0 0.166000 0.350000 0.020000 0.014286
0 0.840000 0.939286 0.048000 0.071429
0 0.256000 0.575000 0.072000 0.078571
0 0.500000 0.867857 0.072000 0.042857
0 0.728000 0.676786 0.016000 0.017857
0 0.334000 0.505357 0.020000 0.025000
0 0.492000 0.351786 0.016000 0.017857
0 0.282000 0.875000 0.020000 0.028571
0 0.678000 0.183929 0.020000 0.053571
0 0.222000 0.367857 0.012000 0.021429
0 0.398000 0.387500 0.036000 0.053571
0 0.764000 0.783929 0.024000 0.032143
0 0.074000 0.714286 0.044000 0.021429
0 0.334000 0.103571 0.132000 0.042857
0 0.882000 0.855357 0.068000 0.089286
0 0.552000 0.076786 0.104000 0.053571
0 0.578000 0.958929 0.012000 0.032143
0 0.250000 0.833929 0.036000 0.089286
0 0.150000 0.387500 0.060000 0.053571
0 0.296000 0.019643 0.016000 0.017857
0 0.052000 0.280357 0.064000 0.039286
0 0.070000 0.942857 0.068000 0.085714
