0 0.370159 0.807175 0.043280 0.058296
0 0.673121 0.602018 0.047836 0.056054
0 0.199317 0.423767 0.011390 0.017937
0 0.817768 0.715247 0.045558 0.058296
0 0.856492 0.281390 0.009112 0.011211
0 0.712984 0.522422 0.027335 0.044843
0 0.004556 0.933857 0.009112 0.011211
0 0.825740 0.303812 0.015945 0.015695
0 0.034169 0.780269 0.027335 0.031390
0 0.853075 0.480942 0.020501 0.038117
0 0.678815 0.565022 0.009112 0.013453
0 0.618451 0.716368 0.034169 0.073991
0 0.677677 0.311659 0.038724 0.071749
0 0.589977 0.960762 0.009112 0.011211
0 0.427107 0.420404 0.043280 0.060538
0 0.752847 0.428251 0.011390 0.013453
0 0.284738 0.960762 0.059226 0.042601
0 0.195900 0.690583 0.045558 0.044843
0 0.784738 0.587444 0.011390 0.008969
0 0.781321 0.486547 0.082005 0.031390
0 0.484055 0.364350 0.006834 0.015695
0 0.630979 0.580717 0.031891 0.080717
0 0.553531 0.670404 0.022779 0.013453
0 0.359909 0.642377 0.022779 0.029148
0 0.195900 0.283632 0.009112 0.011211
0 0.753986 0.328475 0.031891 0.078475
0 0.962415 0.455157 0.056948 0.049327
0 0.774487 0.223094 0.009112 0.011211
0 0.137813 0.223094 0.011390 0.015695
0 0.176538 0.897982 0.006834 0.015695
0 0.707289 0.922646 0.006834 0.015695
0 0.097950 0.198430 0.013667 0.015695
0 0.965831 0.984305 0.013667 0.008969
0 0.341686 0.107623 0.050114 0.053812
0 0.495444 0.754484 0.070615 0.038117
0 0.269932 0.450673 0.061503 0.040359
0 0.293850 0.376682 0.036446 0.031390
0 0.514806 0.932735 0.022779 0.040359
0 0.374715 0.971973 0.015945 0.020179
0 0.423690 0.786996 0.041002 0.017937
0 0.086560 0.459641 0.013667 0.035874
