0 0.804348 0.282609 0.026087 0.043478
0 0.839130 0.276087 0.008696 0.021739
0 0.984783 0.667391 0.013043 0.021739
0 0.728261 0.256522 0.047826 0.095652
0 0.552174 0.630435 0.078261 0.121739
0 0.489130 0.602174 0.039130 0.073913
0 0.186957 0.219565 0.034783 0.021739
0 0.739130 0.995652 0.034783 0.008696
0 0.895652 0.380435 0.165217 0.056522
0 0.156522 0.669565 0.165217 0.034783
0 0.321739 0.243478 0.069565 0.060870
0 0.195652 0.271739 0.147826 0.065217
0 0.382609 0.778261 0.034783 0.069565
0 0.069565 0.806522 0.121739 0.082609
0 0.721739 0.950000 0.017391 0.039130
0 0.658696 0.304348 0.013043 0.017391
0 0.913043 0.034783 0.052174 0.069565
0 0.321739 0.765217 0.034783 0.017391
0 0.113043 0.258696 0.008696 0.030435
0 0.434783 0.347826 0.043478 0.069565
0 0.052174 0.956522 0.086957 0.052174
0 0.043478 0.897826 0.052174 0.047826
0 0.486957 0.100000 0.026087 0.017391
0 0.804348 0.806522 0.086957 0.073913
0 0.654348 0.443478 0.013043 0.017391
0 0.784783 0.058696 0.013043 0.021739
0 0.008696 0.736957 0.017391 0.047826
0 0.156522 0.728261 0.034783 0.073913
