0 0.625587 0.352083 0.018779 0.029167
0 0.930164 0.201042 0.017606 0.031250
0 0.528169 0.138542 0.009390 0.035417
0 0.044014 0.555208 0.010563 0.010417
0 0.720657 0.050000 0.030516 0.041667
0 0.247653 0.909375 0.004695 0.010417
0 0.534038 0.535417 0.011737 0.020833
0 0.938967 0.689583 0.037559 0.029167
0 0.627934 0.438542 0.002347 0.018750
0 0.286972 0.979167 0.045775 0.029167
0 0.903169 0.343750 0.003521 0.016667
0 0.531690 0.422917 0.011737 0.020833
0 0.448944 0.208333 0.012911 0.045833
0 0.910211 0.157292 0.003521 0.014583
0 0.806925 0.950000 0.017606 0.029167
0 0.856808 0.292708 0.014085 0.047917
0 0.853286 0.148958 0.002347 0.018750
0 0.521127 0.857292 0.009390 0.018750
0 0.772300 0.694792 0.023474 0.052083
0 0.903169 0.327083 0.010563 0.004167
0 0.804577 0.027083 0.003521 0.012500
0 0.412559 0.613542 0.015258 0.027083
0 0.031690 0.109375 0.007042 0.018750
0 0.133216 0.032292 0.003521 0.022917
0 0.289906 0.341667 0.011737 0.050000
0 0.688380 0.083333 0.003521 0.012500
0 0.316901 0.708333 0.025822 0.050000
0 0.447183 0.629167 0.023474 0.054167
0 0.697770 0.118750 0.005869 0.008333
0 0.841549 0.498958 0.007042 0.010417
0 0.741197 0.971875 0.015258 0.035417
0 0.555751 0.741667 0.015258 0.020833
0 0.430751 0.204167 0.021127 0.062500
0 0.228286 0.310417 0.017606 0.070833
0 0.326291 0.630208 0.037559 0.035417
0 0.532864 0.305208 0.032864 0.031250
0 0.107394 0.611458 0.005869 0.018750
0 0.921948 0.883333 0.024648 0.050000
0 0.209507 0.438542 0.003521 0.014583
0 0.373239 0.496875 0.00938967 0.0520833
