0 0.080556 0.316667 0.022222 0.022222
0 0.527778 0.831944 0.016667 0.019444
0 0.418056 0.834722 0.030556 0.069444
0 0.231944 0.287500 0.008333 0.008333
0 0.986111 0.304167 0.022222 0.013889
0 0.734722 0.829167 0.008333 0.013889
0 0.154167 0.441667 0.025000 0.044444
0 0.261111 0.948611 0.061111 0.063889
0 0.445833 0.943056 0.025000 0.036111
0 0.570833 0.269444 0.075000 0.044444
0 0.918056 0.172222 0.019444 0.038889
0 0.113889 0.248611 0.005556 0.008333
0 0.011111 0.833333 0.016667 0.055556
0 0.030556 0.390278 0.022222 0.036111
0 0.763889 0.552778 0.066667 0.055556
0 0.858333 0.276389 0.005556 0.008333
0 0.093056 0.941667 0.025000 0.038889
0 0.709722 0.566667 0.036111 0.050000
0 0.651389 0.520833 0.002778 0.013889
0 0.058333 0.288889 0.011111 0.033333
0 0.118056 0.401389 0.025000 0.047222
0 0.800000 0.222222 0.083333 0.044444
0 0.709722 0.687500 0.091667 0.041667
0 0.265278 0.637500 0.002778 0.013889
