0 0.361163 0.226079 0.031895 0.024390
0 0.657598 0.386492 0.009381 0.007505
0 0.682927 0.299250 0.003752 0.016886
0 0.692308 0.060976 0.045028 0.039400
0 0.391182 0.180113 0.005629 0.011257
0 0.942777 0.574109 0.043152 0.030019
0 0.225141 0.757974 0.007505 0.011257
0 0.210131 0.543152 0.030019 0.016886
0 0.852720 0.237336 0.043152 0.043152
0 0.212946 0.336773 0.005629 0.016886
0 0.936210 0.803940 0.033771 0.046904
0 0.087242 0.373358 0.054409 0.030019
0 0.330206 0.390244 0.018762 0.022514
0 0.558161 0.646341 0.050657 0.035647
0 0.771107 0.246717 0.007505 0.009381
0 0.332083 0.435272 0.018762 0.018762
0 0.790807 0.915572 0.013133 0.022514
0 0.544090 0.244841 0.048780 0.039400
0 0.116323 0.175422 0.007505 0.009381
0 0.612570 0.035647 0.043152 0.041276
0 0.875235 0.337711 0.039400 0.048780
0 0.197936 0.773921 0.039400 0.046904
0 0.510319 0.743902 0.007505 0.009381
0 0.420263 0.303002 0.078799 0.024390
0 0.193246 0.826454 0.022514 0.054409
0 0.058161 0.525328 0.033771 0.056285
0 0.149156 0.822702 0.050657 0.035647
0 0.492495 0.758912 0.028143 0.016886
0 0.282364 0.151970 0.005629 0.011257
0 0.618199 0.771107 0.009381 0.007505
0 0.073171 0.325516 0.026266 0.054409
0 0.751407 0.289869 0.016886 0.039400
0 0.451220 0.142589 0.039400 0.045028
