0 0.817540 0.382056 0.010081 0.026210
0 0.369960 0.988911 0.006048 0.014113
0 0.744960 0.661290 0.006048 0.012097
0 0.794355 0.703629 0.024194 0.020161
0 0.032258 0.465726 0.008065 0.028226
0 0.693548 0.106855 0.020161 0.020161
0 0.955645 0.026210 0.016129 0.024194
0 0.148185 0.854839 0.046371 0.044355
0 0.578629 0.112903 0.028226 0.040323
0 0.678427 0.973790 0.030242 0.028226
0 0.729839 0.200605 0.008065 0.014113
0 0.029234 0.443548 0.022177 0.012097
0 0.401210 0.101815 0.028226 0.030242
0 0.687500 0.887097 0.004032 0.020161
0 0.663306 0.853831 0.028226 0.026210
0 0.460685 0.132056 0.006048 0.018145
0 0.475806 0.266129 0.012097 0.008065
0 0.817540 0.483871 0.014113 0.016129
0 0.258065 0.472782 0.012097 0.006048
0 0.900202 0.979839 0.042339 0.024194
0 0.449597 0.241935 0.060484 0.032258
0 0.309476 0.579637 0.042339 0.026210
0 0.698589 0.251008 0.030242 0.026210
0 0.629032 0.972782 0.056452 0.038306
0 0.974798 0.506048 0.010081 0.016129
0 0.837702 0.899194 0.046371 0.044355
0 0.533266 0.183468 0.010081 0.008065
0 0.582661 0.703629 0.008065 0.016129
0 0.035282 0.631048 0.042339 0.024194
0 0.067540 0.031250 0.034274 0.042339
0 0.744960 0.463710 0.026210 0.040323
0 0.744960 0.149194 0.006048 0.012097
0 0.900202 0.238911 0.022177 0.038306
0 0.768145 0.038306 0.048387 0.044355
0 0.575605 0.552419 0.034274 0.016129
0 0.711694 0.019153 0.056452 0.038306
0 0.773185 0.663306 0.014113 0.012097
