0 0.813462 0.822709 0.011538 0.035857
0 0.836538 0.920319 0.050000 0.071713
0 0.394231 0.498008 0.034615 0.063745
0 0.842308 0.376494 0.030769 0.051793
0 0.751923 0.928287 0.103846 0.071713
0 0.944231 0.860558 0.065385 0.039841
0 0.478846 0.882470 0.073077 0.051793
0 0.203846 0.820717 0.084615 0.095618
0 0.853846 0.830677 0.100000 0.075697
0 0.486538 0.284861 0.034615 0.059761
0 0.811538 0.511952 0.023077 0.035857
0 0.801923 0.731076 0.057692 0.035857
0 0.142308 0.782869 0.030769 0.067729
0 0.469231 0.589641 0.023077 0.047809
0 0.438462 0.519920 0.084615 0.083665
0 0.601923 0.677291 0.011538 0.023904
0 0.092308 0.739044 0.061538 0.051793
0 0.594231 0.472112 0.119231 0.067729
0 0.051923 0.760956 0.103846 0.079681
0 0.236538 0.695219 0.050000 0.091633
0 0.757692 0.193227 0.046154 0.019920
0 0.294231 0.906375 0.080769 0.091633
0 0.159615 0.063745 0.026923 0.039841
0 0.921154 0.735060 0.042308 0.019920
0 0.140385 0.235060 0.080769 0.079681
0 0.961538 0.500000 0.030769 0.035857
0 0.234615 0.426295 0.100000 0.079681
0 0.086538 0.824701 0.026923 0.039841
0 0.732692 0.482072 0.011538 0.023904
0 0.284615 0.739044 0.038462 0.051793
0 0.465385 0.727092 0.015385 0.027888
0 0.0538462 0.418327 0.0923077 0.183267
