0 0.393548 0.266773 0.012903 0.015974
0 0.254839 0.373802 0.038710 0.070288
0 0.874194 0.913738 0.012903 0.019169
0 0.866129 0.867412 0.080645 0.067093
0 0.477419 0.138978 0.051613 0.060703
0 0.230645 0.206070 0.054839 0.092652
0 0.496774 0.897764 0.025806 0.044728
0 0.845161 0.825879 0.019355 0.009585
0 0.858065 0.918530 0.012903 0.015974
0 0.679032 0.453674 0.106452 0.051118
0 0.238710 0.108626 0.064516 0.083067
0 0.396774 0.102236 0.032258 0.025559
0 0.779032 0.468051 0.074194 0.054313
0 0.191935 0.384984 0.041935 0.041534
0 0.387097 0.905751 0.096774 0.054313
0 0.200000 0.285942 0.096774 0.054313
0 0.401613 0.404153 0.035484 0.060703
0 0.185484 0.469649 0.061290 0.089457
0 0.691935 0.439297 0.080645 0.067093
0 0.303226 0.201278 0.070968 0.038339
0 0.233871 0.618211 0.093548 0.041534
0 0.525806 0.463259 0.051613 0.063898
0 0.396774 0.153355 0.032258 0.031949
0 0.695161 0.174121 0.009677 0.022364
0 0.925806 0.798722 0.096774 0.057508
0 0.053226 0.220447 0.041935 0.108626
0 0.991935 0.698083 0.009677 0.028754
0 0.979032 0.314696 0.009677 0.022364
0 0.698387 0.025559 0.009677 0.019169
0 0.346774 0.862620 0.009677 0.025559
0 0.306452 0.722045 0.032258 0.031949
0 0.848387 0.239617 0.019355 0.025559
0 0.090323 0.517572 0.045161 0.089457
0 0.282258 0.969649 0.022581 0.009585
0 0.791935 0.332268 0.048387 0.076677
0 0.116129 0.915335 0.058065 0.092652
0 0.748387 0.658147 0.012903 0.019169
0 0.525806 0.843450 0.096774 0.057508
0 0.785484 0.138978 0.029032 0.054313
