0 0.294792 0.538869 0.006250 0.024735
0 0.155208 0.632509 0.018750 0.035336
0 0.213542 0.017668 0.006250 0.028269
0 0.517708 0.720848 0.006250 0.021201
0 0.971875 0.588339 0.035417 0.102473
0 0.144792 0.044170 0.052083 0.074205
0 0.632292 0.134276 0.010417 0.035336
0 0.851042 0.234982 0.068750 0.053004
0 0.957292 0.351590 0.006250 0.024735
0 0.227083 0.876325 0.029167 0.028269
0 0.692708 0.295053 0.039583 0.095406
0 0.859375 0.194346 0.006250 0.021201
0 0.081250 0.920495 0.037500 0.024735
0 0.177083 0.469965 0.020833 0.042403
0 0.808333 0.885159 0.054167 0.067138
0 0.931250 0.507067 0.020833 0.109541
0 0.575000 0.611307 0.029167 0.042403
0 0.817708 0.519435 0.027083 0.106007
0 0.641667 0.620141 0.041667 0.095406
0 0.786458 0.332155 0.006250 0.021201
0 0.606250 0.494700 0.029167 0.042403
0 0.752083 0.798587 0.020833 0.042403
0 0.275000 0.402827 0.033333 0.063604
0 0.137500 0.425795 0.054167 0.074205
0 0.713542 0.445230 0.035417 0.077739
0 0.115625 0.146643 0.006250 0.024735
0 0.235417 0.226148 0.054167 0.070671
0 0.208333 0.924028 0.008333 0.024735
0 0.602083 0.962898 0.045833 0.074205
0 0.777083 0.439929 0.045833 0.081272
0 0.277083 0.102473 0.058333 0.063604
0 0.404167 0.291519 0.070833 0.053004
0 0.133333 0.521201 0.004167 0.031802
0 0.736458 0.780919 0.006250 0.021201
0 0.778125 0.816254 0.006250 0.021201
0 0.106250 0.171378 0.008333 0.017668
0 0.021875 0.227915 0.031250 0.038869
0 0.885417 0.653710 0.025000 0.077739
0 0.463542 0.703180 0.006250 0.021201
