0 0.980188 0.735376 0.018770 0.038997
0 0.266945 0.837744 0.002086 0.012535
0 0.086548 0.827298 0.008342 0.019499
0 0.626694 0.512535 0.012513 0.038997
0 0.858707 0.369081 0.005214 0.005571
0 0.789885 0.961699 0.026069 0.029248
0 0.438999 0.229109 0.025026 0.018106
0 0.297185 0.327298 0.020855 0.036212
0 0.285193 0.880223 0.007299 0.011142
0 0.678832 0.595404 0.008342 0.015320
0 0.423879 0.984680 0.003128 0.008357
0 0.193431 0.889972 0.007299 0.008357
0 0.885297 0.112813 0.022941 0.016713
0 0.467153 0.810585 0.004171 0.011142
0 0.373827 0.245125 0.007299 0.025070
0 0.943170 0.497214 0.009385 0.008357
0 0.310740 0.292479 0.035454 0.022284
0 0.696559 0.589136 0.025026 0.016713
0 0.458811 0.450557 0.006257 0.004178
0 0.286236 0.704039 0.007299 0.009749
0 0.610532 0.362117 0.007299 0.011142
0 0.649114 0.379526 0.019812 0.023677
0 0.098019 0.518106 0.010428 0.022284
0 0.076121 0.251393 0.014599 0.023677
0 0.213764 0.931755 0.004171 0.011142
0 0.102190 0.267409 0.004171 0.013928
0 0.464025 0.304318 0.006257 0.018106
0 0.015120 0.217967 0.011470 0.006964
0 0.658498 0.589136 0.009385 0.030641
0 0.495308 0.670613 0.018770 0.032033
0 0.968717 0.037604 0.012513 0.041783
0 0.845151 0.076602 0.003128 0.008357
0 0.519812 0.376045 0.015641 0.050139
0 0.082377 0.346100 0.022941 0.032033
0 0.466632 0.704735 0.026069 0.016713
0 0.126694 0.566852 0.019812 0.013928
