0 0.486458 0.283439 0.027083 0.036093
0 0.582292 0.487261 0.047917 0.048832
0 0.179167 0.257962 0.008333 0.010616
0 0.514583 0.569002 0.033333 0.042463
0 0.406250 0.854565 0.012500 0.014862
0 0.727083 0.727176 0.012500 0.010616
0 0.082292 0.150743 0.064583 0.029724
0 0.377083 0.185775 0.012500 0.010616
0 0.757292 0.600849 0.014583 0.029724
0 0.133333 0.833333 0.058333 0.040340
0 0.247917 0.075372 0.041667 0.057325
0 0.425000 0.243100 0.008333 0.010616
0 0.137500 0.555202 0.054167 0.040340
0 0.283333 0.264331 0.008333 0.010616
0 0.493750 0.614650 0.008333 0.010616
0 0.463542 0.365180 0.006250 0.012739
0 0.608333 0.865180 0.008333 0.010616
0 0.219792 0.434183 0.047917 0.044586
0 0.861458 0.664544 0.018750 0.038217
0 0.686458 0.640127 0.047917 0.019108
0 0.660417 0.029724 0.050000 0.029724
0 0.660417 0.270701 0.020833 0.036093
0 0.038542 0.115711 0.010417 0.014862
0 0.792708 0.048832 0.010417 0.021231
0 0.681250 0.941614 0.066667 0.036093
0 0.196875 0.269639 0.014583 0.033970
0 0.351042 0.469214 0.077083 0.029724
0 0.703125 0.577495 0.022917 0.012739
0 0.530208 0.062633 0.006250 0.014862
0 0.189583 0.776008 0.062500 0.031847
0 0.366667 0.350318 0.016667 0.025478
0 0.432292 0.409766 0.006250 0.012739
0 0.068750 0.814225 0.016667 0.040340
0 0.104167 0.483015 0.062500 0.036093
0 0.801042 0.387473 0.060417 0.036093
0 0.180208 0.978769 0.010417 0.029724
0 0.178125 0.215499 0.010417 0.027601
0 0.751042 0.407643 0.018750 0.008493
0 0.265625 0.633758 0.018750 0.031847
0 0.654167 0.811040 0.020833 0.021231
0 0.863542 0.027601 0.031250 0.042463
0 0.673958 0.509554 0.027083 0.042463
0 0.567708 0.042463 0.006250 0.012739
0 0.788542 0.359873 0.006250 0.014862
0 0.570833 0.731423 0.041667 0.057325
