0 0.143333 0.746552 0.013333 0.017241
0 0.086667 0.418966 0.026667 0.093103
0 0.275000 0.422414 0.063333 0.093103
0 0.661667 0.298276 0.083333 0.065517
0 0.850000 0.434483 0.020000 0.055172
0 0.191667 0.455172 0.090000 0.062069
0 0.576667 0.786207 0.020000 0.062069
0 0.588333 0.567241 0.023333 0.051724
0 0.711667 0.087931 0.056667 0.106897
0 0.916667 0.293103 0.046667 0.117241
0 0.471667 0.851724 0.056667 0.103448
0 0.775000 0.746552 0.030000 0.010345
0 0.666667 0.253448 0.020000 0.010345
0 0.068333 0.874138 0.010000 0.024138
0 0.556667 0.893103 0.073333 0.082759
0 0.845000 0.941379 0.010000 0.020690
0 0.403333 0.786207 0.073333 0.075862
0 0.493333 0.594828 0.046667 0.065517
0 0.121667 0.160345 0.043333 0.031034
0 0.915000 0.856897 0.083333 0.072414
0 0.793333 0.081034 0.033333 0.017241
0 0.480000 0.720690 0.033333 0.055172
0 0.261667 0.743103 0.056667 0.072414
0 0.286667 0.062069 0.113333 0.055172
0 0.490000 0.782759 0.020000 0.027586
0 0.441667 0.658621 0.090000 0.062069
0 0.146667 0.550000 0.040000 0.037931
0 0.100000 0.963793 0.046667 0.044828
0 0.608333 0.115517 0.016667 0.024138
0 0.915000 0.656897 0.010000 0.024138
0 0.185000 0.148276 0.023333 0.055172
0 0.475000 0.020690 0.010000 0.020690
0 0.403333 0.117241 0.120000 0.048276
0 0.096667 0.222414 0.020000 0.024138
0 0.060000 0.906897 0.093333 0.062069
0 0.461667 0.508621 0.056667 0.100000
0 0.915000 0.187931 0.043333 0.079310
0 0.351667 0.608621 0.076667 0.058621
