0 0.139437 0.747887 0.138028 0.030986
0 0.522535 0.238028 0.025352 0.008451
0 0.669014 0.646479 0.076056 0.053521
0 0.949296 0.191549 0.061972 0.056338
0 0.826761 0.230986 0.008451 0.016901
0 0.084507 0.260563 0.011268 0.042254
0 0.830986 0.518310 0.028169 0.028169
0 0.460563 0.971831 0.030986 0.022535
0 0.101408 0.692958 0.061972 0.045070
0 0.142254 0.561972 0.030986 0.047887
0 0.597183 0.769014 0.016901 0.016901
0 0.326761 0.177465 0.011268 0.016901
0 0.223944 0.207042 0.076056 0.042254
0 0.073239 0.552113 0.022535 0.022535
0 0.084507 0.439437 0.073239 0.056338
0 0.012676 0.892958 0.025352 0.022535
0 0.646479 0.600000 0.025352 0.005634
0 0.294366 0.846479 0.047887 0.087324
0 0.798592 0.419718 0.014085 0.011268
0 0.550704 0.184507 0.087324 0.047887
0 0.915493 0.488732 0.016901 0.008451
0 0.430986 0.649296 0.028169 0.019718
0 0.167606 0.640845 0.081690 0.047887
0 0.059155 0.802817 0.028169 0.022535
0 0.433803 0.536620 0.022535 0.030986
0 0.633803 0.223944 0.061972 0.070423
0 0.677465 0.530986 0.087324 0.047887
0 0.349296 0.457746 0.045070 0.030986
0 0.335211 0.073239 0.078873 0.050704
0 0.584507 0.609859 0.014085 0.019718
0 0.592958 0.923944 0.025352 0.005634
0 0.405634 0.795775 0.078873 0.053521
0 0.549296 0.642254 0.039437 0.039437
0 0.787324 0.574648 0.014085 0.011268
0 0.854930 0.671831 0.025352 0.059155
0 0.823944 0.209859 0.019718 0.019718
0 0.700000 0.267606 0.047887 0.056338
0 0.132394 0.843662 0.016901 0.008451
0 0.056338 0.985915 0.028169 0.005634
