0 0.257925 0.751106 0.005764 0.011062
0 0.033141 0.738938 0.011527 0.022124
0 0.030980 0.188053 0.007205 0.022124
0 0.692363 0.834071 0.004323 0.008850
0 0.144092 0.664823 0.011527 0.033186
0 0.095101 0.311947 0.031700 0.044248
0 0.309798 0.167035 0.037464 0.046460
0 0.979107 0.983407 0.004323 0.019912
0 0.814841 0.942478 0.030259 0.030973
0 0.724063 0.056416 0.004323 0.006637
0 0.774496 0.298673 0.015850 0.022124
0 0.425793 0.212389 0.007205 0.008850
0 0.199568 0.884956 0.007205 0.008850
0 0.713256 0.352876 0.002882 0.011062
0 0.477666 0.193584 0.010086 0.042035
0 0.948127 0.804204 0.005764 0.019912
0 0.874640 0.550885 0.014409 0.026549
0 0.813401 0.630531 0.007205 0.017699
0 0.922190 0.025442 0.005764 0.011062
0 0.039625 0.381637 0.044669 0.037611
0 0.383285 0.158186 0.023055 0.050885
0 0.151297 0.990044 0.005764 0.006637
0 0.695245 0.734513 0.021614 0.075221
0 0.713256 0.512168 0.040346 0.042035
0 0.611671 0.392699 0.012968 0.024336
0 0.818444 0.659292 0.005764 0.013274
0 0.378242 0.730088 0.007205 0.008850
0 0.855908 0.419248 0.002882 0.011062
0 0.975504 0.887168 0.002882 0.013274
0 0.546830 0.397124 0.004323 0.011062
0 0.341499 0.946903 0.011527 0.004425
0 0.950288 0.043142 0.021614 0.046460
0 0.0331412 0.306416 0.00576369 0.0243363
0 0.323487 0.918142 0.0129683 0.0486726
