0 0.168750 0.312791 0.010000 0.006977
0 0.073125 0.317442 0.016250 0.030233
0 0.671250 0.848837 0.037500 0.041860
0 0.226250 0.737209 0.037500 0.041860
0 0.216875 0.106977 0.018750 0.037209
0 0.541875 0.365116 0.011250 0.018605
0 0.507500 0.565116 0.005000 0.013953
0 0.548750 0.060465 0.005000 0.013953
0 0.211250 0.437209 0.015000 0.041860
0 0.863750 0.863953 0.010000 0.025581
0 0.708750 0.732558 0.027500 0.051163
0 0.989375 0.326744 0.016250 0.039535
0 0.830000 0.731395 0.022500 0.030233
0 0.615625 0.072093 0.018750 0.083721
0 0.213125 0.036047 0.026250 0.058140
0 0.034375 0.847674 0.008750 0.020930
0 0.045625 0.691860 0.011250 0.011628
0 0.478125 0.072093 0.033750 0.046512
0 0.070625 0.444186 0.026250 0.027907
0 0.803125 0.723256 0.028750 0.032558
0 0.588750 0.594186 0.007500 0.016279
0 0.200000 0.587209 0.017500 0.034884
0 0.320625 0.217442 0.003750 0.016279
0 0.943750 0.730233 0.032500 0.037209
0 0.010000 0.523256 0.007500 0.041860
0 0.664375 0.456977 0.023750 0.016279
0 0.187500 0.026744 0.010000 0.025581
0 0.173125 0.361628 0.013750 0.011628
0 0.217500 0.691860 0.035000 0.044186
0 0.088750 0.968605 0.010000 0.034884
0 0.747500 0.500000 0.015000 0.027907
0 0.625625 0.915116 0.003750 0.016279
0 0.901875 0.675581 0.021250 0.025581
0 0.528125 0.059302 0.021250 0.048837
0 0.970000 0.051163 0.005000 0.013953
0 0.420625 0.181395 0.008750 0.018605
0 0.316250 0.477907 0.032500 0.048837
