0 0.274324 0.334232 0.067568 0.037736
0 0.048649 0.502695 0.081081 0.045822
0 0.171622 0.025606 0.013514 0.045822
0 0.481081 0.535040 0.005405 0.024259
0 0.010811 0.754717 0.021622 0.021563
0 0.025676 0.091644 0.018919 0.048518
0 0.117568 0.041779 0.062162 0.061995
0 0.239189 0.766846 0.029730 0.024259
0 0.813514 0.346361 0.016216 0.024259
0 0.687838 0.819407 0.040541 0.021563
0 0.435135 0.571429 0.027027 0.016173
0 0.277027 0.889488 0.056757 0.043127
0 0.870270 0.327493 0.048649 0.072776
0 0.585135 0.191375 0.008108 0.016173
0 0.139189 0.830189 0.105405 0.032345
0 0.320270 0.548518 0.024324 0.029650
0 0.890541 0.088949 0.067568 0.053908
0 0.248649 0.824798 0.102703 0.037736
0 0.248649 0.520216 0.010811 0.016173
0 0.277027 0.278976 0.062162 0.061995
0 0.864865 0.672507 0.027027 0.035040
0 0.771622 0.444744 0.062162 0.059299
0 0.489189 0.311321 0.054054 0.067385
0 0.124324 0.654987 0.081081 0.048518
0 0.620270 0.772237 0.008108 0.018868
0 0.422973 0.423181 0.018919 0.037736
0 0.502703 0.250674 0.081081 0.048518
0 0.321622 0.715633 0.032432 0.045822
0 0.139189 0.896226 0.056757 0.067385
0 0.056757 0.043127 0.054054 0.043127
0 0.017568 0.299191 0.013514 0.026954
0 0.894595 0.036388 0.081081 0.045822
0 0.431081 0.886792 0.045946 0.070081
0 0.301351 0.110512 0.051351 0.075472
