0 0.943750 0.918750 0.020833 0.020833
0 0.133333 0.962500 0.175000 0.050000
0 0.314583 0.233333 0.037500 0.025000
0 0.445833 0.231250 0.058333 0.070833
0 0.197917 0.902083 0.037500 0.020833
0 0.479167 0.733333 0.058333 0.066667
0 0.068750 0.914583 0.012500 0.037500
0 0.893750 0.154167 0.037500 0.041667
0 0.477083 0.666667 0.012500 0.025000
0 0.308333 0.404167 0.125000 0.075000
0 0.379167 0.195833 0.066667 0.133333
0 0.141667 0.716667 0.116667 0.075000
0 0.737500 0.231250 0.066667 0.129167
0 0.550000 0.541667 0.083333 0.066667
0 0.456250 0.908333 0.012500 0.025000
0 0.039583 0.945833 0.079167 0.083333
0 0.745833 0.895833 0.016667 0.025000
0 0.670833 0.402083 0.091667 0.095833
0 0.693750 0.647917 0.045833 0.029167
0 0.100000 0.247917 0.016667 0.020833
0 0.962500 0.631250 0.016667 0.020833
0 0.143750 0.095833 0.012500 0.025000
0 0.114583 0.635417 0.145833 0.062500
0 0.247917 0.177083 0.087500 0.079167
0 0.691667 0.604167 0.033333 0.050000
0 0.489583 0.137500 0.012500 0.025000
0 0.847917 0.693750 0.129167 0.070833
0 0.189583 0.095833 0.062500 0.041667
0 0.431250 0.716667 0.029167 0.075000
0 0.477083 0.072917 0.112500 0.079167
0 0.679167 0.289583 0.041667 0.070833
0 0.462500 0.297917 0.016667 0.037500
0 0.337500 0.472917 0.058333 0.020833
0 0.143750 0.066667 0.020833 0.016667
0 0.289583 0.331250 0.029167 0.012500
0 0.112500 0.079167 0.033333 0.108333
0 0.072917 0.404167 0.104167 0.091667
