0 0.714646 0.505464 0.005051 0.009107
0 0.069865 0.857923 0.031987 0.047359
0 0.079125 0.504554 0.013468 0.018215
0 0.219697 0.324226 0.035354 0.014572
0 0.916667 0.387067 0.008418 0.009107
0 0.643939 0.348816 0.042088 0.012750
0 0.140572 0.775046 0.015152 0.016393
0 0.060606 0.953552 0.006734 0.009107
0 0.306397 0.756831 0.013468 0.023679
0 0.833333 0.102004 0.053872 0.029144
0 0.618687 0.969035 0.011785 0.021858
0 0.845960 0.412568 0.005051 0.009107
0 0.431818 0.200364 0.011785 0.032787
0 0.367845 0.224044 0.018519 0.029144
0 0.395623 0.173953 0.053872 0.023679
0 0.184343 0.442623 0.015152 0.043716
0 0.803030 0.727687 0.026936 0.020036
0 0.971380 0.711293 0.010101 0.005464
0 0.563131 0.627505 0.025253 0.009107
0 0.227273 0.296903 0.006734 0.025501
0 0.924242 0.199454 0.003367 0.009107
0 0.978956 0.857923 0.031987 0.032787
0 0.796296 0.766849 0.013468 0.036430
0 0.773569 0.214026 0.005051 0.009107
0 0.079966 0.423497 0.038721 0.038251
0 0.734007 0.612933 0.010101 0.012750
0 0.622054 0.955373 0.0824916 0.0856102
