0 0.243636 0.634545 0.014545 0.018182
0 0.792727 0.049091 0.080000 0.083636
0 0.232727 0.818182 0.065455 0.043636
0 0.127273 0.527273 0.014545 0.036364
0 0.945455 0.623636 0.072727 0.061818
0 0.427273 0.494545 0.083636 0.050909
0 0.949091 0.054545 0.087273 0.058182
0 0.741818 0.350909 0.014545 0.047273
0 0.189091 0.796364 0.014545 0.036364
0 0.120000 0.363636 0.080000 0.058182
0 0.940000 0.180000 0.018182 0.047273
0 0.334545 0.414545 0.087273 0.043636
0 0.714545 0.516364 0.076364 0.094545
0 0.863636 0.923636 0.018182 0.014545
0 0.905455 0.247273 0.043636 0.058182
0 0.452727 0.816364 0.040000 0.069091
0 0.821818 0.914545 0.014545 0.018182
0 0.132727 0.763636 0.010909 0.021818
0 0.889091 0.032727 0.025455 0.065455
0 0.072727 0.732727 0.043636 0.047273
0 0.738182 0.143636 0.014545 0.018182
0 0.814545 0.887273 0.014545 0.029091
0 0.601818 0.696364 0.112727 0.061818
0 0.698182 0.045455 0.087273 0.076364
0 0.803636 0.800000 0.036364 0.021818
0 0.641818 0.085455 0.018182 0.061818
0 0.356364 0.549091 0.094545 0.050909
0 0.038182 0.236364 0.069091 0.094545
0 0.427273 0.423636 0.032727 0.032727
0 0.109091 0.496364 0.014545 0.025455
0 0.890909 0.936364 0.021818 0.025455
0 0.549091 0.929091 0.072727 0.047273
0 0.745455 0.774545 0.043636 0.094545
0 0.207273 0.636364 0.043636 0.050909
0 0.210909 0.214545 0.116364 0.058182
0 0.465455 0.885455 0.087273 0.054545
0 0.954545 0.856364 0.054545 0.047273
0 0.909091 0.480000 0.043636 0.065455
0 0.334545 0.176364 0.014545 0.018182
0 0.038182 0.140000 0.076364 0.090909
0 0.029091 0.067273 0.058182 0.047273
0 0.310909 0.769091 0.083636 0.083636
0 0.634545 0.296364 0.090909 0.076364
0 0.540000 0.534545 0.018182 0.014545
0 0.396364 0.807273 0.029091 0.058182
0 0.401818 0.780000 0.054545 0.083636
