0 0.195833 0.710417 0.050000 0.029167
0 0.329167 0.308333 0.008333 0.025000
0 0.925000 0.779167 0.050000 0.041667
0 0.568750 0.560417 0.162500 0.054167
0 0.800000 0.831250 0.091667 0.054167
0 0.333333 0.716667 0.075000 0.075000
0 0.539583 0.022917 0.029167 0.029167
0 0.785417 0.533333 0.037500 0.041667
0 0.731250 0.800000 0.037500 0.041667
0 0.104167 0.570833 0.041667 0.050000
0 0.831250 0.597917 0.012500 0.020833
0 0.368750 0.168750 0.012500 0.029167
0 0.243750 0.791667 0.020833 0.033333
0 0.685417 0.668750 0.062500 0.087500
0 0.427083 0.900000 0.079167 0.108333
0 0.727083 0.185417 0.029167 0.012500
0 0.247917 0.697917 0.062500 0.137500
0 0.072917 0.527083 0.062500 0.029167
0 0.045833 0.479167 0.066667 0.050000
0 0.779167 0.675000 0.033333 0.033333
0 0.102083 0.912500 0.004167 0.016667
0 0.487500 0.127083 0.041667 0.054167
0 0.210417 0.204167 0.004167 0.008333
0 0.470833 0.781250 0.008333 0.012500
0 0.593750 0.662500 0.112500 0.075000
0 0.827083 0.439583 0.095833 0.037500
0 0.402083 0.800000 0.070833 0.075000
0 0.679167 0.050000 0.141667 0.058333
0 0.293750 0.468750 0.012500 0.020833
0 0.560417 0.795833 0.029167 0.016667
0 0.077083 0.893750 0.004167 0.012500
