0 0.601990 0.680147 0.044776 0.046569
0 0.950249 0.087010 0.034826 0.090686
0 0.777363 0.958333 0.012438 0.009804
0 0.787313 0.338235 0.012438 0.019608
0 0.958955 0.444853 0.062189 0.022059
0 0.345771 0.164216 0.009950 0.019608
0 0.416667 0.601716 0.067164 0.036765
0 0.138060 0.058824 0.027363 0.093137
0 0.715174 0.363971 0.012438 0.022059
0 0.539801 0.879902 0.034826 0.019608
0 0.343284 0.067402 0.034826 0.022059
0 0.284826 0.937500 0.012438 0.012255
0 0.402985 0.272059 0.054726 0.039216
0 0.167910 0.415441 0.007463 0.017157
0 0.599502 0.031863 0.029851 0.014706
0 0.572139 0.665441 0.009950 0.012255
0 0.873134 0.424020 0.074627 0.044118
0 0.130597 0.795343 0.007463 0.017157
0 0.569652 0.772059 0.054726 0.044118
0 0.896766 0.840686 0.022388 0.044118
0 0.669154 0.234069 0.044776 0.031863
0 0.019900 0.088235 0.039801 0.073529
0 0.485075 0.219363 0.054726 0.041667
0 0.242537 0.379902 0.012438 0.009804
0 0.929104 0.193627 0.012438 0.009804
0 0.567164 0.172794 0.014925 0.017157
0 0.685323 0.029412 0.062189 0.044118
0 0.697761 0.569853 0.022388 0.026961
0 0.963930 0.498775 0.032338 0.071078
0 0.799751 0.659314 0.017413 0.024510
0 0.888060 0.504902 0.044776 0.068627
0 0.541045 0.909314 0.012438 0.024510
0 0.243781 0.134804 0.024876 0.029412
0 0.410448 0.735294 0.029851 0.078431
0 0.200249 0.542892 0.077114 0.041667
0 0.329602 0.588235 0.017413 0.034314
0 0.559701 0.491422 0.009950 0.012255
0 0.430348 0.460784 0.024876 0.053922
0 0.543532 0.019608 0.077114 0.034314
0 0.211443 0.692402 0.014925 0.007353
0 0.544776 0.404412 0.059701 0.053922
0 0.248756 0.330882 0.029851 0.078431
0 0.445274 0.924020 0.024876 0.019608
0 0.236318 0.455882 0.014925 0.014706
