0 0.765472 0.105895 0.016287 0.050218
0 0.597720 0.776201 0.029316 0.032751
0 0.772801 0.611354 0.014658 0.021834
0 0.459283 0.437773 0.009772 0.006550
0 0.178339 0.944323 0.004886 0.015284
0 0.338762 0.382096 0.039088 0.048035
0 0.104235 0.403930 0.016287 0.043668
0 0.872150 0.908297 0.034202 0.052402
0 0.738599 0.643013 0.021173 0.010917
0 0.861564 0.514192 0.013029 0.015284
0 0.372964 0.898472 0.016287 0.037118
0 0.018730 0.088428 0.037459 0.024017
0 0.399837 0.684498 0.011401 0.010917
0 0.493485 0.480349 0.006515 0.017467
0 0.245114 0.480349 0.034202 0.030568
0 0.289088 0.593886 0.008143 0.021834
0 0.087134 0.674672 0.008143 0.021834
0 0.336319 0.890830 0.050489 0.034934
0 0.092020 0.858079 0.011401 0.030568
0 0.086319 0.643013 0.048860 0.037118
0 0.964169 0.929039 0.006515 0.019651
0 0.578990 0.509825 0.021173 0.050218
0 0.701140 0.837336 0.004886 0.015284
0 0.530130 0.661572 0.053746 0.034934
0 0.228013 0.799127 0.052117 0.034934
0 0.307003 0.540393 0.030945 0.037118
0 0.733713 0.089520 0.004886 0.013100
0 0.157980 0.633188 0.026059 0.021834
0 0.890879 0.617904 0.016287 0.021834
0 0.483713 0.356987 0.045603 0.041485
0 0.222313 0.124454 0.043974 0.039301
0 0.559446 0.436681 0.027687 0.030568
0 0.815961 0.101528 0.032573 0.050218
0 0.913681 0.756550 0.019544 0.050218
0 0.280130 0.267467 0.013029 0.028384
0 0.438111 0.303493 0.035831 0.052402
0 0.955212 0.134279 0.008143 0.028384
