0 0.548684 0.311497 0.007895 0.013369
0 0.700000 0.447861 0.026316 0.050802
0 0.748684 0.229947 0.007895 0.021390
0 0.246053 0.787433 0.039474 0.029412
0 0.577632 0.192513 0.039474 0.016043
0 0.798684 0.229947 0.018421 0.037433
0 0.082895 0.061497 0.081579 0.032086
0 0.357895 0.943850 0.084211 0.042781
0 0.809211 0.351604 0.002632 0.008021
0 0.619737 0.905080 0.028947 0.024064
0 0.822368 0.633690 0.028947 0.085561
0 0.648684 0.217914 0.039474 0.024064
0 0.536842 0.919786 0.047368 0.074866
0 0.082895 0.818182 0.065789 0.048128
0 0.648684 0.810160 0.034211 0.032086
0 0.178947 0.390374 0.010526 0.005348
0 0.485526 0.799465 0.007895 0.010695
0 0.625000 0.351604 0.023684 0.050802
0 0.514474 0.663102 0.023684 0.042781
0 0.367105 0.542781 0.013158 0.010695
0 0.853947 0.144385 0.028947 0.042781
0 0.752632 0.741979 0.089474 0.040107
0 0.796053 0.332888 0.002632 0.008021
0 0.338158 0.90107 0.0184211 0.0481283
