0 0.220365 0.226667 0.051672 0.046667
0 0.788754 0.640000 0.075988 0.053333
0 0.174772 0.715000 0.039514 0.043333
0 0.808511 0.150000 0.048632 0.040000
0 0.866261 0.915000 0.042553 0.030000
0 0.455927 0.403333 0.085106 0.060000
0 0.793313 0.946667 0.042553 0.066667
0 0.164134 0.110000 0.079027 0.066667
0 0.440729 0.343333 0.042553 0.053333
0 0.398176 0.093333 0.103343 0.053333
0 0.927052 0.813333 0.115502 0.046667
0 0.268997 0.246667 0.009119 0.026667
0 0.465046 0.286667 0.097264 0.053333
0 0.720365 0.415000 0.079027 0.063333
0 0.939210 0.116667 0.054711 0.093333
0 0.651976 0.210000 0.051672 0.100000
0 0.348024 0.421667 0.051672 0.030000
0 0.259878 0.566667 0.088146 0.026667
0 0.142857 0.921667 0.030395 0.070000
0 0.534954 0.753333 0.072948 0.066667
0 0.758359 0.098333 0.009119 0.023333
0 0.348024 0.946667 0.015198 0.013333
0 0.205167 0.421667 0.027356 0.043333
0 0.855623 0.538333 0.082067 0.063333
0 0.635258 0.763333 0.072948 0.073333
0 0.975684 0.363333 0.018237 0.040000
0 0.012158 0.225000 0.024316 0.070000
0 0.919453 0.055000 0.009119 0.023333
0 0.615502 0.213333 0.015198 0.060000
0 0.630699 0.851667 0.021277 0.050000
0 0.542553 0.316667 0.015198 0.013333
0 0.592705 0.718333 0.018237 0.010000
0 0.522796 0.356667 0.036474 0.026667
