0 0.306925 0.875000 0.026995 0.045833
0 0.187207 0.447917 0.001174 0.008333
0 0.815728 0.884375 0.030516 0.039583
0 0.042254 0.787500 0.002347 0.004167
0 0.082160 0.692708 0.007042 0.010417
0 0.647887 0.253125 0.035211 0.035417
0 0.061620 0.228125 0.005869 0.010417
0 0.233568 0.386458 0.016432 0.035417
0 0.616197 0.851042 0.002347 0.010417
0 0.415493 0.865625 0.009390 0.010417
0 0.366197 0.604167 0.023474 0.041667
0 0.385563 0.551042 0.003521 0.006250
0 0.835094 0.106250 0.036385 0.033333
0 0.047535 0.250000 0.010563 0.045833
0 0.225352 0.916667 0.030516 0.037500
0 0.291667 0.840625 0.010563 0.018750
0 0.853286 0.521875 0.002347 0.014583
0 0.411972 0.432292 0.025822 0.047917
0 0.942488 0.389583 0.025822 0.029167
0 0.607394 0.942708 0.008216 0.022917
0 0.815728 0.177083 0.004695 0.012500
0 0.123239 0.420833 0.004695 0.016667
0 0.750000 0.423958 0.004695 0.022917
0 0.284624 0.151042 0.034038 0.035417
0 0.504108 0.937500 0.017606 0.025000
