0 0.866379 0.585427 0.146552 0.075377
0 0.202586 0.052764 0.112069 0.075377
0 0.480603 0.510050 0.133621 0.085427
0 0.480603 0.110553 0.012931 0.030151
0 0.950431 0.693467 0.012931 0.040201
0 0.519397 0.746231 0.099138 0.115578
0 0.726293 0.133166 0.056034 0.045226
0 0.439655 0.685930 0.051724 0.095477
0 0.353448 0.716080 0.094828 0.115578
0 0.372845 0.555276 0.073276 0.155779
0 0.556034 0.070352 0.129310 0.090452
0 0.894397 0.484925 0.107759 0.105528
0 0.500000 0.231156 0.129310 0.090452
0 0.935345 0.829146 0.129310 0.090452
0 0.829741 0.417085 0.012931 0.040201
0 0.314655 0.459799 0.034483 0.095477
0 0.109914 0.160804 0.047414 0.070352
0 0.140086 0.562814 0.021552 0.050251
0 0.396552 0.442211 0.051724 0.040201
0 0.243534 0.731156 0.116379 0.095477
0 0.068966 0.301508 0.068966 0.170854
0 0.168103 0.434673 0.094828 0.115578
0 0.556034 0.660804 0.034483 0.045226
0 0.392241 0.379397 0.034483 0.075377
0 0.107759 0.384422 0.017241 0.035176
0 0.086207 0.736181 0.068966 0.085427
0 0.415948 0.881910 0.107759 0.105528
0 0.855603 0.826633 0.021552 0.045226
0 0.661638 0.175879 0.073276 0.150754
0 0.605603 0.175879 0.030172 0.050251
0 0.698276 0.979899 0.017241 0.030151
0 0.806034 0.761307 0.068966 0.105528
0 0.364224 0.354271 0.012931 0.035176
0 0.267241 0.937186 0.077586 0.045226
0 0.032328 0.685930 0.030172 0.085427
0 0.584052 0.924623 0.012931 0.030151
0 0.079741 0.577889 0.030172 0.070352
0 0.663793 0.414573 0.008621 0.045226
0 0.118534 0.346734 0.012931 0.030151
0 0.885776 0.944724 0.073276 0.100503
0 0.469828 0.047739 0.034483 0.095477
