0 0.984085 0.312842 0.021220 0.035519
0 0.535809 0.412568 0.010610 0.021858
0 0.819629 0.211749 0.021220 0.013661
0 0.673740 0.698087 0.031830 0.051913
0 0.640584 0.207650 0.076923 0.049180
0 0.049072 0.438525 0.034483 0.019126
0 0.594164 0.184426 0.010610 0.013661
0 0.661804 0.101093 0.007958 0.021858
0 0.309019 0.602459 0.018568 0.030055
0 0.592838 0.040984 0.061008 0.060109
0 0.157825 0.469945 0.066313 0.060109
0 0.978780 0.228142 0.026525 0.030055
0 0.919098 0.259563 0.018568 0.010929
0 0.679045 0.065574 0.010610 0.010929
0 0.903183 0.058743 0.029178 0.030055
0 0.915119 0.833333 0.005305 0.016393
0 0.267905 0.565574 0.047745 0.060109
0 0.640584 0.995902 0.007958 0.008197
0 0.228117 0.127049 0.053050 0.040984
0 0.343501 0.214481 0.007958 0.019126
0 0.468170 0.904372 0.018568 0.016393
0 0.098143 0.883880 0.037135 0.019126
0 0.689655 0.898907 0.047745 0.032787
0 0.794430 0.088798 0.018568 0.035519
