0 0.756839 0.561667 0.012158 0.016667
0 0.721884 0.113333 0.063830 0.026667
0 0.313070 0.613333 0.048632 0.026667
0 0.905775 0.486667 0.012158 0.046667
0 0.183891 0.616667 0.015198 0.013333
0 0.586626 0.938333 0.024316 0.010000
0 0.053191 0.198333 0.100304 0.050000
0 0.217325 0.905000 0.009119 0.023333
0 0.917933 0.341667 0.030395 0.043333
0 0.562310 0.935000 0.012158 0.016667
0 0.416413 0.410000 0.042553 0.040000
0 0.696049 0.338333 0.012158 0.016667
0 0.203647 0.730000 0.072948 0.073333
0 0.542553 0.463333 0.009119 0.020000
0 0.194529 0.915000 0.030395 0.050000
0 0.247720 0.700000 0.009119 0.020000
0 0.434650 0.475000 0.054711 0.056667
0 0.612462 0.235000 0.027356 0.050000
0 0.560790 0.821667 0.015198 0.023333
0 0.972644 0.711667 0.018237 0.016667
0 0.829787 0.325000 0.060790 0.063333
0 0.512158 0.890000 0.088146 0.060000
0 0.492401 0.101667 0.097264 0.036667
0 0.907295 0.766667 0.057751 0.046667
0 0.445289 0.925000 0.039514 0.043333
0 0.981763 0.338333 0.018237 0.050000
0 0.515198 0.776667 0.039514 0.066667
0 0.501520 0.290000 0.018237 0.046667
0 0.124620 0.361667 0.060790 0.090000
0 0.527356 0.436667 0.045593 0.026667
0 0.209726 0.011667 0.018237 0.023333
0 0.018237 0.091667 0.012158 0.016667
0 0.351064 0.143333 0.039514 0.066667
0 0.872340 0.938333 0.103343 0.050000
0 0.703647 0.053333 0.075988 0.073333
0 0.551672 0.530000 0.051672 0.100000
0 0.747720 0.420000 0.018237 0.020000
0 0.452888 0.790000 0.072948 0.073333
0 0.366261 0.205000 0.021277 0.016667
0 0.425532 0.783333 0.085106 0.060000
0 0.392097 0.926667 0.054711 0.100000
0 0.265957 0.376667 0.027356 0.066667
0 0.142857 0.065000 0.127660 0.043333
0 0.814590 0.510000 0.012158 0.033333
0 0.448328 0.051667 0.094225 0.056667
0 0.036474 0.056667 0.072948 0.073333
