0 0.742967 0.210256 0.007673 0.015385
0 0.956522 0.916667 0.010230 0.012821
0 0.620205 0.816667 0.007673 0.023077
0 0.937340 0.434615 0.069054 0.048718
0 0.331202 0.726923 0.038363 0.058974
0 0.476982 0.229487 0.033248 0.043590
0 0.368286 0.407692 0.020460 0.030769
0 0.767263 0.139744 0.020460 0.048718
0 0.479540 0.330769 0.012788 0.010256
0 0.028133 0.057692 0.046036 0.069231
0 0.335038 0.360256 0.056266 0.058974
0 0.622762 0.500000 0.028133 0.046154
0 0.924552 0.906410 0.048593 0.028205
0 0.721228 0.642308 0.040921 0.069231
0 0.950128 0.389744 0.012788 0.010256
0 0.638107 0.656410 0.053708 0.041026
0 0.267263 0.376923 0.069054 0.046154
0 0.905371 0.558974 0.015345 0.015385
0 0.349105 0.121795 0.058824 0.033333
0 0.204604 0.539744 0.040921 0.079487
0 0.799233 0.262821 0.012788 0.012821
0 0.955243 0.355128 0.063939 0.053846
0 0.742967 0.030769 0.007673 0.015385
0 0.898977 0.402564 0.012788 0.010256
0 0.254476 0.216667 0.007673 0.017949
0 0.681586 0.112821 0.038363 0.087179
0 0.867008 0.138462 0.025575 0.035897
0 0.650895 0.033333 0.033248 0.066667
0 0.945013 0.071795 0.007673 0.015385
0 0.748082 0.892308 0.033248 0.051282
0 0.034527 0.453846 0.053708 0.020513
0 0.698210 0.374359 0.010230 0.015385
0 0.915601 0.020513 0.035806 0.020513
0 0.196931 0.943590 0.030691 0.056410
0 0.551151 0.479487 0.007673 0.015385
0 0.054987 0.791026 0.048593 0.064103
0 0.656010 0.082051 0.007673 0.015385
0 0.592072 0.807692 0.043478 0.046154
0 0.974425 0.026923 0.010230 0.023077
0 0.118926 0.342308 0.017903 0.028205
