0 0.769571 0.391671 0.010809 0.007933
0 0.955617 0.918195 0.000983 0.003966
0 0.068949 0.679970 0.011464 0.007437
0 0.846381 0.893406 0.007206 0.005949
0 0.215034 0.038176 0.002948 0.009916
0 0.613004 0.028508 0.002293 0.012395
0 0.660334 0.942241 0.005241 0.015369
0 0.290043 0.210709 0.000983 0.002975
0 0.537995 0.692117 0.005568 0.005949
0 0.157059 0.221368 0.002293 0.005454
0 0.528169 0.614774 0.002948 0.009916
0 0.101703 0.064204 0.000983 0.003471
0 0.906813 0.654933 0.000983 0.002975
0 0.755486 0.437035 0.008189 0.010412
0 0.404684 0.744175 0.007534 0.010907
0 0.922535 0.577095 0.000983 0.002975
0 0.030298 0.656173 0.009499 0.008428
0 0.208483 0.966039 0.005568 0.005454
0 0.344252 0.384978 0.001965 0.005454
0 0.520635 0.726822 0.001638 0.001983
0 0.403374 0.700793 0.005568 0.015369
0 0.362103 0.554289 0.000983 0.002975
0 0.731084 0.659147 0.003931 0.004462
0 0.207501 0.053793 0.006223 0.013386
0 0.503767 0.845067 0.005896 0.013386
0 0.320668 0.821269 0.003931 0.008428
0 0.384376 0.300446 0.005568 0.014874
0 0.679332 0.783094 0.002620 0.002479
0 0.364232 0.016609 0.008516 0.009420
0 0.292499 0.785077 0.001310 0.002479
0 0.536358 0.653941 0.002948 0.005949
0 0.875041 0.921666 0.007534 0.010907
