0 0.440665 0.618590 0.049051 0.036325
0 0.884494 0.199786 0.006329 0.010684
0 0.882120 0.149573 0.017405 0.025641
0 0.782437 0.808761 0.007911 0.010684
0 0.699367 0.863248 0.009494 0.008547
0 0.645570 0.645299 0.022152 0.021368
0 0.543513 0.258547 0.004747 0.012821
0 0.375000 0.804487 0.018987 0.019231
0 0.238133 0.810897 0.036392 0.049145
0 0.121044 0.323718 0.026899 0.057692
0 0.882120 0.683761 0.007911 0.025641
0 0.604430 0.202991 0.022152 0.064103
0 0.038766 0.829060 0.039557 0.047009
0 0.264241 0.056624 0.056962 0.032051
0 0.867089 0.495726 0.012658 0.038462
0 0.439082 0.511752 0.049051 0.032051
0 0.604430 0.323718 0.025316 0.070513
0 0.515032 0.745726 0.007911 0.025641
0 0.514241 0.275641 0.025316 0.047009
0 0.053797 0.522436 0.012658 0.010684
0 0.150316 0.379274 0.044304 0.040598
0 0.454114 0.817308 0.025316 0.032051
0 0.562500 0.539530 0.014241 0.032051
0 0.308544 0.057692 0.009494 0.012821
0 0.228639 0.114316 0.036392 0.049145
0 0.155854 0.737179 0.004747 0.012821
0 0.515032 0.963675 0.036392 0.021368
0 0.962816 0.915598 0.052215 0.032051
0 0.692247 0.181624 0.023734 0.051282
0 0.956487 0.700855 0.042722 0.042735
0 0.117880 0.925214 0.004747 0.012821
0 0.215981 0.386752 0.004747 0.012821
0 0.556962 0.435897 0.028481 0.012821
0 0.965190 0.422009 0.034810 0.053419
0 0.180380 0.549145 0.041139 0.042735
0 0.435127 0.099359 0.012658 0.014957
0 0.725475 0.383547 0.014241 0.036325
0 0.581487 0.943376 0.036392 0.044872
