0 0.600000 0.646552 0.016216 0.028736
0 0.768919 0.196839 0.083784 0.043103
0 0.856757 0.747126 0.010811 0.028736
0 0.178378 0.066092 0.037838 0.057471
0 0.662162 0.672414 0.032432 0.051724
0 0.636486 0.163793 0.035135 0.068966
0 0.635135 0.716954 0.005405 0.008621
0 0.924324 0.675287 0.032432 0.028736
0 0.136486 0.647989 0.024324 0.014368
0 0.558108 0.623563 0.062162 0.063218
0 0.400000 0.501437 0.010811 0.014368
0 0.118919 0.893678 0.010811 0.022989
0 0.039189 0.698276 0.013514 0.028736
0 0.454054 0.439655 0.005405 0.005747
0 0.474324 0.086207 0.018919 0.022989
0 0.410811 0.731322 0.086486 0.043103
0 0.982432 0.699713 0.008108 0.014368
0 0.843243 0.393678 0.021622 0.034483
0 0.127027 0.136494 0.032432 0.048851
0 0.633784 0.290230 0.045946 0.022989
0 0.650000 0.721264 0.018919 0.028736
0 0.598649 0.048851 0.067568 0.057471
0 0.429730 0.258621 0.037838 0.051724
0 0.951351 0.412356 0.021622 0.037356
0 0.416216 0.852011 0.070270 0.054598
0 0.401351 0.020115 0.013514 0.028736
0 0.727027 0.540230 0.005405 0.005747
0 0.804054 0.408046 0.051351 0.074713
0 0.418919 0.392241 0.070270 0.054598
0 0.763514 0.798851 0.024324 0.034483
0 0.852703 0.014368 0.002703 0.005747
