0 0.423729 0.769231 0.030132 0.032967
0 0.011299 0.662088 0.003766 0.005495
0 0.195857 0.891026 0.048964 0.034799
0 0.891714 0.694139 0.039548 0.043956
0 0.386064 0.881868 0.003766 0.005495
0 0.388889 0.225275 0.035782 0.025641
0 0.981168 0.402930 0.033898 0.018315
0 0.782486 0.377289 0.024482 0.010989
0 0.956685 0.703297 0.003766 0.010989
0 0.203390 0.017399 0.007533 0.009158
0 0.247646 0.168498 0.001883 0.003663
0 0.980226 0.194139 0.020716 0.040293
0 0.838983 0.004579 0.013183 0.001832
0 0.596045 0.739011 0.001883 0.005495
0 0.908663 0.652015 0.032015 0.036630
0 0.467985 0.121795 0.005650 0.005495
0 0.946328 0.145604 0.016949 0.031136
0 0.810734 0.641026 0.047081 0.032967
0 0.102637 0.894689 0.005650 0.016484
0 0.996234 0.446886 0.007533 0.021978
0 0.667608 0.491758 0.054614 0.031136
0 0.460452 0.385531 0.058380 0.031136
0 0.528249 0.602564 0.020716 0.029304
0 0.495292 0.664835 0.0301318 0.018315
