0 0.472414 0.193252 0.010345 0.042945
0 0.912931 0.694785 0.012069 0.052147
0 0.457759 0.141104 0.056897 0.049080
0 0.281034 0.523006 0.031034 0.088957
0 0.308621 0.273006 0.010345 0.024540
0 0.314655 0.766871 0.005172 0.024540
0 0.217241 0.842025 0.034483 0.082822
0 0.802586 0.050613 0.008621 0.039877
0 0.871552 0.961656 0.036207 0.033742
0 0.466379 0.555215 0.005172 0.018405
0 0.239655 0.328221 0.048276 0.055215
0 0.321552 0.233129 0.053448 0.049080
0 0.476724 0.909509 0.039655 0.070552
0 0.610345 0.576687 0.044828 0.061350
0 0.984483 0.969325 0.006897 0.018405
0 0.087931 0.345092 0.010345 0.021472
0 0.178448 0.269939 0.005172 0.018405
0 0.548276 0.696319 0.006897 0.024540
0 0.721552 0.332822 0.022414 0.033742
0 0.093103 0.088957 0.027586 0.104294
0 0.416379 0.188650 0.022414 0.088957
0 0.549138 0.829755 0.022414 0.046012
0 0.131897 0.161043 0.036207 0.076687
0 0.811207 0.907975 0.025862 0.079755
0 0.208621 0.133436 0.044828 0.064417
0 0.468103 0.104294 0.005172 0.018405
0 0.250862 0.550613 0.018966 0.052147
0 0.161207 0.200920 0.005172 0.021472
0 0.975000 0.641104 0.005172 0.018405
0 0.764655 0.946319 0.063793 0.039877
0 0.377586 0.150307 0.027586 0.030675
0 0.217241 0.392638 0.031034 0.061350
0 0.037069 0.478528 0.008621 0.012270
0 0.648276 0.909509 0.017241 0.052147
0 0.281897 0.246933 0.022414 0.046012
0 0.682759 0.093558 0.058621 0.046012
0 0.518966 0.162577 0.013793 0.030675
0 0.035345 0.895706 0.008621 0.042945
0 0.283621 0.953988 0.005172 0.018405
0 0.957759 0.904908 0.018966 0.049080
0 0.023276 0.832822 0.039655 0.070552
0 0.953448 0.245399 0.006897 0.036810
