0 0.425311 0.263158 0.087137 0.105263
0 0.827801 0.125000 0.004149 0.013158
0 0.630705 0.065789 0.066390 0.114035
0 0.441909 0.817982 0.062241 0.074561
0 0.761411 0.035088 0.004149 0.017544
0 0.056017 0.484649 0.037344 0.057018
0 0.491701 0.427632 0.004149 0.013158
0 0.201245 0.563596 0.020747 0.021930
0 0.908714 0.791667 0.132780 0.065789
0 0.404564 0.484649 0.020747 0.013158
0 0.858921 0.186404 0.016598 0.013158
0 0.329876 0.471491 0.053942 0.065789
0 0.794606 0.085526 0.020747 0.030702
0 0.902490 0.495614 0.020747 0.026316
0 0.058091 0.673246 0.008299 0.013158
0 0.943983 0.660088 0.037344 0.057018
0 0.522822 0.589912 0.107884 0.083333
0 0.968880 0.980263 0.004149 0.013158
0 0.031120 0.605263 0.045643 0.070175
0 0.645228 0.434211 0.037344 0.035088
0 0.381743 0.188596 0.024896 0.035088
0 0.792531 0.787281 0.091286 0.100877
0 0.875519 0.697368 0.024896 0.035088
0 0.827801 0.035088 0.128631 0.061404
