0 0.795833 0.891667 0.091667 0.066667
0 0.033333 0.527083 0.050000 0.037500
0 0.510417 0.337500 0.054167 0.075000
0 0.581250 0.535417 0.029167 0.037500
0 0.654167 0.127083 0.041667 0.045833
0 0.739583 0.193750 0.095833 0.054167
0 0.683333 0.725000 0.066667 0.091667
0 0.295833 0.352083 0.008333 0.020833
0 0.070833 0.181250 0.025000 0.020833
0 0.814583 0.035417 0.012500 0.012500
0 0.527083 0.541667 0.070833 0.075000
0 0.150000 0.900000 0.041667 0.025000
0 0.833333 0.231250 0.033333 0.020833
0 0.533333 0.806250 0.150000 0.062500
0 0.739583 0.791667 0.020833 0.041667
0 0.700000 0.239583 0.016667 0.029167
0 0.210417 0.500000 0.112500 0.075000
0 0.943750 0.164583 0.012500 0.037500
0 0.364583 0.593750 0.012500 0.029167
0 0.595833 0.756250 0.008333 0.020833
0 0.454167 0.739583 0.025000 0.062500
0 0.458333 0.589583 0.058333 0.054167
0 0.112500 0.387500 0.083333 0.075000
0 0.818750 0.577083 0.029167 0.029167
0 0.539583 0.175000 0.020833 0.008333
0 0.208333 0.393750 0.066667 0.087500
0 0.677083 0.170833 0.020833 0.033333
0 0.841667 0.193750 0.008333 0.020833
0 0.112500 0.639583 0.008333 0.020833
0 0.089583 0.652083 0.029167 0.020833
0 0.937500 0.631250 0.091667 0.062500
