0 0.476351 0.961883 0.043919 0.044843
0 0.690034 0.811659 0.011824 0.053812
0 0.304054 0.162556 0.020270 0.060538
0 0.906250 0.095291 0.018581 0.024664
0 0.890203 0.911435 0.020270 0.029148
0 0.277027 0.468610 0.054054 0.035874
0 0.616554 0.145740 0.091216 0.022422
0 0.170608 0.340807 0.016892 0.049327
0 0.378378 0.312780 0.047297 0.042601
0 0.299831 0.506726 0.032095 0.026906
0 0.626689 0.395740 0.006757 0.024664
0 0.722973 0.721973 0.020270 0.053812
0 0.431588 0.147982 0.048986 0.040359
0 0.558277 0.522422 0.025338 0.076233
0 0.109797 0.476457 0.010135 0.038117
0 0.064189 0.933857 0.003378 0.020179
0 0.798142 0.330717 0.005068 0.020179
0 0.135135 0.497758 0.016892 0.044843
0 0.206081 0.692825 0.040541 0.049327
0 0.090372 0.439462 0.008446 0.008969
0 0.425676 0.741031 0.030405 0.015695
0 0.562500 0.645740 0.006757 0.013453
0 0.955236 0.344170 0.015203 0.024664
0 0.773649 0.337444 0.020270 0.020179
0 0.616554 0.906951 0.047297 0.042601
0 0.938345 0.208520 0.005068 0.013453
0 0.478885 0.232063 0.042230 0.033632
0 0.008446 0.143498 0.006757 0.013453
0 0.869088 0.773543 0.025338 0.026906
