0 0.392226 0.094915 0.070671 0.047458
0 0.533569 0.808475 0.106007 0.044068
0 0.049470 0.322034 0.056537 0.074576
0 0.961131 0.720339 0.056537 0.050847
0 0.542403 0.627119 0.067138 0.088136
0 0.466431 0.830508 0.021201 0.020339
0 0.743816 0.577966 0.010601 0.030508
0 0.060071 0.532203 0.049470 0.047458
0 0.501767 0.605085 0.007067 0.016949
0 0.551237 0.340678 0.113074 0.057627
0 0.379859 0.944068 0.045936 0.091525
0 0.291519 0.347458 0.024735 0.044068
0 0.934629 0.938983 0.017668 0.020339
0 0.708481 0.727119 0.053004 0.050847
0 0.166078 0.635593 0.042403 0.057627
0 0.348057 0.559322 0.017668 0.040678
0 0.929329 0.608475 0.106007 0.057627
0 0.616608 0.164407 0.010601 0.010169
0 0.386926 0.432203 0.081272 0.077966
0 0.787986 0.305085 0.014134 0.020339
0 0.826855 0.284746 0.021201 0.020339
0 0.551237 0.774576 0.007067 0.016949
0 0.567138 0.403390 0.010601 0.040678
0 0.860424 0.549153 0.067138 0.054237
0 0.637809 0.100000 0.017668 0.030508
0 0.789753 0.564407 0.060071 0.044068
0 0.865724 0.833898 0.106007 0.061017
0 0.544170 0.740678 0.098940 0.037288
0 0.971731 0.023729 0.014134 0.020339
