0 0.427400 0.926205 0.021077 0.063253
0 0.809133 0.661145 0.002342 0.009036
0 0.428571 0.573795 0.018735 0.045181
0 0.626464 0.066265 0.007026 0.006024
0 0.933255 0.960843 0.039813 0.042169
0 0.748244 0.769578 0.016393 0.021084
0 0.330211 0.280120 0.018735 0.024096
0 0.991803 0.606928 0.002342 0.015060
0 0.129977 0.049699 0.011710 0.009036
0 0.781030 0.221386 0.025761 0.027108
0 0.416862 0.030120 0.004684 0.006024
0 0.867681 0.239458 0.016393 0.045181
0 0.077283 0.433735 0.014052 0.012048
0 0.926230 0.293675 0.086651 0.039157
0 0.159251 0.111446 0.056206 0.048193
0 0.092506 0.246988 0.049180 0.036145
0 0.325527 0.472892 0.037471 0.042169
0 0.475410 0.861446 0.065574 0.054217
0 0.188525 0.641566 0.039813 0.072289
0 0.411007 0.231928 0.063232 0.054217
0 0.366511 0.688253 0.021077 0.021084
0 0.632319 0.028614 0.018735 0.015060
0 0.934426 0.746988 0.014052 0.036145
0 0.509368 0.033133 0.058548 0.060241
0 0.870023 0.489458 0.002342 0.009036
0 0.325527 0.161145 0.009368 0.033133
0 0.380562 0.832831 0.007026 0.015060
0 0.607728 0.668675 0.025761 0.054217
