0 0.404054 0.914865 0.045946 0.083784
0 0.897297 0.509459 0.048649 0.078378
0 0.724324 0.100000 0.086486 0.043243
0 0.468919 0.736486 0.024324 0.024324
0 0.025676 0.029730 0.013514 0.010811
0 0.685135 0.385135 0.029730 0.018919
0 0.682432 0.570270 0.008108 0.016216
0 0.558108 0.705405 0.035135 0.037838
0 0.109459 0.866216 0.029730 0.051351
0 0.251351 0.686486 0.010811 0.037838
0 0.698649 0.172973 0.035135 0.048649
0 0.205405 0.516216 0.032432 0.037838
0 0.932432 0.117568 0.010811 0.013514
0 0.602703 0.490541 0.086486 0.045946
0 0.052703 0.070270 0.013514 0.010811
0 0.429730 0.322973 0.027027 0.062162
0 0.463514 0.059459 0.013514 0.010811
0 0.828378 0.225676 0.083784 0.045946
0 0.468919 0.262162 0.078378 0.048649
0 0.605405 0.785135 0.005405 0.024324
0 0.344595 0.054054 0.062162 0.059459
0 0.268919 0.194595 0.008108 0.016216
0 0.941892 0.856757 0.008108 0.016216
0 0.377027 0.118919 0.067568 0.059459
0 0.762162 0.710811 0.043243 0.027027
0 0.470270 0.129730 0.043243 0.043243
0 0.093243 0.112162 0.024324 0.013514
0 0.954054 0.775676 0.081081 0.048649
0 0.656757 0.429730 0.043243 0.070270
0 0.617568 0.017568 0.013514 0.013514
0 0.058108 0.858108 0.067568 0.056757
0 0.086486 0.801351 0.075676 0.051351
0 0.844595 0.191892 0.008108 0.016216
0 0.945946 0.074324 0.054054 0.062162
0 0.816216 0.660811 0.054054 0.045946
0 0.372973 0.910811 0.010811 0.016216
0 0.714865 0.683784 0.024324 0.043243
0 0.897297 0.167568 0.086486 0.043243
0 0.054054 0.078378 0.081081 0.048649
0 0.960811 0.617568 0.072973 0.051351
0 0.272973 0.025676 0.070270 0.051351
