0 0.391667 0.854167 0.025000 0.033333
0 0.691667 0.258333 0.025000 0.041667
0 0.100000 0.397917 0.025000 0.079167
0 0.397917 0.056250 0.037500 0.020833
0 0.750000 0.193750 0.083333 0.112500
0 0.850000 0.147917 0.025000 0.054167
0 0.254167 0.379167 0.016667 0.025000
0 0.602083 0.760417 0.104167 0.087500
0 0.797917 0.100000 0.070833 0.108333
0 0.729167 0.052083 0.108333 0.079167
0 0.893750 0.885417 0.079167 0.079167
0 0.516667 0.850000 0.100000 0.058333
0 0.918750 0.681250 0.037500 0.054167
0 0.193750 0.037500 0.012500 0.025000
0 0.137500 0.379167 0.041667 0.116667
0 0.337500 0.731250 0.108333 0.079167
0 0.947917 0.758333 0.095833 0.058333
0 0.356250 0.658333 0.054167 0.050000
0 0.797917 0.670833 0.054167 0.025000
0 0.610417 0.929167 0.062500 0.141667
0 0.285417 0.216667 0.037500 0.033333
0 0.091667 0.916667 0.041667 0.033333
0 0.220833 0.572917 0.025000 0.054167
0 0.666667 0.481250 0.066667 0.095833
0 0.777083 0.925000 0.012500 0.025000
0 0.879167 0.789583 0.033333 0.104167
0 0.475000 0.089583 0.033333 0.045833
0 0.170833 0.685417 0.058333 0.154167
0 0.475000 0.343750 0.016667 0.020833
0 0.968750 0.827083 0.029167 0.070833
0 0.672917 0.043750 0.104167 0.087500
0 0.072917 0.345833 0.020833 0.016667
0 0.120833 0.647917 0.033333 0.104167
0 0.906250 0.177083 0.012500 0.037500
0 0.579167 0.058333 0.066667 0.100000
0 0.195833 0.547917 0.083333 0.104167
0 0.800000 0.910417 0.016667 0.020833
