0 0.438710 0.810000 0.029032 0.042857
0 0.134677 0.304286 0.056452 0.042857
0 0.544355 0.302857 0.056452 0.040000
0 0.778226 0.145714 0.004839 0.017143
0 0.497581 0.418571 0.008065 0.020000
0 0.158871 0.905714 0.033871 0.040000
0 0.078226 0.781429 0.033871 0.071429
0 0.208065 0.902857 0.006452 0.022857
0 0.303226 0.071429 0.012903 0.011429
0 0.205645 0.321429 0.008065 0.042857
0 0.218548 0.454286 0.011290 0.028571
0 0.905645 0.268571 0.027419 0.091429
0 0.875806 0.330000 0.012903 0.048571
0 0.854032 0.362857 0.027419 0.068571
0 0.006452 0.155714 0.012903 0.054286
0 0.915323 0.400000 0.011290 0.017143
0 0.286290 0.238571 0.017742 0.042857
0 0.848387 0.572857 0.016129 0.048571
0 0.712097 0.084286 0.008065 0.014286
0 0.393548 0.874286 0.022581 0.051429
0 0.724194 0.062857 0.006452 0.028571
0 0.879032 0.285714 0.016129 0.034286
0 0.454032 0.542857 0.008065 0.017143
0 0.064516 0.718571 0.048387 0.048571
0 0.763710 0.657143 0.004839 0.017143
0 0.100000 0.300000 0.009677 0.028571
0 0.675806 0.860000 0.045161 0.051429
0 0.533871 0.404286 0.061290 0.037143
0 0.572581 0.255714 0.032258 0.048571
0 0.038710 0.760000 0.025806 0.028571
0 0.707258 0.347143 0.011290 0.054286
0 0.350806 0.862857 0.033871 0.068571
0 0.804839 0.018571 0.032258 0.037143
0 0.134677 0.218571 0.004839 0.025714
0 0.604032 0.338571 0.008065 0.014286
0 0.516129 0.240000 0.022581 0.080000
0 0.631452 0.977143 0.008065 0.017143
0 0.491129 0.847143 0.014516 0.060000
0 0.373387 0.402857 0.004839 0.017143
