0 0.688525 0.324370 0.006557 0.023529
0 0.679508 0.479832 0.008197 0.021849
0 0.178689 0.510924 0.045902 0.030252
0 0.539344 0.028571 0.055738 0.023529
0 0.089344 0.543697 0.037705 0.038655
0 0.699180 0.920168 0.057377 0.025210
0 0.705738 0.707563 0.004918 0.010084
0 0.134426 0.912605 0.013115 0.020168
0 0.486885 0.811765 0.039344 0.013445
0 0.388525 0.260504 0.009836 0.023529
0 0.136066 0.187395 0.009836 0.025210
0 0.218852 0.636975 0.018033 0.016807
0 0.772131 0.295798 0.029508 0.020168
0 0.200820 0.452941 0.067213 0.021849
0 0.154098 0.085714 0.052459 0.026891
0 0.578689 0.533613 0.036066 0.038655
0 0.360656 0.567227 0.016393 0.028571
0 0.717213 0.446218 0.021311 0.011765
0 0.063934 0.197479 0.009836 0.008403
0 0.721311 0.645378 0.039344 0.036975
0 0.666393 0.391597 0.014754 0.033613
0 0.381148 0.719328 0.040984 0.036975
0 0.132787 0.224370 0.003279 0.008403
0 0.495082 0.615966 0.009836 0.005042
0 0.186885 0.580672 0.009836 0.021849
0 0.249180 0.890756 0.016393 0.016807
0 0.374590 0.753782 0.018033 0.025210
0 0.195082 0.683193 0.013115 0.025210
