0 0.180579 0.211581 0.040886 0.017817
0 0.959114 0.320713 0.006814 0.013363
0 0.964225 0.017817 0.020443 0.013363
0 0.429302 0.083519 0.003407 0.011136
0 0.024702 0.084633 0.045997 0.044543
0 0.645656 0.070156 0.006814 0.024499
0 0.793867 0.853007 0.017036 0.048998
0 0.146508 0.220490 0.023850 0.022272
0 0.254685 0.662584 0.025554 0.046771
0 0.672913 0.527840 0.006814 0.017817
0 0.858603 0.644766 0.003407 0.011136
0 0.402896 0.535635 0.032368 0.042316
0 0.479557 0.283964 0.008518 0.028953
0 0.909710 0.459911 0.003407 0.011136
0 0.231687 0.756125 0.017036 0.033408
0 0.557070 0.703786 0.047700 0.040089
0 0.603066 0.170379 0.006814 0.011136
0 0.310051 0.749443 0.010221 0.006682
0 0.051959 0.380846 0.035775 0.048998
0 0.993186 0.410913 0.006814 0.011136
0 0.434412 0.228285 0.044293 0.028953
