0 0.237542 0.181967 0.069767 0.081967
0 0.279070 0.590164 0.053156 0.032787
0 0.274086 0.557377 0.009967 0.026230
0 0.606312 0.547541 0.063123 0.091803
0 0.559801 0.206557 0.036545 0.052459
0 0.500000 0.113115 0.109635 0.029508
0 0.443522 0.270492 0.023256 0.029508
0 0.588040 0.962295 0.026578 0.029508
0 0.744186 0.132787 0.073090 0.081967
0 0.061462 0.667213 0.116279 0.049180
0 0.700997 0.645902 0.019934 0.013115
0 0.430233 0.083607 0.036545 0.022951
0 0.604651 0.040984 0.099668 0.055738
0 0.609635 0.455738 0.009967 0.019672
0 0.282392 0.132787 0.013289 0.022951
0 0.745847 0.042623 0.043189 0.085246
0 0.370432 0.949180 0.016611 0.022951
0 0.893688 0.409836 0.073090 0.078689
0 0.151163 0.786885 0.009967 0.026230
0 0.365449 0.478689 0.093023 0.059016
0 0.101329 0.832787 0.089701 0.052459
0 0.104651 0.286885 0.016611 0.016393
0 0.348837 0.124590 0.106312 0.052459
0 0.920266 0.631148 0.059801 0.081967
0 0.639535 0.234426 0.023256 0.009836
0 0.810631 0.198361 0.019934 0.042623
0 0.303987 0.501639 0.023256 0.032787
0 0.833887 0.459016 0.013289 0.019672
0 0.325581 0.170492 0.033223 0.032787
0 0.963455 0.781967 0.066445 0.088525
0 0.712625 0.757377 0.063123 0.072131
0 0.667774 0.606557 0.093023 0.059016
