0 0.048913 0.194981 0.019565 0.027027
0 0.847826 0.301158 0.004348 0.023166
0 0.792391 0.457529 0.002174 0.011583
0 0.693478 0.930502 0.004348 0.015444
0 0.198913 0.040541 0.041304 0.057915
0 0.570652 0.843629 0.006522 0.019305
0 0.263043 0.762548 0.004348 0.034749
0 0.741304 0.461390 0.052174 0.081081
0 0.881522 0.484556 0.019565 0.019305
0 0.941304 0.720077 0.052174 0.081081
0 0.889130 0.810811 0.030435 0.030888
0 0.372826 0.471042 0.058696 0.069498
0 0.131522 0.171815 0.063043 0.065637
0 0.340217 0.171815 0.023913 0.050193
0 0.165217 0.741313 0.021739 0.061776
0 0.616304 0.563707 0.010870 0.023166
0 0.055435 0.079151 0.032609 0.050193
0 0.450000 0.893822 0.004348 0.011583
0 0.453261 0.318533 0.019565 0.027027
0 0.768478 0.938224 0.032609 0.038610
0 0.130435 0.579151 0.026087 0.038610
0 0.397826 0.739382 0.004348 0.011583
0 0.781522 0.859073 0.028261 0.104247
0 0.188043 0.853282 0.019565 0.015444
0 0.365217 0.418919 0.013043 0.027027
0 0.329348 0.766409 0.015217 0.057915
0 0.373913 0.864865 0.017391 0.061776
0 0.745652 0.320463 0.034783 0.046332
0 0.350000 0.559846 0.004348 0.015444
0 0.710870 0.146718 0.069565 0.061776
0 0.351087 0.613900 0.019565 0.015444
