0 0.438424 0.665854 0.003284 0.004878
0 0.565681 0.665041 0.050903 0.026016
0 0.835796 0.278049 0.006568 0.006504
0 0.725780 0.193496 0.006568 0.013008
0 0.657635 0.748780 0.011494 0.017886
0 0.691297 0.004878 0.009852 0.006504
0 0.233990 0.700813 0.001642 0.006504
0 0.233169 0.497561 0.009852 0.019512
0 0.403120 0.527642 0.011494 0.008130
0 0.885057 0.681301 0.039409 0.019512
0 0.828407 0.097561 0.041051 0.032520
0 0.416256 0.257724 0.037767 0.034146
0 0.976190 0.743089 0.001642 0.006504
0 0.156814 0.512195 0.008210 0.013008
0 0.569787 0.916260 0.019704 0.011382
0 0.133826 0.275610 0.031199 0.008130
0 0.094417 0.528455 0.001642 0.003252
0 0.285714 0.923577 0.016420 0.035772
0 0.623974 0.049593 0.013136 0.021138
0 0.950739 0.105691 0.026273 0.019512
0 0.401478 0.0447154 0.0180624 0.0146341
