0 0.881250 0.218750 0.104167 0.070833
0 0.047917 0.677083 0.070833 0.079167
0 0.181250 0.043750 0.020833 0.045833
0 0.108333 0.033333 0.108333 0.066667
0 0.216667 0.925000 0.025000 0.041667
0 0.860417 0.862500 0.087500 0.066667
0 0.556250 0.364583 0.029167 0.029167
0 0.710417 0.866667 0.012500 0.008333
0 0.375000 0.750000 0.100000 0.075000
0 0.416667 0.139583 0.008333 0.012500
0 0.456250 0.685417 0.054167 0.062500
0 0.531250 0.522917 0.012500 0.029167
0 0.743750 0.352083 0.012500 0.037500
0 0.358333 0.139583 0.008333 0.012500
0 0.631250 0.445833 0.012500 0.016667
0 0.793750 0.770833 0.045833 0.033333
0 0.843750 0.537500 0.012500 0.025000
0 0.760417 0.525000 0.004167 0.016667
0 0.714583 0.714583 0.012500 0.029167
0 0.050000 0.489583 0.025000 0.012500
0 0.016667 0.268750 0.008333 0.020833
0 0.564583 0.104167 0.104167 0.066667
0 0.720833 0.768750 0.016667 0.029167
0 0.858333 0.418750 0.033333 0.062500
0 0.579167 0.225000 0.125000 0.066667
0 0.125000 0.600000 0.041667 0.108333
