0 0.904348 0.698690 0.121739 0.078603
0 0.469565 0.139738 0.060870 0.069869
0 0.228261 0.152838 0.013043 0.034934
0 0.793478 0.552402 0.013043 0.065502
0 0.282609 0.949782 0.078261 0.082969
0 0.530435 0.709607 0.156522 0.065502
0 0.215217 0.602620 0.117391 0.078603
0 0.617391 0.639738 0.043478 0.065502
0 0.676087 0.624454 0.013043 0.026201
0 0.443478 0.010917 0.017391 0.021834
0 0.843478 0.954148 0.069565 0.048035
0 0.295652 0.091703 0.104348 0.043668
0 0.786957 0.395197 0.086957 0.056769
0 0.117391 0.478166 0.043478 0.039301
0 0.691304 0.486900 0.017391 0.021834
0 0.543478 0.556769 0.104348 0.091703
0 0.776087 0.148472 0.160870 0.061135
0 0.141304 0.576419 0.021739 0.017467
0 0.773913 0.443231 0.182609 0.056769
0 0.484783 0.344978 0.143478 0.069869
0 0.543478 0.052402 0.139130 0.043668
0 0.623913 0.170306 0.134783 0.069869
0 0.104348 0.648472 0.086957 0.117904
0 0.021739 0.390830 0.017391 0.021834
0 0.404348 0.189956 0.060870 0.152838
0 0.830435 0.646288 0.017391 0.061135
0 0.263043 0.890830 0.013043 0.026201
0 0.652174 0.063319 0.017391 0.021834
0 0.100000 0.908297 0.130435 0.078603
0 0.045652 0.524017 0.091304 0.104803
0 0.636957 0.093886 0.021739 0.030568
0 0.532609 0.113537 0.013043 0.026201
0 0.773913 0.665939 0.043478 0.039301
0 0.480435 0.661572 0.073913 0.021834
