0 0.376217 0.111940 0.004172 0.014925
0 0.907510 0.412313 0.034771 0.037313
0 0.376217 0.865672 0.023644 0.059701
0 0.824061 0.271455 0.004172 0.013060
0 0.127955 0.254664 0.027816 0.035448
0 0.846314 0.210821 0.004172 0.011194
0 0.017385 0.340485 0.004172 0.013060
0 0.282337 0.218284 0.027816 0.029851
0 0.835188 0.770522 0.009736 0.022388
0 0.345619 0.646455 0.018081 0.020522
0 0.769819 0.517724 0.004172 0.013060
0 0.800417 0.843284 0.004172 0.011194
0 0.426982 0.373134 0.036161 0.011194
0 0.755216 0.135261 0.011127 0.013060
0 0.057024 0.823694 0.022253 0.061567
0 0.291377 0.868470 0.020862 0.061567
0 0.714186 0.055970 0.004172 0.011194
0 0.251739 0.571828 0.041725 0.031716
0 0.735049 0.208955 0.023644 0.055970
0 0.885953 0.455224 0.008345 0.022388
0 0.273992 0.152052 0.005563 0.009328
0 0.768428 0.236940 0.026426 0.052239
0 0.100834 0.135261 0.023644 0.039179
0 0.643255 0.473881 0.018081 0.018657
0 0.308762 0.082090 0.011127 0.029851
0 0.353268 0.820896 0.052851 0.026119
0 0.804590 0.188433 0.037552 0.037313
0 0.638387 0.965485 0.002782 0.016791
0 0.949235 0.774254 0.004172 0.011194
0 0.721836 0.978545 0.011127 0.031716
0 0.375522 0.208955 0.016690 0.018657
0 0.488178 0.750933 0.025035 0.035448
0 0.052156 0.929104 0.023644 0.033582
0 0.774687 0.438433 0.013908 0.022388
0 0.474270 0.204291 0.019471 0.069030
0 0.404729 0.700560 0.005563 0.009328
0 0.353964 0.194030 0.004172 0.014925
0 0.281641 0.410448 0.0125174 0.0447761
