0 0.776316 0.422747 0.043860 0.072961
0 0.907895 0.817597 0.140351 0.072961
0 0.565789 0.461373 0.017544 0.021459
0 0.598684 0.639485 0.057018 0.163090
0 0.804825 0.532189 0.118421 0.085837
0 0.701754 0.484979 0.070175 0.051502
0 0.274123 0.534335 0.013158 0.030043
0 0.539474 0.210300 0.096491 0.094421
0 0.212719 0.210300 0.074561 0.085837
0 0.265351 0.465665 0.039474 0.098712
0 0.714912 0.658798 0.017544 0.021459
0 0.331140 0.884120 0.057018 0.051502
0 0.302632 0.826180 0.061404 0.055794
0 0.721491 0.903433 0.135965 0.064378
0 0.510965 0.600858 0.100877 0.094421
0 0.081140 0.332618 0.100877 0.098712
0 0.932018 0.540773 0.057018 0.077253
0 0.824561 0.118026 0.043860 0.047210
0 0.357456 0.068670 0.127193 0.068670
0 0.576754 0.540773 0.048246 0.017167
0 0.188596 0.079399 0.026316 0.021459
0 0.587719 0.757511 0.017544 0.021459
0 0.638158 0.472103 0.048246 0.077253
0 0.822368 0.611588 0.013158 0.030043
0 0.486842 0.761803 0.114035 0.047210
