0 0.140496 0.818056 0.055096 0.030556
0 0.775482 0.693056 0.074380 0.052778
0 0.487603 0.294444 0.016529 0.022222
0 0.535813 0.645833 0.068871 0.058333
0 0.746556 0.631944 0.049587 0.030556
0 0.449036 0.904167 0.011019 0.008333
0 0.847107 0.826389 0.024793 0.036111
0 0.681818 0.686111 0.079890 0.050000
0 0.338843 0.793056 0.055096 0.036111
0 0.684573 0.719444 0.008264 0.011111
0 0.782369 0.438889 0.055096 0.072222
0 0.805785 0.847222 0.052342 0.027778
0 0.074380 0.580556 0.082645 0.050000
0 0.269972 0.575000 0.033058 0.061111
0 0.889807 0.302778 0.016529 0.016667
0 0.570248 0.070833 0.088154 0.041667
0 0.858127 0.362500 0.052342 0.025000
0 0.652893 0.465278 0.016529 0.025000
0 0.301653 0.125000 0.008264 0.011111
0 0.884298 0.869444 0.049587 0.033333
0 0.414601 0.784722 0.019284 0.025000
0 0.904959 0.052778 0.008264 0.016667
0 0.176309 0.030556 0.011019 0.022222
0 0.443526 0.831944 0.038567 0.063889
0 0.933884 0.116667 0.060606 0.066667
0 0.765840 0.509722 0.033058 0.052778
0 0.342975 0.384722 0.008264 0.008333
0 0.509642 0.381944 0.088154 0.047222
0 0.944904 0.811111 0.022039 0.027778
0 0.494490 0.790278 0.030303 0.058333
0 0.500000 0.920833 0.008264 0.008333
