0 0.547718 0.956140 0.074689 0.052632
0 0.500000 0.032895 0.087137 0.057018
0 0.721992 0.414474 0.041494 0.057018
0 0.566390 0.866228 0.120332 0.074561
0 0.120332 0.296053 0.082988 0.118421
0 0.273859 0.745614 0.124481 0.078947
0 0.479253 0.714912 0.020747 0.043860
0 0.087137 0.195175 0.141079 0.065789
0 0.392116 0.633772 0.103734 0.092105
0 0.014523 0.144737 0.012448 0.026316
0 0.136929 0.642544 0.041494 0.013158
0 0.008299 0.114035 0.016598 0.026316
0 0.659751 0.243421 0.024896 0.039474
0 0.161826 0.129386 0.041494 0.057018
0 0.603734 0.122807 0.037344 0.035088
0 0.085062 0.811404 0.012448 0.026316
0 0.734440 0.070175 0.041494 0.043860
0 0.408714 0.032895 0.012448 0.030702
0 0.769710 0.910088 0.103734 0.092105
0 0.425311 0.096491 0.012448 0.026316
0 0.060166 0.791667 0.029046 0.030702
0 0.298755 0.245614 0.099585 0.096491
0 0.128631 0.493421 0.091286 0.100877
0 0.219917 0.824561 0.008299 0.043860
0 0.151452 0.881579 0.120332 0.078947
0 0.935685 0.767544 0.012448 0.026316
0 0.502075 0.118421 0.058091 0.078947
0 0.524896 0.743421 0.029046 0.039474
0 0.796680 0.717105 0.033195 0.013158
0 0.927386 0.614035 0.120332 0.078947
0 0.441909 0.013158 0.020747 0.026316
0 0.060166 0.403509 0.045643 0.070175
0 0.705394 0.756579 0.049793 0.083333
