0 0.691379 0.510239 0.058621 0.030717
0 0.848276 0.044369 0.103448 0.061433
0 0.791379 0.631399 0.058621 0.102389
0 0.860345 0.982935 0.010345 0.027304
0 0.181034 0.938567 0.065517 0.075085
0 0.070690 0.186007 0.010345 0.030717
0 0.855172 0.407850 0.006897 0.030717
0 0.408621 0.302048 0.093103 0.058020
0 0.648276 0.745734 0.172414 0.037543
0 0.851724 0.682594 0.013793 0.020478
0 0.348276 0.598976 0.048276 0.030717
0 0.408621 0.257679 0.010345 0.023891
0 0.763793 0.754266 0.031034 0.040956
0 0.072414 0.537543 0.048276 0.119454
0 0.741379 0.624573 0.027586 0.047782
0 0.234483 0.651877 0.013793 0.020478
0 0.582759 0.143345 0.020690 0.054608
0 0.451724 0.435154 0.062069 0.064846
0 0.074138 0.863481 0.079310 0.075085
0 0.356897 0.392491 0.031034 0.047782
0 0.367241 0.697952 0.168966 0.037543
0 0.358621 0.203072 0.034483 0.023891
0 0.215517 0.877133 0.086207 0.040956
0 0.134483 0.554608 0.068966 0.030717
0 0.048276 0.761092 0.089655 0.068259
0 0.429310 0.819113 0.017241 0.027304
0 0.772414 0.093857 0.013793 0.017065
0 0.639655 0.150171 0.010345 0.020478
0 0.946552 0.684300 0.072414 0.085324
0 0.650000 0.349829 0.065517 0.092150
0 0.710345 0.800341 0.062069 0.085324
0 0.586207 0.423208 0.055172 0.116041
0 0.143103 0.607509 0.093103 0.068259
0 0.653448 0.730375 0.037931 0.102389
0 0.624138 0.933447 0.103448 0.058020
0 0.215517 0.755973 0.031034 0.044369
0 0.037931 0.540956 0.013793 0.017065
0 0.900000 0.841297 0.103448 0.058020
0 0.853448 0.771331 0.010345 0.027304
0 0.908621 0.399317 0.065517 0.068259
0 0.263793 0.192833 0.037931 0.098976
0 0.789655 0.491468 0.124138 0.047782
0 0.412069 0.426621 0.010345 0.020478
0 0.875862 0.343003 0.020690 0.037543
0 0.824138 0.713311 0.048276 0.081911
0 0.165517 0.715017 0.062069 0.044369
