0 0.226957 0.857278 0.040000 0.043478
0 0.580000 0.138941 0.019130 0.017013
0 0.388696 0.769376 0.040000 0.015123
0 0.854783 0.973535 0.033043 0.049149
0 0.191304 0.973535 0.010435 0.015123
0 0.080870 0.662571 0.019130 0.020794
0 0.504348 0.707940 0.006957 0.005671
0 0.086087 0.786389 0.005217 0.018904
0 0.114783 0.065217 0.010435 0.013233
0 0.953043 0.727788 0.013913 0.018904
0 0.581739 0.159735 0.008696 0.020794
0 0.639130 0.972590 0.029565 0.054820
0 0.369565 0.982987 0.046957 0.018904
0 0.136522 0.347826 0.012174 0.022684
0 0.645217 0.431002 0.041739 0.026465
0 0.081739 0.149338 0.013913 0.011342
0 0.804348 0.377127 0.019130 0.009452
0 0.602609 0.408318 0.005217 0.007561
0 0.374783 0.657845 0.008696 0.003781
0 0.092174 0.524575 0.024348 0.024575
0 0.351304 0.262760 0.041739 0.041588
0 0.532174 0.016068 0.013913 0.024575
0 0.749565 0.285444 0.038261 0.041588
