0 0.111021 0.950567 0.024311 0.024311
0 0.749595 0.636953 0.011345 0.012966
0 0.645867 0.767423 0.017828 0.024311
0 0.782010 0.609400 0.021070 0.016207
0 0.802269 0.472447 0.025932 0.014587
0 0.474068 0.027553 0.008104 0.029173
0 0.122366 0.900324 0.063209 0.021070
0 0.244733 0.073744 0.012966 0.004862
0 0.179092 0.620746 0.001621 0.006483
0 0.914911 0.490276 0.001621 0.004862
0 0.794165 0.748784 0.016207 0.012966
0 0.655592 0.805511 0.037277 0.032415
0 0.965154 0.615883 0.027553 0.029173
0 0.431118 0.095624 0.003241 0.006483
0 0.609400 0.690438 0.035656 0.035656
0 0.845219 0.299838 0.050243 0.025932
0 0.775527 0.955429 0.030794 0.014587
0 0.474878 0.901945 0.003241 0.004862
0 0.134522 0.083468 0.019449 0.017828
0 0.850081 0.465154 0.004862 0.003241
0 0.924635 0.941653 0.017828 0.019449
0 0.764182 0.525122 0.040519 0.032415
0 0.621556 0.560778 0.024311 0.009724
