0 0.496301 0.967643 0.028360 0.033898
0 0.286683 0.098613 0.023428 0.036980
0 0.895808 0.549307 0.006165 0.010786
0 0.350185 0.819723 0.012330 0.018490
0 0.668311 0.298151 0.004932 0.007704
0 0.220715 0.227273 0.022195 0.044684
0 0.784217 0.728814 0.036991 0.027735
0 0.771887 0.671803 0.027127 0.036980
0 0.414303 0.574730 0.022195 0.046225
0 0.488286 0.502311 0.004932 0.009245
0 0.050555 0.577042 0.036991 0.026194
0 0.845869 0.229584 0.036991 0.027735
0 0.102343 0.140986 0.019729 0.016949
0 0.729346 0.913713 0.008631 0.021572
0 0.105425 0.409861 0.030826 0.030817
0 0.292848 0.907550 0.003699 0.009245
0 0.488286 0.020031 0.024661 0.040062
0 0.841554 0.794299 0.038224 0.026194
0 0.046239 0.877504 0.016030 0.013867
0 0.111591 0.744222 0.011097 0.009245
0 0.807645 0.775809 0.027127 0.035439
0 0.660912 0.278891 0.034525 0.027735
0 0.924168 0.714176 0.016030 0.038521
0 0.839088 0.342065 0.008631 0.015408
0 0.475339 0.938367 0.018496 0.021572
0 0.649199 0.111710 0.011097 0.016949
0 0.282984 0.270416 0.033292 0.029276
0 0.016030 0.563945 0.012330 0.024653
0 0.943280 0.580123 0.034525 0.029276
0 0.079531 0.389831 0.003699 0.009245
0 0.519729 0.640216 0.030826 0.026194
0 0.762639 0.454545 0.028360 0.024653
0 0.896424 0.373652 0.019729 0.023112
0 0.660912 0.606317 0.019729 0.020031
0 0.295931 0.726502 0.029593 0.026194
0 0.200986 0.897535 0.027127 0.038521
0 0.456227 0.188752 0.022195 0.038521
0 0.506782 0.926810 0.022195 0.041602
0 0.924784 0.726502 0.0197287 0.0323575
