0 0.038306 0.604195 0.009323 0.008570
0 0.875760 0.576229 0.002837 0.004060
0 0.939197 0.189671 0.006486 0.009472
0 0.067491 0.067208 0.001216 0.002706
0 0.085326 0.795670 0.008512 0.005413
0 0.131536 0.509472 0.001216 0.003157
0 0.082692 0.041498 0.006486 0.015336
0 0.739360 0.469102 0.010539 0.009021
0 0.470815 0.840099 0.009323 0.010374
0 0.784961 0.384754 0.002027 0.001804
0 0.579449 0.428958 0.006080 0.011728
0 0.095663 0.703428 0.002432 0.004060
0 0.992906 0.559991 0.002837 0.002255
0 0.537900 0.730041 0.011350 0.006766
0 0.078435 0.630356 0.002027 0.002255
0 0.171261 0.703428 0.001216 0.003157
0 0.021281 0.729815 0.002027 0.001804
0 0.167612 0.281912 0.010134 0.009021
0 0.087758 0.237032 0.003648 0.004962
0 0.225780 0.662833 0.012161 0.007668
0 0.404945 0.867163 0.008918 0.010374
0 0.063843 0.473839 0.001216 0.003157
0 0.801986 0.341903 0.010134 0.009923
0 0.222335 0.227109 0.002027 0.004060
0 0.621403 0.072846 0.004864 0.002255
0 0.412647 0.149075 0.015403 0.005864
0 0.362991 0.928507 0.002027 0.002255
0 0.003040 0.721019 0.002027 0.002255
0 0.951966 0.214253 0.002837 0.006315
0 0.0174301 0.932115 0.00486421 0.0121786
0 0.0216863 0.92986 0.00526956 0.0121786
