0 0.149167 0.417249 0.001667 0.009324
0 0.346667 0.707459 0.036667 0.020979
0 0.011667 0.989510 0.003333 0.006993
0 0.077500 0.721445 0.015000 0.016317
0 0.735000 0.447552 0.036667 0.051282
0 0.920000 0.919580 0.003333 0.016317
0 0.419167 0.068765 0.005000 0.006993
0 0.313333 0.670163 0.043333 0.044289
0 0.545000 0.621212 0.040000 0.044289
0 0.420833 0.487179 0.045000 0.041958
0 0.683333 0.247086 0.050000 0.037296
0 0.387500 0.742424 0.001667 0.006993
0 0.757500 0.230769 0.005000 0.013986
0 0.685833 0.780886 0.051667 0.037296
0 0.315833 0.233100 0.021667 0.018648
0 0.231667 0.184149 0.036667 0.055944
0 0.900000 0.210956 0.063333 0.025641
0 0.567500 0.738928 0.008333 0.004662
0 0.944167 0.558275 0.035000 0.053613
0 0.625000 0.085082 0.020000 0.039627
0 0.112500 0.792541 0.018333 0.041958
0 0.103333 0.122378 0.010000 0.034965
0 0.810000 0.420746 0.013333 0.034965
0 0.572500 0.187646 0.035000 0.044289
0 0.850000 0.712121 0.040000 0.048951
