0 0.112069 0.384422 0.025862 0.035176
0 0.741379 0.824121 0.068966 0.090452
0 0.032328 0.525126 0.021552 0.045226
0 0.424569 0.721106 0.030172 0.055276
0 0.290948 0.311558 0.012931 0.030151
0 0.808190 0.366834 0.038793 0.100503
0 0.245690 0.432161 0.103448 0.110553
0 0.560345 0.959799 0.017241 0.030151
0 0.931034 0.193467 0.094828 0.125628
0 0.510776 0.572864 0.125000 0.090452
0 0.338362 0.118090 0.099138 0.105528
0 0.881466 0.080402 0.116379 0.090452
0 0.769397 0.394472 0.030172 0.055276
0 0.463362 0.158291 0.090517 0.105528
0 0.422414 0.886935 0.043103 0.095477
0 0.081897 0.723618 0.137931 0.080402
0 0.683190 0.708543 0.090517 0.120603
0 0.073276 0.484925 0.017241 0.055276
0 0.469828 0.826633 0.025862 0.015075
0 0.646552 0.580402 0.129310 0.085427
0 0.523707 0.489950 0.168103 0.065327
0 0.859914 0.278894 0.081897 0.035176
0 0.556034 0.379397 0.086207 0.135678
0 0.594828 0.711055 0.043103 0.115578
0 0.584052 0.077889 0.142241 0.075377
0 0.129310 0.228643 0.034483 0.065327
0 0.245690 0.298995 0.086207 0.135678
0 0.159483 0.175879 0.112069 0.100503
0 0.243534 0.914573 0.090517 0.120603
0 0.015086 0.128141 0.021552 0.035176
0 0.676724 0.580402 0.043103 0.105528
0 0.390086 0.876884 0.012931 0.035176
0 0.187500 0.876884 0.012931 0.035176
0 0.553879 0.236181 0.012931 0.030151
0 0.228448 0.035176 0.112069 0.070352
