0 0.490310 0.042146 0.019380 0.038314
0 0.383721 0.344828 0.062016 0.045977
0 0.560078 0.423372 0.112403 0.065134
0 0.498062 0.517241 0.042636 0.045977
0 0.005814 0.770115 0.003876 0.007663
0 0.104651 0.965517 0.023256 0.038314
0 0.703488 0.524904 0.027132 0.053640
0 0.782946 0.019157 0.007752 0.015326
0 0.579457 0.547893 0.058140 0.068966
0 0.751938 0.831418 0.031008 0.038314
0 0.525194 0.984674 0.011628 0.015326
0 0.472868 0.285441 0.062016 0.080460
0 0.726744 0.923372 0.096899 0.045977
0 0.408915 0.270115 0.027132 0.049808
0 0.804264 0.908046 0.050388 0.045977
0 0.693798 0.727969 0.015504 0.030651
0 0.364341 0.756705 0.007752 0.019157
0 0.631783 0.852490 0.038760 0.049808
0 0.405039 0.419540 0.019380 0.019157
0 0.385659 0.262452 0.011628 0.011494
0 0.319767 0.463602 0.003876 0.007663
