0 0.318425 0.573651 0.009346 0.002075
0 0.255674 0.386929 0.004005 0.006224
0 0.703605 0.980290 0.005340 0.010373
0 0.666222 0.030083 0.016021 0.051867
0 0.556075 0.240664 0.001335 0.008299
0 0.238985 0.318465 0.002670 0.006224
0 0.707610 0.238589 0.010681 0.020747
0 0.886515 0.849585 0.018692 0.047718
0 0.744993 0.854772 0.008011 0.016598
0 0.303738 0.806017 0.006676 0.014523
0 0.977303 0.460581 0.008011 0.020747
0 0.566756 0.279046 0.006676 0.031120
0 0.459947 0.834025 0.009346 0.012448
0 0.889853 0.216805 0.006676 0.018672
0 0.410547 0.069502 0.006676 0.026971
0 0.297730 0.693983 0.016021 0.031120
0 0.798398 0.979253 0.040053 0.033195
0 0.301068 0.014523 0.012016 0.029046
0 0.642857 0.878631 0.001335 0.006224
0 0.829773 0.984440 0.012016 0.006224
0 0.957944 0.675311 0.012016 0.035270
0 0.022697 0.457469 0.040053 0.035270
0 0.234312 0.935685 0.028037 0.049793
0 0.242991 0.855809 0.013351 0.026971
0 0.617490 0.920124 0.025367 0.047718
