0 0.279167 0.316667 0.075000 0.091667
0 0.654167 0.514583 0.025000 0.012500
0 0.504167 0.941667 0.075000 0.091667
0 0.731250 0.283333 0.095833 0.075000
0 0.287500 0.712500 0.008333 0.025000
0 0.425000 0.562500 0.008333 0.025000
0 0.631250 0.202083 0.112500 0.079167
0 0.341667 0.331250 0.041667 0.095833
0 0.070833 0.806250 0.008333 0.020833
0 0.837500 0.414583 0.041667 0.070833
0 0.731250 0.839583 0.012500 0.012500
0 0.097917 0.202083 0.070833 0.020833
0 0.214583 0.079167 0.045833 0.033333
0 0.722917 0.410417 0.037500 0.062500
0 0.162500 0.252083 0.008333 0.020833
0 0.270833 0.516667 0.033333 0.025000
0 0.810417 0.316667 0.029167 0.016667
0 0.375000 0.579167 0.083333 0.041667
0 0.147917 0.650000 0.012500 0.016667
0 0.585417 0.062500 0.062500 0.066667
0 0.979167 0.075000 0.008333 0.025000
0 0.589583 0.560417 0.029167 0.054167
0 0.687500 0.579167 0.016667 0.025000
0 0.239583 0.168750 0.070833 0.062500
0 0.033333 0.502083 0.041667 0.062500
0 0.072917 0.643750 0.129167 0.070833
0 0.218750 0.966667 0.037500 0.066667
0 0.127083 0.802083 0.012500 0.012500
0 0.687500 0.435417 0.008333 0.020833
