0 0.347162 0.307487 0.042213 0.030303
0 0.409025 0.731729 0.014556 0.008913
0 0.976710 0.659537 0.005822 0.007130
0 0.978166 0.453654 0.032023 0.040998
0 0.066958 0.245098 0.002911 0.008913
0 0.262737 0.257576 0.016012 0.030303
0 0.076419 0.629234 0.004367 0.007130
0 0.157205 0.895722 0.008734 0.012478
0 0.868268 0.450980 0.010189 0.014260
0 0.436681 0.851159 0.026201 0.026738
0 0.029840 0.468806 0.004367 0.007130
0 0.713974 0.311052 0.004367 0.012478
0 0.811499 0.242424 0.004367 0.007130
0 0.379185 0.614973 0.007278 0.017825
0 0.779476 0.274510 0.007278 0.017825
0 0.318777 0.489305 0.043668 0.030303
0 0.368268 0.558824 0.002911 0.012478
0 0.019651 0.259358 0.010189 0.012478
0 0.901019 0.853832 0.055313 0.024955
0 0.247453 0.341355 0.005822 0.012478
0 0.189956 0.032086 0.004367 0.007130
0 0.195779 0.337790 0.010189 0.008913
0 0.530568 0.201426 0.013100 0.007130
0 0.188501 0.306595 0.007278 0.024955
0 0.414119 0.390374 0.004367 0.010695
0 0.474527 0.855615 0.002911 0.010695
0 0.253275 0.493761 0.014556 0.021390
0 0.571325 0.266488 0.013100 0.026738
