0 0.794253 0.533557 0.039080 0.060403
0 0.893103 0.017897 0.011494 0.008949
0 0.848276 0.768456 0.013793 0.011186
0 0.814943 0.364653 0.006897 0.013423
0 0.888506 0.192394 0.006897 0.013423
0 0.322989 0.484340 0.075862 0.033557
0 0.041379 0.920582 0.009195 0.011186
0 0.877011 0.944072 0.006897 0.017897
0 0.911494 0.112975 0.020690 0.024609
0 0.111494 0.144295 0.011494 0.015660
0 0.303448 0.665548 0.059770 0.046980
0 0.802299 0.579418 0.045977 0.022371
0 0.259770 0.186801 0.022989 0.029083
0 0.619540 0.350112 0.006897 0.015660
0 0.673563 0.318792 0.013793 0.015660
0 0.360920 0.892617 0.018391 0.040268
0 0.397701 0.093960 0.027586 0.076063
0 0.322989 0.237136 0.011494 0.008949
0 0.445977 0.467562 0.055172 0.049217
0 0.308046 0.180089 0.055172 0.042506
0 0.886207 0.088367 0.011494 0.033557
0 0.564368 0.781879 0.006897 0.015660
0 0.710345 0.748322 0.009195 0.033557
0 0.211494 0.601790 0.036782 0.053691
0 0.066667 0.655481 0.009195 0.013423
0 0.182759 0.042506 0.034483 0.026846
0 0.870115 0.432886 0.062069 0.042506
0 0.541379 0.102908 0.020690 0.013423
0 0.826437 0.241611 0.048276 0.058166
0 0.575862 0.306488 0.020690 0.013423
