0 0.985778 0.855397 0.013473 0.008147
0 0.978293 0.175153 0.007485 0.020367
0 0.895210 0.838086 0.023952 0.014257
0 0.964820 0.013238 0.016467 0.022403
0 0.078593 0.531568 0.037425 0.044807
0 0.836078 0.042770 0.007485 0.024440
0 0.607784 0.358452 0.041916 0.036660
0 0.871257 0.192464 0.002994 0.010183
0 0.332335 0.044807 0.005988 0.016293
0 0.347305 0.558045 0.008982 0.032587
0 0.804641 0.947047 0.010479 0.024440
0 0.704341 0.187373 0.010479 0.024440
0 0.726796 0.463340 0.025449 0.034623
0 0.640719 0.566191 0.008982 0.020367
0 0.586078 0.883910 0.067365 0.024440
0 0.746257 0.703666 0.010479 0.014257
0 0.240269 0.262729 0.022455 0.016293
0 0.863024 0.504073 0.007485 0.010183
0 0.752994 0.838086 0.002994 0.014257
0 0.401198 0.782077 0.032934 0.024440
0 0.845060 0.012220 0.007485 0.008147
0 0.534431 0.430754 0.014970 0.022403
0 0.024701 0.572301 0.019461 0.028513
0 0.325599 0.087576 0.010479 0.032587
