0 0.638359 0.802830 0.009542 0.032075
0 0.225191 0.559434 0.003817 0.005660
0 0.420802 0.394340 0.028626 0.022642
0 0.545802 0.450943 0.011450 0.015094
0 0.984733 0.388679 0.022901 0.018868
0 0.286260 0.998113 0.015267 0.003774
0 0.838740 0.454717 0.032443 0.007547
0 0.446565 0.863208 0.011450 0.005660
0 0.895992 0.813208 0.013359 0.011321
0 0.617366 0.466038 0.009542 0.026415
0 0.173664 0.938679 0.019084 0.016981
0 0.309160 0.758491 0.045802 0.033962
0 0.197519 0.983019 0.005725 0.003774
0 0.175573 0.058491 0.007634 0.007547
0 0.908397 0.758491 0.015267 0.018868
0 0.665076 0.495283 0.051527 0.035849
0 0.465649 0.391509 0.022901 0.020755
0 0.895992 0.961321 0.020992 0.013208
0 0.299618 0.054717 0.049618 0.026415
0 0.094466 0.754717 0.013359 0.003774
0 0.415076 0.094340 0.013359 0.015094
0 0.212786 0.492453 0.020992 0.015094
0 0.316794 0.166038 0.019084 0.018868
