0 0.047297 0.618384 0.005792 0.016713
0 0.599421 0.767409 0.005792 0.019499
0 0.388031 0.474930 0.038610 0.075209
0 0.435328 0.703343 0.028958 0.030641
0 0.275097 0.849582 0.021236 0.038997
0 0.954633 0.756267 0.048263 0.058496
0 0.944015 0.309192 0.023166 0.116992
0 0.290541 0.965181 0.044402 0.064067
0 0.576255 0.930362 0.005792 0.016713
0 0.734556 0.775766 0.032819 0.008357
0 0.488417 0.564067 0.019305 0.069638
0 0.504826 0.172702 0.009653 0.011142
0 0.308880 0.721448 0.015444 0.055710
0 0.273166 0.129526 0.032819 0.025070
0 0.648649 0.182451 0.065637 0.041783
0 0.710425 0.398329 0.030888 0.044568
0 0.221042 0.580780 0.048263 0.058496
0 0.986486 0.469359 0.023166 0.064067
0 0.536680 0.522284 0.038610 0.058496
0 0.571429 0.894150 0.057915 0.027855
0 0.496139 0.357939 0.015444 0.052925
0 0.869691 0.509749 0.036680 0.077994
0 0.444015 0.136490 0.065637 0.044568
0 0.072394 0.518106 0.025097 0.072423
0 0.107143 0.683844 0.025097 0.025070
0 0.136100 0.286908 0.021236 0.072423
0 0.039575 0.168524 0.021236 0.052925
0 0.505792 0.299443 0.054054 0.052925
0 0.924710 0.877437 0.015444 0.011142
0 0.441120 0.094708 0.048263 0.033426
0 0.804054 0.350975 0.017375 0.033426
0 0.069498 0.708914 0.007722 0.013928
0 0.915058 0.061281 0.042471 0.050139
0 0.491313 0.640669 0.005792 0.022284
