0 0.321739 0.321739 0.052174 0.052174
0 0.904348 0.702174 0.052174 0.143478
0 0.813043 0.356522 0.069565 0.104348
0 0.415217 0.856522 0.021739 0.026087
0 0.341304 0.104348 0.030435 0.026087
0 0.943478 0.334783 0.008696 0.017391
0 0.093478 0.380435 0.039130 0.039130
0 0.528261 0.908696 0.047826 0.104348
0 0.223913 0.323913 0.134783 0.073913
0 0.071739 0.436957 0.039130 0.021739
0 0.523913 0.808696 0.004348 0.008696
0 0.708696 0.726087 0.026087 0.026087
0 0.652174 0.430435 0.078261 0.052174
0 0.463043 0.519565 0.073913 0.091304
0 0.650000 0.215217 0.073913 0.091304
0 0.667391 0.852174 0.013043 0.008696
0 0.134783 0.308696 0.034783 0.060870
0 0.900000 0.584783 0.113043 0.082609
0 0.830435 0.976087 0.165217 0.047826
0 0.221739 0.776087 0.017391 0.030435
0 0.713043 0.289130 0.026087 0.082609
0 0.917391 0.073913 0.104348 0.069565
0 0.071739 0.039130 0.056522 0.078261
0 0.656522 0.717391 0.069565 0.052174
0 0.645652 0.558696 0.126087 0.073913
0 0.219565 0.532609 0.021739 0.030435
0 0.095652 0.191304 0.060870 0.017391
