0 0.669847 0.465583 0.022901 0.021033
0 0.263359 0.746654 0.030534 0.040153
0 0.728053 0.478011 0.028626 0.015296
0 0.756679 0.600382 0.013359 0.011472
0 0.713740 0.281071 0.026718 0.072658
0 0.130725 0.453155 0.047710 0.038241
0 0.070611 0.224665 0.030534 0.017208
0 0.862595 0.054493 0.007634 0.009560
0 0.156489 0.559273 0.007634 0.009560
0 0.680344 0.534417 0.017176 0.055449
0 0.842557 0.063098 0.028626 0.038241
0 0.138359 0.854685 0.047710 0.042065
0 0.815840 0.924474 0.051527 0.036329
0 0.175573 0.326004 0.007634 0.009560
0 0.944656 0.358509 0.041985 0.032505
0 0.661260 0.338432 0.009542 0.022945
0 0.208969 0.846080 0.024809 0.024857
0 0.234733 0.081262 0.049618 0.040153
0 0.845420 0.883365 0.030534 0.038241
0 0.917939 0.228489 0.045802 0.021033
0 0.014313 0.896750 0.013359 0.007648
0 0.796756 0.897706 0.005725 0.013384
0 0.907443 0.896750 0.017176 0.022945
0 0.461832 0.743786 0.015267 0.026769
0 0.278626 0.207457 0.022901 0.055449
0 0.322519 0.775335 0.034351 0.024857
0 0.203244 0.305927 0.024809 0.019120
0 0.068702 0.674952 0.061069 0.030593
0 0.769084 0.285851 0.015267 0.017208
0 0.399809 0.756214 0.043893 0.024857
0 0.763359 0.570746 0.049618 0.040153
0 0.459924 0.988528 0.007634 0.011472
0 0.022901 0.014340 0.007634 0.017208
0 0.852099 0.267686 0.005725 0.011472
0 0.578244 0.155832 0.007634 0.017208
0 0.239504 0.021033 0.005725 0.011472
0 0.972328 0.763862 0.009542 0.017208
0 0.685115 0.851816 0.007634 0.017208
0 0.062977 0.073614 0.061069 0.032505
