0 0.876250 0.498837 0.012500 0.020930
0 0.915625 0.570930 0.011250 0.034884
0 0.028750 0.313953 0.012500 0.041860
0 0.146250 0.603488 0.020000 0.039535
0 0.306875 0.161628 0.003750 0.006977
0 0.840625 0.613953 0.018750 0.032558
0 0.160000 0.503488 0.032500 0.044186
0 0.820625 0.472093 0.028750 0.027907
0 0.341875 0.460465 0.018750 0.013953
0 0.083125 0.931395 0.013750 0.011628
0 0.931875 0.098837 0.006250 0.016279
0 0.421875 0.625581 0.011250 0.013953
0 0.753750 0.487209 0.037500 0.039535
0 0.760000 0.600000 0.012500 0.018605
0 0.286250 0.772093 0.027500 0.032558
0 0.661875 0.504651 0.006250 0.023256
0 0.146250 0.232558 0.012500 0.041860
0 0.188750 0.101163 0.002500 0.011628
0 0.745000 0.720930 0.020000 0.051163
0 0.959375 0.811628 0.003750 0.013953
