0 0.535103 0.423913 0.053082 0.041063
0 0.579623 0.576087 0.005137 0.016908
0 0.652397 0.619565 0.027397 0.045894
0 0.690068 0.387681 0.006849 0.016908
0 0.810788 0.044686 0.029110 0.021739
0 0.613870 0.350242 0.022260 0.024155
0 0.307363 0.885266 0.066781 0.031401
0 0.133562 0.664251 0.027397 0.077295
0 0.283390 0.611111 0.039384 0.053140
0 0.916952 0.358696 0.025685 0.065217
0 0.051370 0.798309 0.027397 0.074879
0 0.258562 0.504831 0.006849 0.014493
0 0.281678 0.385266 0.046233 0.045894
0 0.855308 0.468599 0.008562 0.014493
0 0.377568 0.900966 0.039384 0.043478
0 0.455479 0.952899 0.013699 0.041063
0 0.092466 0.816425 0.034247 0.038647
0 0.946062 0.643720 0.005137 0.016908
0 0.935788 0.707729 0.011986 0.033816
0 0.900685 0.250000 0.041096 0.050725
0 0.068493 0.410628 0.030822 0.072464
0 0.065068 0.281401 0.010274 0.021739
0 0.460616 0.450483 0.020548 0.026570
0 0.425514 0.694444 0.015411 0.074879
0 0.527397 0.262077 0.020548 0.031401
0 0.037671 0.679952 0.034247 0.060386
0 0.321062 0.088164 0.039384 0.041063
0 0.471747 0.123188 0.066781 0.033816
0 0.486301 0.641304 0.034247 0.055556
0 0.510274 0.613527 0.006849 0.014493
0 0.315068 0.272947 0.065068 0.033816
0 0.661815 0.084541 0.008562 0.019324
0 0.037671 0.630435 0.030822 0.033816
0 0.307363 0.526570 0.032534 0.038647
0 0.716610 0.045894 0.049658 0.043478
0 0.034247 0.362319 0.034247 0.062802
0 0.434932 0.305556 0.047945 0.045894
0 0.690925 0.106280 0.008562 0.024155
0 0.339897 0.710145 0.042808 0.053140
0 0.019692 0.756039 0.025685 0.086957
0 0.179795 0.735507 0.020548 0.021739
0 0.593322 0.898551 0.015411 0.028986
0 0.610445 0.716184 0.046233 0.045894
0 0.842466 0.682367 0.017123 0.074879
0 0.822774 0.307971 0.008562 0.031401
0 0.272260 0.352657 0.006849 0.014493
0 0.123288 0.531401 0.0136986 0.0531401
