0 0.579872 0.276786 0.041534 0.160714
0 0.485623 0.386161 0.038339 0.102679
0 0.765176 0.250000 0.003195 0.017857
0 0.656550 0.919643 0.009585 0.026786
0 0.624601 0.680804 0.067093 0.102679
0 0.432907 0.377232 0.060703 0.031250
0 0.324281 0.593750 0.009585 0.008929
0 0.198083 0.361607 0.063898 0.080357
0 0.897764 0.691964 0.057508 0.053571
0 0.646965 0.475446 0.003195 0.022321
0 0.124601 0.357143 0.051118 0.053571
0 0.317891 0.109375 0.028754 0.031250
0 0.549521 0.060268 0.051118 0.049107
0 0.864217 0.875000 0.079872 0.071429
0 0.717252 0.810268 0.015974 0.066964
0 0.977636 0.895089 0.019169 0.013393
0 0.929712 0.535714 0.006390 0.017857
0 0.099042 0.448661 0.025559 0.031250
0 0.198083 0.062500 0.019169 0.053571
0 0.664537 0.071429 0.006390 0.017857
0 0.974441 0.415179 0.012780 0.017857
0 0.469649 0.886161 0.038339 0.031250
0 0.607029 0.395089 0.025559 0.031250
0 0.268371 0.107143 0.025559 0.062500
0 0.777955 0.595982 0.009585 0.031250
0 0.271565 0.013393 0.006390 0.008929
0 0.036741 0.225446 0.015974 0.040179
