0 0.229167 0.376972 0.062500 0.053628
0 0.586458 0.195584 0.031250 0.056782
0 0.845833 0.126183 0.008333 0.031546
0 0.907292 0.014196 0.006250 0.009464
0 0.722917 0.211356 0.025000 0.037855
0 0.568750 0.017350 0.004167 0.015773
0 0.089583 0.891167 0.025000 0.047319
0 0.537500 0.307571 0.016667 0.015773
0 0.146875 0.769716 0.022917 0.037855
0 0.768750 0.812303 0.033333 0.028391
0 0.636458 0.476341 0.035417 0.025237
0 0.050000 0.626183 0.004167 0.015773
0 0.302083 0.747634 0.004167 0.018927
0 0.060417 0.399054 0.008333 0.015773
0 0.122917 0.026814 0.008333 0.028391
0 0.671875 0.694006 0.014583 0.037855
0 0.881250 0.919558 0.054167 0.066246
0 0.625000 0.290221 0.012500 0.012618
0 0.707292 0.761830 0.018750 0.041009
0 0.845833 0.708202 0.016667 0.028391
0 0.647917 0.794953 0.025000 0.018927
0 0.486458 0.705047 0.006250 0.015773
0 0.396875 0.189274 0.006250 0.012618
0 0.250000 0.056782 0.008333 0.031546
0 0.175000 0.378549 0.041667 0.037855
0 0.302083 0.583596 0.062500 0.056782
0 0.968750 0.861199 0.008333 0.018927
0 0.185417 0.416404 0.008333 0.031546
