0 0.857021 0.692101 0.015411 0.037702
0 0.809075 0.504488 0.039384 0.039497
0 0.744863 0.593357 0.006849 0.008977
0 0.208904 0.037702 0.017123 0.028725
0 0.416096 0.349192 0.010274 0.012567
0 0.985445 0.547576 0.015411 0.021544
0 0.870719 0.486535 0.005137 0.010772
0 0.295377 0.739677 0.056507 0.028725
0 0.790240 0.648115 0.042808 0.039497
0 0.142123 0.444345 0.010274 0.005386
0 0.296233 0.282765 0.010274 0.030521
0 0.252568 0.387792 0.018836 0.014363
0 0.295377 0.404847 0.029110 0.048474
0 0.471747 0.391382 0.042808 0.039497
0 0.838185 0.728905 0.005137 0.010772
0 0.427226 0.852783 0.035959 0.043088
0 0.011130 0.298923 0.015411 0.016158
0 0.697774 0.350987 0.042808 0.037702
0 0.350171 0.875224 0.042808 0.037702
0 0.468322 0.350987 0.032534 0.034111
0 0.113870 0.031418 0.035959 0.026930
0 0.671233 0.223519 0.023973 0.066427
0 0.068493 0.697487 0.013699 0.008977
0 0.044521 0.472172 0.058219 0.028725
0 0.038527 0.723519 0.008562 0.017953
0 0.172089 0.794434 0.018836 0.016158
0 0.612158 0.903052 0.035959 0.046679
0 0.767979 0.891382 0.011986 0.023339
0 0.880137 0.839318 0.006849 0.008977
0 0.564212 0.804309 0.025685 0.017953
0 0.113014 0.912029 0.006849 0.010772
0 0.125856 0.936266 0.005137 0.012567
0 0.697774 0.522442 0.039384 0.039497
0 0.403253 0.263914 0.035959 0.021544
0 0.210616 0.249551 0.027397 0.035907
0 0.676370 0.663375 0.006849 0.008977
0 0.060788 0.575404 0.008562 0.008977
0 0.311644 0.739677 0.010274 0.0251346
0 0.824486 0.881508 0.00856164 0.021544
