0 0.954688 0.213615 0.021875 0.023474
0 0.750000 0.279343 0.050000 0.042254
0 0.509375 0.546948 0.062500 0.070423
0 0.590625 0.568075 0.025000 0.046948
0 0.429688 0.708920 0.046875 0.028169
0 0.628125 0.138498 0.018750 0.032864
0 0.401562 0.269953 0.053125 0.136150
0 0.868750 0.443662 0.006250 0.023474
0 0.417187 0.779343 0.021875 0.046948
0 0.295312 0.352113 0.028125 0.122066
0 0.621875 0.704225 0.043750 0.056338
0 0.587500 0.323944 0.012500 0.028169
0 0.864062 0.058685 0.059375 0.042254
0 0.012500 0.199531 0.012500 0.014085
0 0.378125 0.896714 0.068750 0.075117
0 0.750000 0.115023 0.031250 0.107981
0 0.334375 0.725352 0.012500 0.014085
0 0.053125 0.835681 0.056250 0.065728
0 0.257812 0.556338 0.021875 0.032864
0 0.571875 0.678404 0.050000 0.061033
0 0.732812 0.467136 0.046875 0.023474
0 0.940625 0.363850 0.006250 0.023474
0 0.881250 0.213615 0.006250 0.023474
0 0.021875 0.607981 0.018750 0.042254
0 0.400000 0.157277 0.093750 0.079812
0 0.615625 0.105634 0.006250 0.023474
0 0.726562 0.105634 0.009375 0.014085
0 0.806250 0.147887 0.006250 0.023474
0 0.720313 0.220657 0.021875 0.065728
0 0.332813 0.143192 0.034375 0.126761
0 0.556250 0.136150 0.050000 0.093897
0 0.860938 0.725352 0.034375 0.051643
0 0.787500 0.875587 0.025000 0.014085
0 0.904687 0.356808 0.021875 0.037559
