0 0.050302 0.302083 0.008048 0.013258
0 0.727364 0.577652 0.014085 0.018939
0 0.559356 0.740530 0.008048 0.007576
0 0.065392 0.687500 0.006036 0.003788
0 0.382294 0.309659 0.004024 0.005682
0 0.882294 0.905303 0.026157 0.030303
0 0.063380 0.607955 0.054326 0.018939
0 0.023139 0.773674 0.002012 0.005682
0 0.780684 0.861742 0.004024 0.011364
0 0.362173 0.582386 0.004024 0.009470
0 0.921529 0.308712 0.004024 0.007576
0 0.487928 0.744318 0.014085 0.030303
0 0.040241 0.172348 0.016097 0.041667
0 0.247485 0.701705 0.024145 0.054924
0 0.548290 0.882576 0.018109 0.011364
0 0.555332 0.368371 0.004024 0.009470
0 0.146881 0.296402 0.024145 0.020833
0 0.081489 0.743371 0.018109 0.009470
0 0.850101 0.954545 0.030181 0.015152
0 0.848089 0.198864 0.022133 0.015152
0 0.660966 0.049242 0.038229 0.026515
0 0.064386 0.888258 0.016097 0.011364
0 0.225352 0.944129 0.012072 0.005682
0 0.743461 0.470644 0.022133 0.024621
0 0.761569 0.616477 0.022133 0.024621
0 0.502012 0.736742 0.010060 0.011364
