0 0.156309 0.609415 0.056497 0.043257
0 0.794727 0.531807 0.030132 0.035623
0 0.838983 0.211196 0.020716 0.035623
0 0.316384 0.274809 0.011299 0.015267
0 0.777778 0.932570 0.041431 0.058524
0 0.532957 0.675573 0.007533 0.012723
0 0.823917 0.954198 0.035782 0.050891
0 0.968927 0.394402 0.013183 0.030534
0 0.575330 0.203562 0.043315 0.055980
0 0.707156 0.138677 0.047081 0.053435
0 0.612994 0.748092 0.047081 0.050891
0 0.788136 0.159033 0.032015 0.068702
0 0.882298 0.807888 0.028249 0.089059
0 0.951977 0.167939 0.054614 0.045802
0 0.783427 0.652672 0.067797 0.038168
0 0.167608 0.840967 0.037665 0.058524
0 0.968927 0.488550 0.043315 0.055980
0 0.070621 0.190840 0.054614 0.045802
0 0.903955 0.928753 0.007533 0.025445
0 0.328625 0.530534 0.020716 0.043257
0 0.801318 0.949109 0.005650 0.015267
0 0.421846 0.533079 0.056497 0.043257
0 0.916196 0.586514 0.009416 0.033079
0 0.221281 0.436387 0.013183 0.017812
0 0.778719 0.818066 0.028249 0.007634
0 0.426554 0.638677 0.016949 0.020356
0 0.238230 0.955471 0.020716 0.022901
0 0.564030 0.511450 0.043315 0.055980
0 0.307910 0.489822 0.005650 0.017812
0 0.152542 0.319338 0.011299 0.007634
0 0.758945 0.083969 0.007533 0.015267
0 0.624294 0.465649 0.047081 0.055980
0 0.901130 0.452926 0.005650 0.015267
