0 0.077500 0.190828 0.058333 0.044379
0 0.170833 0.681953 0.011667 0.032544
0 0.427500 0.263314 0.005000 0.023669
0 0.960833 0.855030 0.035000 0.059172
0 0.220833 0.554734 0.011667 0.014793
0 0.493333 0.927515 0.010000 0.020710
0 0.443333 0.627219 0.003333 0.017751
0 0.325833 0.551775 0.025000 0.038462
0 0.457500 0.310651 0.021667 0.065089
0 0.371667 0.193787 0.003333 0.014793
0 0.520833 0.201183 0.025000 0.053254
0 0.405000 0.773669 0.023333 0.020710
0 0.269167 0.013314 0.008333 0.026627
0 0.395000 0.905325 0.013333 0.041420
0 0.866667 0.386095 0.003333 0.014793
0 0.222500 0.652367 0.015000 0.020710
0 0.627500 0.241124 0.011667 0.020710
0 0.822500 0.220414 0.028333 0.026627
0 0.391667 0.075444 0.010000 0.014793
0 0.133333 0.460059 0.020000 0.068047
0 0.180833 0.226331 0.005000 0.026627
0 0.978333 0.440828 0.003333 0.017751
