0 0.696768 0.113636 0.055133 0.045455
0 0.365970 0.094697 0.001901 0.002525
0 0.802281 0.089646 0.026616 0.022727
0 0.523764 0.285354 0.009506 0.015152
0 0.235741 0.914141 0.019011 0.025253
0 0.323194 0.511364 0.007605 0.007576
0 0.018061 0.117424 0.009506 0.022727
0 0.276616 0.781566 0.005703 0.012626
0 0.349810 0.920455 0.007605 0.002525
0 0.220532 0.960859 0.026616 0.027778
0 0.442015 0.575758 0.009506 0.025253
0 0.157795 0.882576 0.045627 0.032828
0 0.826996 0.574495 0.011407 0.022727
0 0.771863 0.040404 0.030418 0.080808
0 0.142586 0.928030 0.026616 0.027778
0 0.621673 0.354798 0.011407 0.012626
0 0.642586 0.077020 0.053232 0.022727
0 0.423954 0.738636 0.011407 0.032828
0 0.703422 0.343434 0.060837 0.040404
0 0.309886 0.045455 0.015209 0.050505
0 0.541825 0.320707 0.022814 0.010101
0 0.459125 0.424242 0.009506 0.015152
0 0.582700 0.244949 0.017110 0.030303
0 0.127376 0.800505 0.034221 0.060606
0 0.464829 0.941919 0.001901 0.005051
0 0.202471 0.325758 0.013308 0.040404
0 0.395437 0.887626 0.0380228 0.0934343
