0 0.084652 0.883547 0.004747 0.019231
0 0.892405 0.139957 0.009494 0.014957
0 0.598892 0.457265 0.011076 0.008547
0 0.702532 0.048077 0.012658 0.014957
0 0.064873 0.095085 0.003165 0.010684
0 0.261867 0.310897 0.004747 0.006410
0 0.201741 0.594017 0.033228 0.038462
0 0.224684 0.466880 0.025316 0.010684
0 0.210443 0.215812 0.031646 0.038462
0 0.962025 0.151709 0.009494 0.012821
0 0.673259 0.402778 0.007911 0.014957
0 0.536392 0.601496 0.041139 0.044872
0 0.708861 0.539530 0.044304 0.040598
0 0.121835 0.465812 0.012658 0.029915
0 0.699367 0.782051 0.006329 0.008547
0 0.907437 0.103632 0.023734 0.014957
0 0.390823 0.842949 0.003165 0.010684
0 0.295886 0.907051 0.003165 0.014957
0 0.620253 0.612179 0.015823 0.014957
0 0.902690 0.399573 0.004747 0.012821
0 0.652690 0.620726 0.011076 0.014957
0 0.128165 0.909188 0.031646 0.027778
0 0.487342 0.054487 0.053797 0.032051
0 0.890823 0.227564 0.003165 0.010684
0 0.756329 0.195513 0.018987 0.019231
0 0.882911 0.267094 0.015823 0.012821
0 0.405063 0.629274 0.025316 0.032051
0 0.740506 0.079060 0.015823 0.008547
