0 0.982149 0.393158 0.008844 0.006941
0 0.112185 0.924393 0.006223 0.007437
0 0.810514 0.052305 0.003603 0.008428
0 0.366525 0.372087 0.008516 0.005454
0 0.924992 0.068666 0.001310 0.002479
0 0.198657 0.576351 0.000328 0.001487
0 0.147560 0.423649 0.001638 0.006445
0 0.269735 0.721864 0.001638 0.006941
0 0.812316 0.873575 0.003931 0.003966
0 0.003603 0.645265 0.006551 0.004462
0 0.985424 0.360684 0.009499 0.008428
0 0.712414 0.495290 0.001965 0.002975
0 0.051097 0.022062 0.004586 0.008428
0 0.428759 0.007933 0.013102 0.005949
0 0.340485 0.627169 0.001638 0.002975
0 0.926957 0.571641 0.005241 0.006941
0 0.056174 0.799703 0.003603 0.006941
0 0.834753 0.097174 0.002948 0.002975
0 0.215853 0.530491 0.002620 0.011899
0 0.359974 0.721616 0.000655 0.001487
0 0.569440 0.061725 0.004913 0.005454
0 0.944481 0.994546 0.002948 0.004958
0 0.305274 0.086515 0.007206 0.008428
0 0.222896 0.869360 0.000983 0.002479
0 0.849001 0.451165 0.003275 0.012890
