0 0.057692 0.925000 0.061538 0.050000
0 0.586538 0.286538 0.111538 0.065385
0 0.342308 0.188462 0.015385 0.023077
0 0.673077 0.430769 0.030769 0.076923
0 0.798077 0.230769 0.057692 0.084615
0 0.726923 0.769231 0.046154 0.107692
0 0.278846 0.888462 0.026923 0.023077
0 0.555769 0.463462 0.011538 0.026923
0 0.907692 0.325000 0.023077 0.011538
0 0.050000 0.740385 0.069231 0.080769
0 0.525000 0.576923 0.096154 0.038462
0 0.965385 0.657692 0.015385 0.030769
0 0.442308 0.798077 0.100000 0.080769
0 0.821154 0.713462 0.126923 0.057692
0 0.965385 0.823077 0.038462 0.061538
0 0.182692 0.613462 0.019231 0.065385
0 0.694231 0.176923 0.042308 0.030769
0 0.386538 0.976923 0.011538 0.023077
0 0.532692 0.194231 0.026923 0.057692
0 0.551923 0.065385 0.011538 0.030769
0 0.946154 0.494231 0.069231 0.034615
0 0.150000 0.375000 0.015385 0.026923
0 0.450000 0.655769 0.107692 0.026923
0 0.194231 0.323077 0.119231 0.061538
0 0.378846 0.715385 0.050000 0.061538
0 0.103846 0.186538 0.100000 0.080769
0 0.259615 0.719231 0.011538 0.023077
0 0.880769 0.211538 0.061538 0.030769
0 0.317308 0.830769 0.011538 0.023077
0 0.298077 0.757692 0.073077 0.107692
0 0.538462 0.528846 0.015385 0.019231
0 0.965385 0.334615 0.061538 0.123077
0 0.178846 0.161538 0.034615 0.100000
0 0.315385 0.434615 0.069231 0.038462
0 0.423077 0.113462 0.053846 0.042308
0 0.869231 0.796154 0.069231 0.084615
