0 0.086667 0.342000 0.042667 0.022667
0 0.436667 0.895333 0.030667 0.030667
0 0.426000 0.278667 0.020000 0.018667
0 0.170000 0.573333 0.006667 0.005333
0 0.072667 0.825333 0.004000 0.010667
0 0.990667 0.368000 0.005333 0.008000
0 0.809333 0.060000 0.005333 0.008000
0 0.104667 0.696667 0.004000 0.009333
0 0.335333 0.490000 0.017333 0.022667
0 0.502667 0.325333 0.005333 0.013333
0 0.922667 0.440000 0.037333 0.024000
0 0.161333 0.036667 0.026667 0.020000
0 0.872667 0.162667 0.004000 0.008000
0 0.500667 0.510000 0.036000 0.020000
0 0.616667 0.846000 0.009333 0.004000
0 0.107333 0.502000 0.012000 0.022667
0 0.318000 0.245333 0.028000 0.021333
0 0.164667 0.960667 0.022667 0.041333
0 0.788667 0.216000 0.030667 0.013333
0 0.675333 0.942000 0.062667 0.014667
0 0.795333 0.359333 0.022667 0.020000
0 0.475333 0.606667 0.004000 0.008000
0 0.635333 0.929333 0.014667 0.045333
0 0.683333 0.143333 0.017333 0.028000
0 0.785333 0.406000 0.018667 0.028000
0 0.892667 0.047333 0.020000 0.044000
0 0.538000 0.525333 0.025333 0.034667
0 0.751333 0.658667 0.028000 0.034667
0 0.483333 0.480000 0.004000 0.010667
0 0.356667 0.164667 0.022667 0.041333
0 0.083333 0.730667 0.004000 0.010667
0 0.959333 0.562000 0.017333 0.014667
