0 0.177465 0.966197 0.078873 0.045070
0 0.883099 0.208451 0.014085 0.016901
0 0.202817 0.256338 0.022535 0.022535
0 0.460563 0.653521 0.070423 0.039437
0 0.676056 0.632394 0.011268 0.014085
0 0.801408 0.828169 0.053521 0.050704
0 0.598592 0.860563 0.014085 0.014085
0 0.659155 0.316901 0.016901 0.014085
0 0.718310 0.781690 0.011268 0.019718
0 0.622535 0.847887 0.056338 0.056338
0 0.136620 0.269014 0.087324 0.047887
0 0.097183 0.677465 0.070423 0.059155
0 0.826761 0.376056 0.098592 0.042254
0 0.611268 0.750704 0.016901 0.014085
0 0.314085 0.257746 0.025352 0.019718
0 0.578873 0.850704 0.019718 0.045070
0 0.091549 0.964789 0.025352 0.047887
0 0.207042 0.415493 0.014085 0.030986
0 0.578873 0.500000 0.008451 0.025352
0 0.073239 0.797183 0.022535 0.022535
0 0.449296 0.146479 0.008451 0.016901
0 0.392958 0.433803 0.047887 0.050704
0 0.935211 0.798592 0.073239 0.053521
0 0.595775 0.743662 0.008451 0.016901
0 0.784507 0.774648 0.047887 0.050704
0 0.557746 0.719718 0.061972 0.064789
0 0.209859 0.730986 0.036620 0.047887
0 0.485915 0.771831 0.008451 0.016901
0 0.145070 0.385915 0.042254 0.039437
0 0.432394 0.892958 0.076056 0.056338
0 0.942254 0.252113 0.019718 0.076056
0 0.384507 0.922535 0.014085 0.019718
0 0.805634 0.605634 0.022535 0.028169
0 0.266197 0.284507 0.008451 0.016901
0 0.112676 0.388732 0.067606 0.056338
0 0.271831 0.242254 0.014085 0.028169
0 0.811268 0.142254 0.016901 0.008451
0 0.014085 0.846479 0.022535 0.076056
0 0.200000 0.519718 0.050704 0.081690
0 0.914085 0.064789 0.025352 0.016901
