0 0.695833 0.518750 0.041667 0.054167
0 0.697917 0.447917 0.104167 0.079167
0 0.916667 0.487500 0.025000 0.033333
0 0.233333 0.950000 0.058333 0.058333
0 0.893750 0.547917 0.020833 0.037500
0 0.185417 0.116667 0.004167 0.016667
0 0.412500 0.795833 0.008333 0.008333
0 0.845833 0.212500 0.050000 0.066667
0 0.210417 0.364583 0.020833 0.029167
0 0.404167 0.668750 0.100000 0.062500
0 0.450000 0.225000 0.008333 0.025000
0 0.172917 0.400000 0.012500 0.033333
0 0.181250 0.808333 0.062500 0.041667
0 0.381250 0.379167 0.004167 0.016667
0 0.093750 0.262500 0.104167 0.083333
0 0.489583 0.737500 0.062500 0.041667
0 0.335417 0.906250 0.012500 0.012500
0 0.293750 0.683333 0.112500 0.075000
0 0.964583 0.239583 0.062500 0.137500
0 0.066667 0.591667 0.025000 0.016667
0 0.477083 0.900000 0.054167 0.075000
0 0.350000 0.585417 0.083333 0.104167
0 0.114583 0.700000 0.020833 0.016667
0 0.475000 0.841667 0.008333 0.033333
0 0.164583 0.466667 0.029167 0.025000
0 0.818750 0.712500 0.087500 0.100000
0 0.660417 0.712500 0.029167 0.041667
0 0.316667 0.164583 0.033333 0.020833
0 0.466667 0.597917 0.016667 0.037500
0 0.420833 0.868750 0.016667 0.045833
0 0.508333 0.797917 0.033333 0.029167
0 0.850000 0.110417 0.008333 0.012500
0 0.833333 0.452083 0.041667 0.054167
