0 0.819865 0.908027 0.010101 0.016722
0 0.590909 0.110368 0.030303 0.033445
0 0.146465 0.545151 0.043771 0.040134
0 0.659933 0.290970 0.047138 0.033445
0 0.191919 0.894649 0.033670 0.030100
0 0.720539 0.075251 0.006734 0.016722
0 0.063973 0.451505 0.026936 0.026756
0 0.686869 0.508361 0.013468 0.026756
0 0.856902 0.204013 0.030303 0.040134
0 0.816498 0.153846 0.023569 0.020067
0 0.515152 0.352843 0.006734 0.016722
0 0.803030 0.446488 0.023569 0.010033
0 0.722222 0.431438 0.016835 0.006689
0 0.520202 0.387960 0.016835 0.040134
0 0.518519 0.633779 0.006734 0.016722
0 0.644781 0.478261 0.010101 0.013378
0 0.920875 0.209030 0.016835 0.023411
0 0.461279 0.521739 0.033670 0.026756
0 0.878788 0.409699 0.026936 0.023411
0 0.584175 0.060201 0.097643 0.060201
0 0.538721 0.488294 0.013468 0.020067
0 0.065657 0.394649 0.037037 0.020067
0 0.718855 0.608696 0.010101 0.013378
0 0.249158 0.605351 0.074074 0.053512
0 0.067340 0.065217 0.026936 0.056856
0 0.164983 0.919732 0.013468 0.026756
0 0.666667 0.886288 0.080808 0.040134
