0 0.950949 0.649573 0.009494 0.017094
0 0.886867 0.488248 0.014241 0.019231
0 0.059335 0.678419 0.007911 0.019231
0 0.480222 0.961538 0.004747 0.012821
0 0.270570 0.226496 0.012658 0.008547
0 0.032437 0.810897 0.020570 0.036325
0 0.388449 0.106838 0.001582 0.008547
0 0.079114 0.368590 0.009494 0.023504
0 0.083070 0.085470 0.011076 0.017094
0 0.496044 0.327991 0.001582 0.006410
0 0.505538 0.402778 0.011076 0.032051
0 0.684335 0.139957 0.036392 0.044872
0 0.340981 0.962607 0.011076 0.010684
0 0.864715 0.206197 0.017405 0.032051
0 0.060127 0.254274 0.003165 0.008547
0 0.826741 0.731838 0.014241 0.019231
0 0.734968 0.780983 0.017405 0.010684
0 0.765032 0.628205 0.011076 0.038462
0 0.713608 0.814103 0.006329 0.021368
0 0.815665 0.494658 0.036392 0.023504
0 0.609968 0.341880 0.007911 0.012821
0 0.907437 0.754274 0.007911 0.021368
0 0.223892 0.808761 0.001582 0.002137
0 0.511867 0.690171 0.011076 0.017094
0 0.822785 0.110043 0.047468 0.036325
0 0.181171 0.880342 0.017405 0.021368
0 0.525316 0.032051 0.009494 0.029915
