0 0.816867 0.636740 0.043373 0.035912
0 0.215663 0.661602 0.007229 0.019337
0 0.924096 0.042818 0.036145 0.063536
0 0.525301 0.618785 0.009639 0.016575
0 0.132530 0.919890 0.033735 0.071823
0 0.922892 0.795580 0.038554 0.038674
0 0.580723 0.751381 0.067470 0.049724
0 0.518072 0.089779 0.043373 0.069061
0 0.303614 0.802486 0.028916 0.030387
0 0.921687 0.888122 0.016867 0.041436
0 0.698795 0.863260 0.072289 0.046961
0 0.628916 0.446133 0.019277 0.013812
0 0.230120 0.407459 0.065060 0.035912
0 0.155422 0.327348 0.007229 0.024862
0 0.449398 0.237569 0.007229 0.016575
0 0.751807 0.729282 0.033735 0.060773
0 0.137349 0.546961 0.033735 0.077348
0 0.161446 0.087017 0.028916 0.069061
0 0.708434 0.730663 0.048193 0.041436
0 0.875904 0.965470 0.012048 0.024862
0 0.727711 0.558011 0.014458 0.016575
0 0.107229 0.665746 0.026506 0.055249
0 0.198795 0.080110 0.007229 0.022099
0 0.914458 0.859116 0.012048 0.011050
0 0.927711 0.319061 0.081928 0.041436
0 0.226506 0.524862 0.062651 0.055249
0 0.502410 0.437845 0.036145 0.085635
0 0.369880 0.129834 0.045783 0.071823
0 0.766265 0.393646 0.057831 0.041436
0 0.226506 0.020718 0.014458 0.030387
0 0.253012 0.248619 0.014458 0.011050
0 0.453012 0.690608 0.048193 0.060773
0 0.116867 0.733425 0.016867 0.019337
0 0.304819 0.261050 0.021687 0.085635
0 0.113253 0.465470 0.057831 0.030387
0 0.166265 0.359116 0.062651 0.033149
0 0.586747 0.227901 0.007229 0.019337
0 0.866265 0.633978 0.031325 0.046961
0 0.562651 0.613260 0.012048 0.011050
0 0.738554 0.647790 0.031325 0.030387
0 0.134940 0.310773 0.028916 0.019337
0 0.113253 0.029006 0.057831 0.058011
0 0.560241 0.821823 0.036145 0.024862
0 0.112048 0.530387 0.012048 0.022099
0 0.046988 0.544199 0.00722892 0.0165746
