0 0.571304 0.648393 0.046957 0.037807
0 0.834783 0.937618 0.038261 0.037807
0 0.108696 0.266541 0.046957 0.034026
0 0.385217 0.039698 0.008696 0.011342
0 0.318261 0.213611 0.045217 0.026465
0 0.608696 0.397921 0.024348 0.020794
0 0.626957 0.008507 0.012174 0.009452
0 0.420000 0.772212 0.029565 0.013233
0 0.276522 0.573724 0.017391 0.020794
0 0.266087 0.423440 0.024348 0.030246
0 0.147826 0.987713 0.073043 0.024575
0 0.260000 0.778828 0.005217 0.011342
0 0.328696 0.048204 0.017391 0.020794
0 0.473043 0.515123 0.013913 0.039698
0 0.608696 0.524575 0.038261 0.039698
0 0.320870 0.468809 0.005217 0.011342
0 0.509565 0.532136 0.010435 0.009452
0 0.113913 0.947070 0.012174 0.026465
0 0.193043 0.707940 0.006957 0.013233
0 0.135652 0.890359 0.006957 0.011342
0 0.159130 0.317580 0.005217 0.011342
0 0.138261 0.040643 0.040000 0.035917
0 0.589565 0.870510 0.013913 0.047259
0 0.239130 0.440454 0.026087 0.037807
0 0.161739 0.097353 0.013913 0.013233
0 0.981739 0.555766 0.022609 0.018904
0 0.706957 0.372401 0.022609 0.045369
0 0.563478 0.881853 0.027826 0.020794
0 0.806087 0.712665 0.043478 0.037807
0 0.744348 0.207940 0.027826 0.018904
0 0.930435 0.672023 0.006957 0.009452
0 0.920000 0.006616 0.006957 0.009452
