0 0.884354 0.186022 0.004535 0.010753
0 0.532880 0.074194 0.009070 0.010753
0 0.568027 0.155914 0.024943 0.010753
0 0.306122 0.502151 0.045351 0.032258
0 0.426304 0.583871 0.004535 0.010753
0 0.731293 0.165591 0.011338 0.004301
0 0.452381 0.656989 0.020408 0.036559
0 0.226757 0.639785 0.072562 0.036559
0 0.399093 0.934409 0.027211 0.036559
0 0.553288 0.423656 0.009070 0.017204
0 0.469388 0.527957 0.031746 0.049462
0 0.655329 0.311828 0.013605 0.004301
0 0.185941 0.629032 0.004535 0.010753
0 0.065760 0.775269 0.004535 0.010753
0 0.353741 0.625806 0.013605 0.017204
0 0.544218 0.325806 0.004535 0.010753
0 0.664399 0.549462 0.004535 0.010753
0 0.634921 0.277419 0.013605 0.034409
0 0.965986 0.961290 0.018141 0.021505
0 0.574830 0.573118 0.070295 0.036559
0 0.374150 0.892473 0.049887 0.038710
0 0.103175 0.621505 0.011338 0.021505
0 0.191610 0.475269 0.006803 0.012903
0 0.096372 0.507527 0.006803 0.008602
0 0.247166 0.927957 0.013605 0.040860
0 0.034014 0.261290 0.004535 0.010753
0 0.275510 0.016129 0.029478 0.015054
0 0.740363 0.076344 0.043084 0.023656
0 0.249433 0.972043 0.018141 0.008602
0 0.028345 0.644086 0.006803 0.019355
0 0.148526 0.615054 0.065760 0.034409
0 0.863946 0.380645 0.018141 0.012903
