0 0.470000 0.518333 0.086667 0.070000
0 0.931667 0.813333 0.076667 0.040000
0 0.598333 0.746667 0.016667 0.013333
0 0.566667 0.426667 0.100000 0.046667
0 0.748333 0.786667 0.016667 0.046667
0 0.061667 0.826667 0.083333 0.040000
0 0.056667 0.743333 0.106667 0.053333
0 0.716667 0.855000 0.080000 0.070000
0 0.815000 0.670000 0.010000 0.020000
0 0.930000 0.910000 0.040000 0.073333
0 0.280000 0.053333 0.073333 0.060000
0 0.663333 0.291667 0.073333 0.076667
0 0.398333 0.325000 0.090000 0.063333
0 0.301667 0.258333 0.090000 0.063333
0 0.551667 0.073333 0.103333 0.053333
0 0.376667 0.823333 0.066667 0.026667
0 0.416667 0.388333 0.013333 0.016667
0 0.908333 0.116667 0.050000 0.113333
0 0.455000 0.040000 0.083333 0.073333
0 0.906667 0.496667 0.033333 0.060000
0 0.546667 0.216667 0.073333 0.080000
0 0.520000 0.728333 0.113333 0.050000
0 0.391667 0.391667 0.030000 0.063333
0 0.860000 0.776667 0.013333 0.026667
0 0.465000 0.161667 0.083333 0.056667
0 0.498333 0.683333 0.010000 0.020000
0 0.243333 0.131667 0.093333 0.063333
0 0.838333 0.303333 0.030000 0.053333
0 0.740000 0.485000 0.013333 0.016667
0 0.361667 0.175000 0.090000 0.063333
0 0.323333 0.466667 0.060000 0.066667
