0 0.666981 0.671982 0.009434 0.022779
0 0.202830 0.960137 0.013208 0.020501
0 0.385849 0.436219 0.009434 0.020501
0 0.206604 0.928246 0.001887 0.006834
0 0.892453 0.244875 0.030189 0.038724
0 0.261321 0.870159 0.001887 0.009112
0 0.298113 0.033030 0.026415 0.020501
0 0.810377 0.187927 0.024528 0.029613
0 0.197170 0.695900 0.009434 0.011390
0 0.465094 0.882688 0.028302 0.038724
0 0.610377 0.462415 0.028302 0.036446
0 0.615094 0.617312 0.007547 0.004556
0 0.467925 0.740319 0.060377 0.036446
0 0.106604 0.601367 0.020755 0.041002
0 0.571698 0.578588 0.003774 0.013667
0 0.785849 0.529613 0.009434 0.025057
0 0.441509 0.118451 0.003774 0.004556
0 0.092453 0.406606 0.003774 0.011390
0 0.879245 0.408884 0.007547 0.020501
0 0.506604 0.175399 0.043396 0.018223
0 0.898113 0.823462 0.011321 0.025057
0 0.591509 0.307517 0.005660 0.004556
0 0.116038 0.314351 0.001887 0.009112
0 0.739623 0.849658 0.003774 0.009112
