0 0.638003 0.933267 0.055479 0.025896
0 0.179612 0.173307 0.018031 0.031873
0 0.550624 0.983068 0.022191 0.025896
0 0.489598 0.469124 0.002774 0.009960
0 0.358530 0.923307 0.009709 0.021912
0 0.207351 0.545817 0.006935 0.027888
0 0.067268 0.049801 0.015257 0.027888
0 0.019417 0.564741 0.030513 0.013944
0 0.684466 0.768924 0.012483 0.015936
0 0.493759 0.901394 0.005548 0.013944
0 0.206657 0.472112 0.011096 0.035857
0 0.587379 0.919323 0.040222 0.033865
0 0.082524 0.219124 0.023578 0.023904
0 0.013870 0.864542 0.011096 0.039841
0 0.607490 0.337649 0.002774 0.009960
0 0.853675 0.668327 0.004161 0.005976
0 0.285714 0.054781 0.013870 0.017928
0 0.467406 0.844622 0.008322 0.011952
0 0.074202 0.434263 0.009709 0.035857
0 0.294036 0.332669 0.027739 0.023904
0 0.428571 0.934263 0.036061 0.039841
0 0.196949 0.833665 0.005548 0.013944
0 0.244799 0.628486 0.006935 0.013944
0 0.126907 0.966135 0.026352 0.011952
0 0.237864 0.195219 0.031900 0.043825
0 0.621359 0.473108 0.002774 0.009960
0 0.587379 0.367530 0.006935 0.017928
0 0.669903 0.693227 0.033287 0.043825
0 0.527046 0.214143 0.002774 0.009960
