0 0.063596 0.234649 0.127193 0.074561
0 0.118421 0.385965 0.061404 0.017544
0 0.688596 0.765351 0.035088 0.083333
0 0.923246 0.223684 0.100877 0.096491
0 0.377193 0.028509 0.035088 0.030702
0 0.287281 0.168860 0.004386 0.021930
0 0.412281 0.508772 0.070175 0.043860
0 0.925439 0.809211 0.008772 0.021930
0 0.673246 0.596491 0.021930 0.017544
0 0.427632 0.118421 0.135965 0.070175
0 0.953947 0.043860 0.030702 0.043860
0 0.723684 0.642544 0.052632 0.048246
0 0.087719 0.350877 0.026316 0.043860
0 0.896930 0.828947 0.004386 0.026316
0 0.260965 0.901316 0.013158 0.039474
0 0.135965 0.559211 0.008772 0.030702
0 0.342105 0.644737 0.078947 0.052632
0 0.811404 0.247807 0.114035 0.083333
0 0.214912 0.682018 0.078947 0.039474
0 0.035088 0.708333 0.043860 0.065789
0 0.550439 0.210526 0.048246 0.035088
0 0.879386 0.640351 0.048246 0.105263
0 0.872807 0.074561 0.026316 0.043860
0 0.160088 0.793860 0.021930 0.026316
0 0.789474 0.978070 0.096491 0.043860
0 0.105263 0.081140 0.105263 0.092105
0 0.763158 0.182018 0.078947 0.039474
