0 0.139815 0.546296 0.031481 0.029630
0 0.626852 0.297222 0.020370 0.024074
0 0.645370 0.408333 0.020370 0.027778
0 0.924074 0.974074 0.029630 0.011111
0 0.932407 0.676852 0.005556 0.009259
0 0.975000 0.147222 0.009259 0.016667
0 0.929630 0.762963 0.007407 0.018519
0 0.721296 0.961111 0.031481 0.011111
0 0.112963 0.543519 0.018519 0.050000
0 0.581481 0.076852 0.011111 0.031481
0 0.611111 0.821296 0.011111 0.020370
0 0.795370 0.811111 0.005556 0.011111
0 0.126852 0.514815 0.005556 0.007407
0 0.278704 0.488889 0.016667 0.022222
0 0.238889 0.824074 0.044444 0.037037
0 0.512963 0.353704 0.018519 0.029630
0 0.791667 0.753704 0.009259 0.014815
0 0.463889 0.887037 0.042593 0.022222
0 0.867593 0.401852 0.016667 0.025926
0 0.426852 0.008333 0.024074 0.012963
0 0.761111 0.991667 0.022222 0.012963
0 0.176852 0.135185 0.001852 0.007407
0 0.440741 0.580556 0.025926 0.020370
0 0.508333 0.627778 0.050000 0.033333
0 0.592593 0.739815 0.007407 0.016667
0 0.025000 0.216667 0.005556 0.003704
0 0.871296 0.663889 0.031481 0.012963
0 0.602778 0.741667 0.009259 0.012963
0 0.995370 0.081481 0.001852 0.003704
