0 0.103333 0.933333 0.006667 0.013333
0 0.330000 0.335000 0.006667 0.016667
0 0.238333 0.468333 0.016667 0.036667
0 0.406667 0.800000 0.066667 0.026667
0 0.751667 0.493333 0.070000 0.053333
0 0.276667 0.560000 0.026667 0.053333
0 0.911667 0.461667 0.043333 0.036667
0 0.755000 0.613333 0.016667 0.020000
0 0.143333 0.880000 0.046667 0.060000
0 0.106667 0.851667 0.006667 0.010000
0 0.891667 0.753333 0.003333 0.013333
0 0.708333 0.410000 0.010000 0.013333
0 0.971667 0.105000 0.016667 0.023333
0 0.871667 0.453333 0.030000 0.046667
0 0.695000 0.355000 0.010000 0.010000
0 0.803333 0.013333 0.013333 0.006667
0 0.815000 0.415000 0.076667 0.070000
0 0.310000 0.903333 0.060000 0.086667
0 0.873333 0.380000 0.033333 0.060000
0 0.785000 0.581667 0.030000 0.050000
0 0.223333 0.575000 0.006667 0.016667
0 0.415000 0.188333 0.043333 0.050000
