0 0.845828 0.441623 0.003124 0.008068
0 0.593931 0.384196 0.012494 0.005221
0 0.476127 0.795681 0.002677 0.001424
0 0.033244 0.035121 0.002231 0.002848
0 0.987506 0.140009 0.009817 0.006645
0 0.873940 0.395349 0.011156 0.010441
0 0.310799 0.841955 0.002231 0.001898
0 0.919456 0.408401 0.002231 0.001424
0 0.743641 0.037494 0.007586 0.005695
0 0.460062 0.365923 0.004462 0.002848
0 0.697010 0.353346 0.000892 0.002373
0 0.624944 0.792121 0.010263 0.010441
0 0.350290 0.555055 0.002677 0.004271
0 0.531236 0.864499 0.005801 0.007119
0 0.738956 0.573090 0.001785 0.004271
0 0.051539 0.208116 0.003124 0.006170
0 0.652610 0.664215 0.003124 0.004271
0 0.618920 0.276934 0.000892 0.002373
0 0.701696 0.124110 0.005801 0.007119
0 0.635207 0.082345 0.004016 0.007119
0 0.485051 0.652587 0.010710 0.010441
0 0.455600 0.060038 0.006247 0.010916
0 0.019411 0.844566 0.002231 0.001424
0 0.426372 0.860465 0.004909 0.004746
0 0.707943 0.938301 0.008478 0.003797
0 0.573628 0.434741 0.004016 0.009492
0 0.500223 0.979355 0.000892 0.003322
0 0.214636 0.865686 0.000892 0.002848
