0 0.480284 0.175079 0.001577 0.006309
0 0.693218 0.953470 0.004732 0.017350
0 0.965300 0.153785 0.047319 0.026814
0 0.913249 0.904574 0.012618 0.007886
0 0.459779 0.329653 0.014196 0.028391
0 0.270505 0.029180 0.004732 0.004732
0 0.245268 0.045741 0.042587 0.028391
0 0.134858 0.672713 0.020505 0.042587
0 0.386435 0.622240 0.022082 0.023659
0 0.544953 0.626183 0.017350 0.009464
0 0.380126 0.889590 0.015773 0.022082
0 0.003155 0.763407 0.003155 0.003155
0 0.071767 0.018139 0.042587 0.029968
0 0.200315 0.335174 0.009464 0.014196
0 0.018139 0.618297 0.023659 0.034700
0 0.503155 0.674290 0.031546 0.039432
0 0.364353 0.283123 0.009464 0.017350
0 0.467666 0.966877 0.033123 0.037855
0 0.737382 0.789432 0.026814 0.039432
0 0.519716 0.098580 0.014196 0.014196
