0 0.631250 0.302083 0.137500 0.062500
0 0.645833 0.810417 0.008333 0.020833
0 0.739583 0.164583 0.045833 0.079167
0 0.150000 0.960417 0.016667 0.037500
0 0.112500 0.270833 0.025000 0.066667
0 0.093750 0.485417 0.104167 0.070833
0 0.914583 0.652083 0.037500 0.045833
0 0.306250 0.833333 0.095833 0.091667
0 0.397917 0.877083 0.079167 0.029167
0 0.241667 0.743750 0.008333 0.020833
0 0.425000 0.845833 0.083333 0.025000
0 0.802083 0.616667 0.012500 0.016667
0 0.610417 0.962500 0.045833 0.050000
0 0.193750 0.308333 0.020833 0.016667
0 0.060417 0.808333 0.012500 0.041667
0 0.464583 0.175000 0.012500 0.066667
0 0.908333 0.141667 0.033333 0.025000
0 0.039583 0.331250 0.012500 0.012500
0 0.600000 0.647917 0.016667 0.020833
0 0.843750 0.116667 0.079167 0.066667
0 0.397917 0.093750 0.054167 0.054167
0 0.785417 0.722917 0.079167 0.112500
0 0.666667 0.035417 0.016667 0.020833
0 0.885417 0.481250 0.037500 0.029167
0 0.833333 0.222917 0.008333 0.020833
0 0.522917 0.758333 0.054167 0.041667
0 0.977083 0.445833 0.045833 0.041667
0 0.841667 0.581250 0.083333 0.045833
0 0.616667 0.758333 0.116667 0.075000
0 0.785417 0.935417 0.112500 0.079167
0 0.460417 0.347917 0.095833 0.070833
