0 0.530516 0.161859 0.015649 0.032051
0 0.090767 0.807692 0.015649 0.009615
0 0.313772 0.741987 0.010955 0.016026
0 0.294210 0.732372 0.025039 0.051282
0 0.563380 0.710737 0.018779 0.030449
0 0.712833 0.480769 0.014085 0.025641
0 0.521909 0.555288 0.007825 0.004808
0 0.672926 0.310096 0.006260 0.017628
0 0.164319 0.100160 0.037559 0.033654
0 0.087637 0.410256 0.028169 0.044872
0 0.831768 0.625000 0.004695 0.006410
0 0.258998 0.728365 0.029734 0.033654
0 0.255086 0.690705 0.015649 0.016026
0 0.766041 0.102564 0.039124 0.032051
0 0.659624 0.628205 0.014085 0.006410
0 0.178404 0.224359 0.043818 0.025641
0 0.453834 0.810897 0.034429 0.035256
0 0.431142 0.326923 0.017214 0.016026
0 0.725352 0.891026 0.035994 0.035256
0 0.132238 0.415064 0.017214 0.009615
0 0.424100 0.679487 0.015649 0.019231
0 0.557903 0.270833 0.045383 0.028846
0 0.639280 0.649038 0.010955 0.019231
0 0.748044 0.181891 0.053208 0.024038
0 0.886541 0.233974 0.023474 0.025641
0 0.176056 0.804487 0.017214 0.022436
0 0.151017 0.157853 0.004695 0.004808
0 0.356025 0.322115 0.032864 0.038462
0 0.683881 0.459135 0.037559 0.030449
