0 0.745327 0.679907 0.107477 0.079439
0 0.904206 0.978972 0.023364 0.032710
0 0.474299 0.221963 0.088785 0.088785
0 0.556075 0.570093 0.065421 0.149533
0 0.065421 0.415888 0.112150 0.056075
0 0.383178 0.894860 0.028037 0.014019
0 0.228972 0.880841 0.093458 0.032710
0 0.593458 0.371495 0.065421 0.032710
0 0.649533 0.579439 0.112150 0.102804
0 0.467290 0.904206 0.018692 0.023364
0 0.299065 0.649533 0.102804 0.102804
0 0.350467 0.102804 0.112150 0.056075
0 0.558411 0.450935 0.023364 0.023364
0 0.626168 0.782710 0.102804 0.051402
0 0.306075 0.432243 0.079439 0.051402
0 0.240654 0.439252 0.032710 0.093458
0 0.095794 0.324766 0.014019 0.032710
0 0.509346 0.376168 0.084112 0.032710
0 0.310748 0.184579 0.060748 0.098131
0 0.406542 0.675234 0.018692 0.070093
0 0.060748 0.850467 0.028037 0.046729
0 0.455607 0.303738 0.126168 0.093458
0 0.376168 0.210280 0.032710 0.084112
0 0.892523 0.021028 0.056075 0.042056
0 0.551402 0.712617 0.140187 0.079439
0 0.128505 0.801402 0.098131 0.116822
0 0.457944 0.105140 0.093458 0.126168
