0 0.917695 0.142045 0.024691 0.018939
0 0.341564 0.089015 0.041152 0.041667
0 0.621399 0.401515 0.016461 0.015152
0 0.806584 0.501894 0.082305 0.056818
0 0.897119 0.439394 0.065844 0.045455
0 0.779835 0.359848 0.020576 0.030303
0 0.868313 0.153409 0.024691 0.049242
0 0.565844 0.475379 0.004115 0.011364
0 0.213992 0.973485 0.024691 0.022727
0 0.154321 0.424242 0.004115 0.007576
0 0.742798 0.429924 0.012346 0.018939
0 0.948560 0.395833 0.020576 0.056818
0 0.244856 0.865530 0.061728 0.034091
0 0.839506 0.433712 0.041152 0.034091
0 0.874486 0.895833 0.020576 0.049242
0 0.277778 0.791667 0.045267 0.060606
0 0.462963 0.356061 0.012346 0.015152
0 0.874486 0.746212 0.012346 0.030303
0 0.407407 0.683712 0.115226 0.064394
0 0.409465 0.045455 0.020576 0.053030
