0 0.022321 0.860417 0.040179 0.062500
0 0.558036 0.319792 0.066964 0.035417
0 0.564732 0.887500 0.008929 0.033333
0 0.718750 0.275000 0.044643 0.037500
0 0.347098 0.045833 0.006696 0.012500
0 0.283482 0.913542 0.062500 0.031250
0 0.731027 0.720833 0.033482 0.041667
0 0.792411 0.741667 0.040179 0.037500
0 0.128348 0.193750 0.011161 0.016667
0 0.081473 0.497917 0.020089 0.066667
0 0.840402 0.842708 0.006696 0.014583
0 0.453125 0.590625 0.008929 0.022917
0 0.058036 0.338542 0.053571 0.039583
0 0.933036 0.823958 0.013393 0.014583
0 0.540179 0.756250 0.026786 0.020833
0 0.800223 0.137500 0.024554 0.004167
0 0.421875 0.576042 0.049107 0.047917
0 0.477679 0.257292 0.013393 0.022917
0 0.564732 0.048958 0.044643 0.056250
0 0.677455 0.173958 0.078125 0.031250
0 0.146205 0.512500 0.091518 0.025000
0 0.594866 0.805208 0.024554 0.052083
0 0.261161 0.295833 0.022321 0.033333
0 0.562500 0.204167 0.062500 0.037500
0 0.531250 0.009375 0.031250 0.018750
0 0.646205 0.062500 0.060268 0.037500
0 0.934152 0.113542 0.033482 0.068750
0 0.768973 0.495833 0.024554 0.025000
0 0.771205 0.850000 0.011161 0.008333
0 0.237723 0.446875 0.020089 0.027083
0 0.181920 0.028125 0.011161 0.010417
0 0.322545 0.539583 0.006696 0.016667
0 0.760045 0.457292 0.051339 0.047917
0 0.262277 0.075000 0.024554 0.037500
0 0.137277 0.479167 0.011161 0.016667
0 0.265625 0.947917 0.040179 0.016667
0 0.297991 0.226042 0.024554 0.014583
0 0.632812 0.347917 0.046875 0.025000
0 0.186384 0.146875 0.046875 0.052083
0 0.364955 0.445833 0.011161 0.008333
0 0.972098 0.063542 0.033482 0.014583
0 0.329241 0.172917 0.006696 0.025000
0 0.825893 0.423958 0.013393 0.039583
0 0.440848 0.037500 0.006696 0.012500
0 0.234375 0.030208 0.026786 0.060417
