0 0.278125 0.657813 0.050000 0.103125
0 0.920312 0.723437 0.040625 0.009375
0 0.446875 0.345313 0.031250 0.034375
0 0.217188 0.956250 0.040625 0.062500
0 0.451562 0.295312 0.021875 0.046875
0 0.129688 0.421875 0.015625 0.018750
0 0.935937 0.521875 0.009375 0.018750
0 0.073438 0.775000 0.009375 0.018750
0 0.434375 0.935937 0.043750 0.034375
0 0.154688 0.771875 0.034375 0.025000
0 0.928125 0.018750 0.012500 0.025000
0 0.850000 0.821875 0.018750 0.025000
0 0.181250 0.289062 0.093750 0.053125
0 0.060937 0.337500 0.046875 0.043750
0 0.050000 0.170313 0.012500 0.015625
0 0.306250 0.179688 0.062500 0.084375
0 0.728125 0.462500 0.050000 0.062500
0 0.771875 0.535937 0.025000 0.046875
0 0.901563 0.112500 0.015625 0.018750
0 0.089063 0.903125 0.021875 0.037500
0 0.954688 0.385937 0.084375 0.053125
0 0.500000 0.890625 0.112500 0.043750
0 0.414062 0.282813 0.046875 0.103125
0 0.262500 0.746875 0.031250 0.018750
0 0.170313 0.831250 0.065625 0.081250
0 0.928125 0.832812 0.031250 0.028125
0 0.284375 0.851562 0.018750 0.040625
0 0.070312 0.290625 0.059375 0.037500
0 0.890625 0.473438 0.068750 0.071875
0 0.817187 0.364063 0.059375 0.084375
0 0.925000 0.965625 0.031250 0.031250
0 0.615625 0.906250 0.031250 0.037500
0 0.085938 0.512500 0.090625 0.056250
0 0.223438 0.178125 0.090625 0.056250
0 0.189062 0.600000 0.009375 0.018750
0 0.556250 0.239063 0.100000 0.053125
0 0.171875 0.684375 0.081250 0.062500
0 0.056250 0.453125 0.087500 0.056250
0 0.506250 0.201563 0.012500 0.015625
