0 0.838235 0.027335 0.018382 0.018223
0 0.690257 0.031891 0.005515 0.013667
0 0.824449 0.594533 0.005515 0.013667
0 0.456801 0.730068 0.005515 0.020501
0 0.301471 0.485194 0.014706 0.013667
0 0.334559 0.292711 0.011029 0.015945
0 0.045956 0.289294 0.011029 0.027335
0 0.239890 0.822323 0.009191 0.022779
0 0.852941 0.306378 0.018382 0.029613
0 0.529412 0.231207 0.051471 0.043280
0 0.243566 0.645786 0.042279 0.052392
0 0.235294 0.095672 0.033088 0.050114
0 0.550551 0.555809 0.053309 0.041002
0 0.416360 0.097950 0.012868 0.009112
0 0.639706 0.752847 0.029412 0.011390
0 0.094669 0.879271 0.056985 0.036446
0 0.478860 0.346241 0.027574 0.036446
0 0.660846 0.047836 0.049632 0.045558
0 0.487132 0.659453 0.014706 0.038724
0 0.842831 0.164009 0.005515 0.018223
0 0.934743 0.818907 0.034926 0.020501
0 0.284007 0.496583 0.016544 0.027335
0 0.097426 0.830296 0.036765 0.056948
0 0.875919 0.020501 0.034926 0.041002
0 0.279412 0.304100 0.007353 0.011390
0 0.182904 0.660592 0.005515 0.022779
0 0.297794 0.241458 0.033088 0.031891
0 0.698529 0.638952 0.055147 0.038724
0 0.638787 0.673121 0.023897 0.034169
0 0.693934 0.113895 0.005515 0.013667
0 0.207721 0.731207 0.018382 0.045558
0 0.496324 0.453303 0.011029 0.018223
0 0.673713 0.444191 0.038603 0.036446
0 0.020221 0.194761 0.011029 0.015945
0 0.685662 0.744875 0.029412 0.077449
0 0.815257 0.413440 0.016544 0.043280
