0 0.961426 0.710383 0.006836 0.005464
0 0.348633 0.595628 0.005859 0.005464
0 0.461914 0.055328 0.015625 0.012295
0 0.922852 0.688525 0.029297 0.021858
0 0.747559 0.150273 0.030273 0.021858
0 0.511719 0.174180 0.013672 0.009563
0 0.223145 0.511612 0.010742 0.020492
0 0.243164 0.114071 0.001953 0.006831
0 0.828613 0.890710 0.006836 0.016393
0 0.827637 0.020492 0.000977 0.005464
0 0.486328 0.068306 0.021484 0.024590
0 0.469727 0.243852 0.007812 0.025956
0 0.884277 0.383880 0.012695 0.024590
0 0.406250 0.852459 0.003906 0.013661
0 0.752441 0.633197 0.012695 0.012295
0 0.075195 0.688525 0.013672 0.043716
0 0.950195 0.597678 0.009766 0.025956
0 0.593262 0.801913 0.000977 0.005464
0 0.084473 0.178279 0.004883 0.012295
0 0.687988 0.725410 0.000977 0.002732
0 0.862793 0.618169 0.022461 0.028689
0 0.665527 0.681011 0.008789 0.017760
0 0.016113 0.228825 0.016602 0.009563
0 0.639648 0.353825 0.00585938 0.010929
0 0.588867 0.329235 0.00585938 0.0163934
0 0.670898 0.594945 0.00585938 0.0150273
0 0.616699 0.540984 0.00683594 0.0163934
