0 0.702485 0.464696 0.033626 0.036125
0 0.881579 0.701970 0.002924 0.004926
0 0.572368 0.587849 0.048246 0.019704
0 0.480994 0.453202 0.002924 0.006568
0 0.421053 0.646962 0.014620 0.022989
0 0.005117 0.705255 0.001462 0.004926
0 0.138158 0.422003 0.004386 0.009852
0 0.454678 0.654351 0.011696 0.027915
0 0.071637 0.889163 0.002924 0.004926
0 0.711257 0.124795 0.013158 0.013136
0 0.505848 0.431856 0.011696 0.013136
0 0.014620 0.085386 0.011696 0.022989
0 0.749269 0.516420 0.010234 0.018062
0 0.660088 0.781609 0.007310 0.022989
0 0.547515 0.958128 0.033626 0.027915
0 0.984649 0.684729 0.007310 0.016420
0 0.466374 0.968801 0.002924 0.006568
0 0.623538 0.655172 0.024854 0.016420
0 0.672515 0.394089 0.005848 0.009852
0 0.491228 0.400657 0.002924 0.006568
0 0.069444 0.066502 0.021930 0.050903
0 0.208333 0.132184 0.042398 0.024631
0 0.936404 0.981117 0.004386 0.014778
0 0.513158 0.878489 0.005848 0.003284
0 0.033626 0.704433 0.002924 0.003284
0 0.260965 0.303777 0.001462 0.003284
0 0.660088 0.408046 0.007310 0.008210
0 0.051170 0.256979 0.005848 0.014778
0 0.492690 0.167488 0.046784 0.026273
0 0.732456 0.140394 0.026316 0.014778
