0 0.201439 0.157831 0.071942 0.040964
0 0.402878 0.751807 0.019185 0.028916
0 0.176259 0.321687 0.016787 0.045783
0 0.633094 0.455422 0.014388 0.014458
0 0.781775 0.393976 0.057554 0.036145
0 0.702638 0.619277 0.028777 0.024096
0 0.440048 0.614458 0.035971 0.048193
0 0.328537 0.274699 0.014388 0.033735
0 0.440048 0.981928 0.011990 0.036145
0 0.158273 0.669880 0.062350 0.048193
0 0.834532 0.263855 0.038369 0.036145
0 0.547962 0.340964 0.064748 0.016867
0 0.085132 0.551807 0.050360 0.057831
0 0.327338 0.337349 0.088729 0.033735
0 0.516787 0.512048 0.011990 0.021687
0 0.230216 0.377108 0.009592 0.012048
0 0.715827 0.222892 0.007194 0.016867
0 0.766187 0.236145 0.026379 0.067470
0 0.375300 0.198795 0.021583 0.021687
0 0.976019 0.889157 0.023981 0.048193
0 0.880096 0.597590 0.067146 0.043373
0 0.088729 0.404819 0.033573 0.028916
0 0.287770 0.219277 0.009592 0.028916
0 0.003597 0.674699 0.007194 0.019277
0 0.838129 0.850602 0.031175 0.048193
0 0.167866 0.271084 0.067146 0.045783
0 0.479616 0.475904 0.071942 0.040964
0 0.714628 0.206024 0.067146 0.045783
0 0.591127 0.318072 0.007194 0.019277
0 0.809353 0.863855 0.021583 0.040964
0 0.763789 0.363855 0.007194 0.019277
0 0.709832 0.096386 0.071942 0.043373
0 0.312950 0.427711 0.045564 0.055422
0 0.889688 0.0759036 0.0239808 0.0554217
0 0.029976 0.187952 0.0215827 0.053012
