0 0.298441 0.591241 0.031180 0.082725
0 0.104677 0.368613 0.044543 0.065693
0 0.732739 0.506083 0.008909 0.029197
0 0.440980 0.344282 0.044543 0.060827
0 0.484410 0.295620 0.015590 0.007299
0 0.158129 0.070560 0.022272 0.053528
0 0.700445 0.407543 0.006682 0.017032
0 0.781737 0.530414 0.017817 0.024331
0 0.899777 0.425791 0.035635 0.053528
0 0.075724 0.107056 0.008909 0.029197
0 0.665924 0.616788 0.035635 0.065693
0 0.170379 0.531630 0.037862 0.060827
0 0.620267 0.698297 0.006682 0.019465
0 0.427617 0.579075 0.013363 0.019465
0 0.414254 0.238443 0.075724 0.038929
0 0.438753 0.540146 0.053452 0.053528
0 0.827394 0.608273 0.028953 0.072993
0 0.750557 0.034063 0.026726 0.063260
0 0.543430 0.371046 0.008909 0.012165
0 0.208241 0.329684 0.028953 0.046229
0 0.403118 0.074209 0.004454 0.021898
0 0.799555 0.479319 0.084633 0.034063
0 0.204900 0.435523 0.017817 0.014599
0 0.962138 0.854015 0.044543 0.063260
0 0.985523 0.459854 0.006682 0.014599
0 0.924276 0.081509 0.008909 0.012165
0 0.321826 0.493917 0.042316 0.038929
0 0.046771 0.694647 0.008909 0.012165
0 0.708241 0.100973 0.035635 0.055961
0 0.217149 0.665450 0.011136 0.017032
0 0.502227 0.821168 0.024499 0.046229
0 0.663697 0.064477 0.031180 0.046229
0 0.267261 0.208029 0.040089 0.041363
0 0.126949 0.727494 0.048998 0.048662
0 0.349666 0.782238 0.026726 0.046229
0 0.658129 0.125304 0.037862 0.046229
0 0.491091 0.265207 0.055679 0.043796
0 0.170379 0.285888 0.091314 0.031630
0 0.420935 0.470803 0.017817 0.051095
0 0.837416 0.298054 0.022272 0.046229
0 0.946548 0.141119 0.040089 0.029197
0 0.626949 0.122871 0.006682 0.017032
0 0.602450 0.828467 0.060134 0.046229
0 0.145880 0.677616 0.011136 0.021898
0 0.544543 0.927007 0.028953 0.034063
