0 0.232203 0.879108 0.037288 0.035211
0 0.328814 0.656103 0.006780 0.011737
0 0.307627 0.468310 0.018644 0.016432
0 0.143220 0.868545 0.028814 0.070423
0 0.029661 0.274648 0.032203 0.028169
0 0.679661 0.765258 0.010169 0.009390
0 0.293220 0.661972 0.047458 0.042254
0 0.045763 0.424883 0.030508 0.070423
0 0.834746 0.211268 0.025424 0.084507
0 0.778814 0.652582 0.022034 0.046948
0 0.127966 0.970657 0.032203 0.039906
0 0.075424 0.462441 0.005085 0.018779
0 0.095763 0.026995 0.005085 0.021127
0 0.217797 0.830986 0.052542 0.037559
0 0.966102 0.707746 0.047458 0.044601
0 0.938136 0.500000 0.008475 0.009390
0 0.305932 0.856808 0.022034 0.056338
0 0.672881 0.519953 0.010169 0.016432
0 0.809322 0.130282 0.028814 0.072770
0 0.197458 0.590376 0.035593 0.058685
0 0.934746 0.436620 0.015254 0.042254
0 0.377966 0.449531 0.013559 0.021127
0 0.151695 0.417840 0.011864 0.042254
0 0.756780 0.737089 0.052542 0.037559
0 0.965254 0.410798 0.005085 0.018779
0 0.422881 0.778169 0.008475 0.025822
0 0.854237 0.301643 0.013559 0.021127
0 0.324576 0.356808 0.028814 0.032864
0 0.766102 0.138498 0.047458 0.042254
0 0.922034 0.382629 0.037288 0.056338
0 0.822034 0.731221 0.027119 0.025822
0 0.531356 0.570423 0.028814 0.037559
0 0.868644 0.491784 0.011864 0.011737
0 0.289831 0.347418 0.033898 0.042254
0 0.880508 0.394366 0.038983 0.046948
0 0.822034 0.029343 0.054237 0.039906
0 0.112712 0.352113 0.042373 0.032864
0 0.780508 0.542254 0.049153 0.042254
0 0.336441 0.025822 0.045763 0.028169
