0 0.543846 0.878074 0.010769 0.010246
0 0.876154 0.110656 0.029231 0.016393
0 0.309231 0.308402 0.006154 0.010246
0 0.401538 0.361680 0.012308 0.010246
0 0.545385 0.758197 0.004615 0.016393
0 0.382308 0.949795 0.010769 0.022541
0 0.286154 0.323770 0.009231 0.020492
0 0.667692 0.259221 0.021538 0.026639
0 0.630000 0.976434 0.013846 0.047131
0 0.546923 0.852459 0.044615 0.028689
0 0.055385 0.359631 0.015385 0.030738
0 0.491538 0.807377 0.010769 0.020492
0 0.191538 0.682377 0.035385 0.045082
0 0.928462 0.761270 0.044615 0.034836
0 0.823846 0.721311 0.007692 0.008197
0 0.704615 0.546107 0.006154 0.010246
0 0.956923 0.944672 0.027692 0.061475
0 0.121538 0.933402 0.003077 0.018443
0 0.029231 0.965164 0.009231 0.024590
0 0.634615 0.657787 0.066154 0.024590
0 0.764615 0.090164 0.027692 0.045082
0 0.680769 0.901639 0.007692 0.008197
0 0.770000 0.448770 0.004615 0.012295
0 0.213077 0.231557 0.007692 0.016393
0 0.427692 0.605533 0.018462 0.014344
0 0.682308 0.341189 0.023077 0.038934
0 0.301538 0.714139 0.018462 0.026639
0 0.510000 0.839139 0.026154 0.030738
0 0.967692 0.804303 0.012308 0.006148
0 0.232308 0.070697 0.033846 0.047131
0 0.966154 0.078893 0.030769 0.026639
0 0.306923 0.113730 0.013846 0.051230
0 0.509231 0.805328 0.021538 0.028689
0 0.084615 0.598361 0.009231 0.016393
0 0.877692 0.476434 0.041538 0.034836
0 0.026923 0.194672 0.004615 0.012295
0 0.540769 0.640369 0.013846 0.030738
0 0.515385 0.580943 0.006154 0.010246
0 0.743077 0.729508 0.040000 0.040984
0 0.523846 0.622951 0.016923 0.040984
0 0.483077 0.856557 0.024615 0.040984
0 0.074615 0.250000 0.038462 0.040984
0 0.772308 0.622951 0.006154 0.012295
0 0.350000 0.407787 0.013846 0.036885
