0 0.095013 0.372861 0.044474 0.022005
0 0.631402 0.284841 0.009434 0.026895
0 0.074124 0.275061 0.029650 0.031785
0 0.952830 0.431540 0.005391 0.012225
0 0.654987 0.028117 0.013477 0.007335
0 0.806604 0.817848 0.014825 0.012225
0 0.974394 0.077017 0.016173 0.070905
0 0.377358 0.420538 0.008086 0.034230
0 0.867251 0.367971 0.009434 0.017115
0 0.140836 0.387531 0.044474 0.036675
0 0.543127 0.968215 0.035040 0.048900
0 0.572776 0.061125 0.045822 0.039120
0 0.532345 0.837408 0.037736 0.046455
0 0.016846 0.557457 0.017520 0.034230
0 0.972372 0.315403 0.017520 0.029340
0 0.724394 0.946210 0.036388 0.034230
0 0.618598 0.658924 0.013477 0.036675
0 0.384771 0.988998 0.004043 0.017115
0 0.828841 0.067237 0.010782 0.017115
0 0.249326 0.382641 0.010782 0.036675
0 0.842318 0.942543 0.005391 0.012225
0 0.432615 0.600244 0.016173 0.056235
0 0.433288 0.877751 0.004043 0.014670
0 0.309299 0.304401 0.047170 0.036675
0 0.776280 0.534230 0.026954 0.036675
0 0.553235 0.160147 0.030997 0.036675
0 0.658356 0.955990 0.004043 0.019560
0 0.600404 0.535452 0.020216 0.053790
0 0.374663 0.383863 0.021563 0.024450
0 0.680593 0.638142 0.024259 0.073350
0 0.778302 0.705379 0.025606 0.026895
0 0.473720 0.277506 0.017520 0.012225
0 0.758086 0.124694 0.044474 0.039120
0 0.126011 0.264059 0.004043 0.014670
0 0.722372 0.099022 0.024259 0.066015
0 0.791779 0.070905 0.025606 0.053790
0 0.776280 0.592910 0.021563 0.036675
0 0.917116 0.441320 0.036388 0.046455
