0 0.602679 0.065179 0.033929 0.033929
0 0.365179 0.739286 0.030357 0.039286
0 0.038393 0.527679 0.051786 0.030357
0 0.075000 0.441964 0.010714 0.008929
0 0.953571 0.242857 0.021429 0.007143
0 0.213393 0.853571 0.030357 0.021429
0 0.928571 0.859821 0.035714 0.023214
0 0.233929 0.804464 0.007143 0.008929
0 0.050000 0.824107 0.039286 0.033929
0 0.042857 0.151786 0.007143 0.010714
0 0.242857 0.733036 0.021429 0.026786
0 0.064286 0.487500 0.014286 0.028571
0 0.150000 0.240179 0.003571 0.005357
0 0.804464 0.302679 0.008929 0.012500
0 0.125000 0.937500 0.035714 0.042857
0 0.246429 0.341964 0.028571 0.044643
0 0.338393 0.500000 0.023214 0.014286
0 0.973214 0.895536 0.014286 0.023214
0 0.838393 0.517857 0.001786 0.007143
0 0.434821 0.411607 0.012500 0.030357
0 0.434821 0.081250 0.001786 0.008929
0 0.823214 0.069643 0.028571 0.014286
0 0.818750 0.812500 0.005357 0.010714
0 0.815179 0.259821 0.005357 0.012500
0 0.579464 0.522321 0.019643 0.030357
0 0.722321 0.478571 0.001786 0.007143
0 0.700893 0.889286 0.012500 0.017857
