0 0.830476 0.545635 0.019048 0.035714
0 0.054286 0.162698 0.051429 0.039683
0 0.565714 0.220238 0.045714 0.031746
0 0.368571 0.204365 0.017143 0.035714
0 0.771429 0.907738 0.015238 0.017857
0 0.829524 0.686508 0.066667 0.027778
0 0.020000 0.134921 0.013333 0.031746
0 0.852381 0.340278 0.013333 0.013889
0 0.262857 0.621032 0.015238 0.043651
0 0.182857 0.147817 0.034286 0.049603
0 0.333333 0.238095 0.011429 0.019841
0 0.294286 0.448413 0.013333 0.023810
0 0.406667 0.388889 0.005714 0.011905
0 0.832381 0.825397 0.011429 0.031746
0 0.994286 0.344246 0.007619 0.009921
0 0.777143 0.451389 0.022857 0.037698
0 0.432381 0.929563 0.022857 0.029762
0 0.246667 0.586310 0.040000 0.021825
0 0.511429 0.800595 0.036190 0.029762
0 0.056190 0.791667 0.005714 0.011905
0 0.265714 0.034722 0.059048 0.033730
0 0.656190 0.320437 0.051429 0.029762
0 0.698095 0.374008 0.032381 0.041667
0 0.205714 0.544643 0.034286 0.021825
0 0.917143 0.533730 0.009524 0.023810
0 0.663810 0.663690 0.013333 0.025794
0 0.507619 0.061508 0.009524 0.019841
0 0.084762 0.636905 0.036190 0.031746
0 0.730476 0.909722 0.028571 0.033730
0 0.900000 0.546627 0.005714 0.013889
0 0.262857 0.729167 0.041905 0.045635
0 0.850476 0.062500 0.059048 0.033730
0 0.508571 0.750992 0.007619 0.009921
0 0.520952 0.186508 0.028571 0.027778
0 0.357143 0.303571 0.028571 0.023810
0 0.231429 0.684524 0.051429 0.039683
0 0.512381 0.394841 0.041905 0.027778
0 0.076190 0.396825 0.019048 0.039683
