0 0.184783 0.260870 0.005929 0.015345
0 0.047431 0.578005 0.035573 0.010230
0 0.162055 0.274936 0.035573 0.074169
0 0.515810 0.424552 0.031621 0.051151
0 0.117589 0.227621 0.045455 0.056266
0 0.483202 0.204604 0.005929 0.015345
0 0.040514 0.739130 0.009881 0.020460
0 0.652174 0.340153 0.043478 0.061381
0 0.518775 0.907928 0.021739 0.081841
0 0.486166 0.492327 0.055336 0.028133
0 0.083992 0.502558 0.061265 0.043478
0 0.296443 0.850384 0.035573 0.074169
0 0.476285 0.373402 0.055336 0.046036
0 0.076087 0.858056 0.041502 0.063939
0 0.228261 0.855499 0.017787 0.012788
0 0.056324 0.749361 0.013834 0.035806
0 0.058300 0.460358 0.029644 0.030691
0 0.603755 0.950128 0.005929 0.017903
0 0.381423 0.645780 0.063241 0.043478
0 0.163043 0.158568 0.017787 0.020460
0 0.868577 0.888747 0.005929 0.017903
0 0.341897 0.613811 0.011858 0.040921
0 0.860672 0.021739 0.013834 0.028133
0 0.839921 0.487212 0.023715 0.043478
0 0.466403 0.732737 0.043478 0.058824
0 0.147233 0.351662 0.005929 0.017903
0 0.589921 0.956522 0.017787 0.010230
