0 0.367958 0.061587 0.017606 0.027140
0 0.298122 0.459290 0.028169 0.020877
0 0.468897 0.948852 0.005869 0.022965
0 0.269366 0.746347 0.012911 0.022965
0 0.683685 0.058455 0.010563 0.020877
0 0.500587 0.247390 0.005869 0.010438
0 0.461854 0.511482 0.001174 0.008351
0 0.072183 0.218163 0.008216 0.035491
0 0.677817 0.284969 0.015258 0.022965
0 0.211854 0.765136 0.017606 0.031315
0 0.268192 0.869520 0.001174 0.006263
0 0.766432 0.129436 0.004695 0.008351
0 0.829812 0.174322 0.002347 0.006263
0 0.880282 0.731733 0.037559 0.031315
0 0.460094 0.084551 0.030516 0.039666
0 0.569836 0.400835 0.008216 0.008351
0 0.676056 0.791232 0.007042 0.037578
0 0.735329 0.535491 0.003521 0.010438
0 0.916667 0.194154 0.028169 0.041754
0 0.909624 0.687891 0.023474 0.052192
0 0.642019 0.311065 0.011737 0.033403
0 0.823357 0.612735 0.005869 0.010438
0 0.083333 0.363257 0.002347 0.012526
0 0.062207 0.744259 0.021127 0.022965
0 0.061620 0.141962 0.010563 0.012526
0 0.831573 0.759916 0.026995 0.016701
