0 0.823913 0.852174 0.021739 0.026087
0 0.250000 0.741304 0.056522 0.039130
0 0.539130 0.093478 0.086957 0.117391
0 0.180435 0.065217 0.013043 0.026087
0 0.213043 0.686957 0.043478 0.052174
0 0.897826 0.839130 0.091304 0.052174
0 0.234783 0.893478 0.104348 0.091304
0 0.680435 0.191304 0.178261 0.052174
0 0.508696 0.430435 0.052174 0.052174
0 0.026087 0.736957 0.026087 0.013043
0 0.423913 0.063043 0.134783 0.073913
0 0.595652 0.900000 0.095652 0.095652
0 0.521739 0.665217 0.113043 0.086957
0 0.132609 0.813043 0.091304 0.104348
0 0.041304 0.789130 0.082609 0.091304
0 0.517391 0.754348 0.130435 0.073913
0 0.169565 0.691304 0.034783 0.078261
0 0.743478 0.082609 0.104348 0.095652
0 0.752174 0.067391 0.130435 0.073913
0 0.891304 0.152174 0.060870 0.043478
0 0.891304 0.589130 0.069565 0.091304
0 0.273913 0.339130 0.026087 0.052174
0 0.321739 0.680435 0.052174 0.030435
0 0.623913 0.260870 0.021739 0.017391
0 0.656522 0.080435 0.052174 0.073913
0 0.423913 0.243478 0.039130 0.017391
0 0.386957 0.156522 0.017391 0.026087
0 0.693478 0.615217 0.030435 0.047826
0 0.597826 0.039130 0.117391 0.078261
0 0.341304 0.130435 0.082609 0.086957
0 0.350000 0.639130 0.013043 0.034783
0 0.786957 0.408696 0.026087 0.034783
0 0.476087 0.860870 0.134783 0.069565
0 0.515217 0.552174 0.047826 0.034783
0 0.258696 0.230435 0.091304 0.104348
0 0.347826 0.578261 0.130435 0.078261
0 0.106522 0.741304 0.030435 0.030435
0 0.682609 0.395652 0.156522 0.060870
0 0.789130 0.791304 0.073913 0.043478
0 0.532609 0.597826 0.030435 0.039130
