0 0.720794 0.632353 0.039720 0.058824
0 0.746495 0.029412 0.044393 0.035294
0 0.633178 0.444118 0.051402 0.064706
0 0.739486 0.351471 0.049065 0.050000
0 0.345794 0.414706 0.032710 0.035294
0 0.378505 0.263235 0.023364 0.032353
0 0.862150 0.750000 0.070093 0.052941
0 0.528037 0.148529 0.004673 0.014706
0 0.814252 0.775000 0.021028 0.044118
0 0.237150 0.126471 0.039720 0.052941
0 0.821262 0.663235 0.011682 0.008824
0 0.571262 0.505882 0.007009 0.011765
0 0.792056 0.130882 0.018692 0.014706
0 0.293224 0.763235 0.007009 0.008824
0 0.926402 0.579412 0.039720 0.088235
0 0.935748 0.817647 0.011682 0.011765
0 0.329439 0.695588 0.014019 0.026471
0 0.401869 0.655882 0.014019 0.017647
0 0.585280 0.211765 0.063084 0.017647
0 0.869159 0.326471 0.023364 0.023529
0 0.695093 0.927941 0.016355 0.055882
0 0.199766 0.682353 0.011682 0.005882
0 0.915888 0.361765 0.009346 0.035294
0 0.281542 0.957353 0.007009 0.020588
0 0.408879 0.373529 0.014019 0.011765
0 0.872664 0.544118 0.016355 0.017647
0 0.524533 0.029412 0.016355 0.023529
0 0.336449 0.139706 0.028037 0.032353
0 0.405374 0.029412 0.021028 0.011765
0 0.072430 0.911765 0.046729 0.041176
0 0.947430 0.795588 0.007009 0.008824
0 0.832944 0.329412 0.039720 0.094118
0 0.757009 0.544118 0.009346 0.041176
