0 0.715580 0.541367 0.039855 0.075540
0 0.871377 0.433453 0.032609 0.075540
0 0.889493 0.323741 0.105072 0.064748
0 0.869565 0.082734 0.101449 0.021583
0 0.710145 0.214029 0.065217 0.089928
0 0.336957 0.437050 0.144928 0.046763
0 0.548913 0.354317 0.054348 0.111511
0 0.510870 0.307554 0.014493 0.017986
0 0.403986 0.888489 0.097826 0.057554
0 0.815217 0.408273 0.028986 0.053957
0 0.893116 0.246403 0.047101 0.075540
0 0.327899 0.318345 0.105072 0.061151
0 0.317029 0.622302 0.097826 0.071942
0 0.297101 0.140288 0.014493 0.021583
0 0.476449 0.868705 0.025362 0.025180
0 0.141304 0.602518 0.043478 0.025180
0 0.126812 0.516187 0.079710 0.089928
0 0.934783 0.640288 0.108696 0.064748
0 0.367754 0.552158 0.105072 0.061151
0 0.472826 0.692446 0.010870 0.032374
0 0.038043 0.836331 0.068841 0.017986
0 0.463768 0.802158 0.072464 0.093525
0 0.373188 0.278777 0.021739 0.010791
0 0.041667 0.491007 0.083333 0.046763
0 0.773551 0.345324 0.083333 0.064748
0 0.657609 0.685252 0.119565 0.053957
