0 0.749280 0.878676 0.017291 0.044118
0 0.472622 0.411765 0.011527 0.022059
0 0.048991 0.801471 0.046110 0.066176
0 0.818444 0.806985 0.017291 0.011029
0 0.963977 0.595588 0.014409 0.014706
0 0.523055 0.676471 0.066282 0.080882
0 0.383285 0.580882 0.069164 0.080882
0 0.914986 0.650735 0.014409 0.051471
0 0.933718 0.783088 0.063401 0.051471
0 0.646974 0.231618 0.008646 0.022059
0 0.452450 0.878676 0.034582 0.036765
0 0.121037 0.202206 0.051873 0.051471
0 0.579251 0.023897 0.023055 0.040441
0 0.249280 0.672794 0.077810 0.073529
0 0.606628 0.498162 0.008646 0.033088
0 0.537464 0.507353 0.037464 0.051471
0 0.007205 0.448529 0.014409 0.022059
0 0.773775 0.823529 0.031700 0.022059
0 0.583573 0.503676 0.031700 0.029412
0 0.612392 0.156250 0.066282 0.084559
0 0.168588 0.496324 0.008646 0.022059
0 0.579251 0.669118 0.017291 0.036765
0 0.484150 0.602941 0.011527 0.029412
0 0.914986 0.233456 0.066282 0.077206
0 0.319885 0.470588 0.109510 0.044118
0 0.609510 0.080882 0.014409 0.014706
0 0.482709 0.180147 0.008646 0.022059
0 0.850144 0.597426 0.063401 0.084559
0 0.265130 0.435662 0.011527 0.018382
0 0.425072 0.803309 0.054755 0.099265
0 0.500000 0.439338 0.077810 0.069853
0 0.677233 0.470588 0.092219 0.058824
0 0.446686 0.362132 0.040346 0.069853
0 0.841499 0.931985 0.011527 0.018382
0 0.808357 0.229779 0.066282 0.062500
0 0.315562 0.922794 0.043228 0.044118
0 0.877522 0.180147 0.008646 0.022059
0 0.792507 0.626838 0.0288184 0.0477941
0 0.00720461 0.911765 0.0144092 0.0661765
