0 0.893973 0.154036 0.006696 0.011532
0 0.420201 0.645799 0.003348 0.009885
0 0.155692 0.584020 0.005580 0.024712
0 0.306920 0.717463 0.015625 0.047776
0 0.284040 0.975288 0.014509 0.046129
0 0.147321 0.196870 0.006696 0.014827
0 0.534040 0.760297 0.010045 0.004942
0 0.709263 0.745470 0.007812 0.021417
0 0.633929 0.844316 0.008929 0.031301
0 0.680246 0.507414 0.025670 0.036244
0 0.911272 0.981878 0.014509 0.029654
0 0.033482 0.381384 0.013393 0.041186
0 0.679688 0.242998 0.008929 0.018122
0 0.833705 0.233114 0.002232 0.014827
0 0.752232 0.150741 0.029018 0.034596
0 0.270647 0.039539 0.005580 0.006590
0 0.179129 0.743822 0.010045 0.011532
0 0.694196 0.735585 0.004464 0.011532
0 0.271205 0.836903 0.033482 0.029654
0 0.068080 0.503295 0.008929 0.021417
0 0.236607 0.396211 0.029018 0.034596
0 0.837054 0.063427 0.024554 0.037891
0 0.951451 0.121911 0.003348 0.009885
0 0.201451 0.025535 0.003348 0.018122
0 0.922991 0.841021 0.008929 0.037891
0 0.666295 0.737232 0.020089 0.031301
0 0.974888 0.616145 0.003348 0.013180
0 0.902902 0.021417 0.029018 0.032949
0 0.963728 0.102965 0.027902 0.018122
0 0.124442 0.828666 0.021205 0.042834
0 0.433594 0.567545 0.018973 0.051071
0 0.571429 0.448105 0.026786 0.036244
0 0.665179 0.427512 0.026786 0.011532
0 0.054688 0.175453 0.004464 0.008237
0 0.671875 0.268534 0.004464 0.016474
0 0.841518 0.982702 0.013393 0.024712
0 0.657366 0.194399 0.017857 0.029654
0 0.363281 0.102142 0.003348 0.009885
0 0.823103 0.186161 0.003348 0.009885
0 0.645089 0.795717 0.008929 0.006590
0 0.700893 0.621911 0.015625 0.051071
0 0.927455 0.131796 0.024554 0.039539
