0 0.830254 0.844784 0.071594 0.040712
0 0.765589 0.437659 0.006928 0.015267
0 0.159353 0.103053 0.023095 0.012723
0 0.345266 0.404580 0.057737 0.055980
0 0.076212 0.036896 0.013857 0.007634
0 0.459584 0.444020 0.018476 0.043257
0 0.109700 0.797710 0.011547 0.012723
0 0.847575 0.881679 0.009238 0.012723
0 0.232102 0.913486 0.034642 0.025445
0 0.907621 0.090331 0.041570 0.038168
0 0.592379 0.609415 0.016166 0.017812
0 0.448037 0.709924 0.046189 0.066158
0 0.788684 0.117048 0.090069 0.035623
0 0.592379 0.500000 0.016166 0.017812
0 0.382217 0.305344 0.006928 0.015267
0 0.524249 0.377863 0.023095 0.068702
0 0.861432 0.625954 0.041570 0.071247
0 0.386836 0.572519 0.048499 0.066158
0 0.274827 0.328244 0.032333 0.040712
0 0.332564 0.716285 0.018476 0.027990
0 0.645497 0.097964 0.025404 0.058524
0 0.500000 0.796438 0.039261 0.040712
0 0.042725 0.520356 0.034642 0.073791
0 0.692841 0.744275 0.013857 0.022901
0 0.180139 0.444020 0.041570 0.048346
0 0.834873 0.603053 0.006928 0.015267
0 0.239030 0.419847 0.039261 0.071247
0 0.596998 0.819338 0.048499 0.030534
0 0.262125 0.555980 0.016166 0.033079
0 0.959584 0.566158 0.043880 0.058524
0 0.340647 0.315522 0.011547 0.030534
0 0.900693 0.760814 0.027714 0.015267
0 0.545035 0.601781 0.073903 0.043257
0 0.817552 0.410941 0.046189 0.068702
0 0.277136 0.688295 0.083141 0.038168
0 0.602771 0.141221 0.050808 0.063613
0 0.393764 0.300254 0.011547 0.025445
0 0.860277 0.717557 0.011547 0.010178
0 0.088915 0.456743 0.011547 0.012723
0 0.810624 0.530534 0.009238 0.027990
0 0.861432 0.782443 0.041570 0.073791
