0 0.516155 0.447876 0.011309 0.019305
0 0.912763 0.686293 0.048465 0.032819
0 0.991922 0.206564 0.006462 0.011583
0 0.717286 0.345560 0.009693 0.019305
0 0.983037 0.701737 0.014540 0.013514
0 0.134895 0.930502 0.014540 0.030888
0 0.914378 0.480695 0.009693 0.007722
0 0.518578 0.224903 0.006462 0.025097
0 0.214863 0.833012 0.003231 0.005792
0 0.949111 0.204633 0.024233 0.015444
0 0.590468 0.267375 0.040388 0.036680
0 0.354604 0.201737 0.024233 0.021236
0 0.040388 0.911197 0.006462 0.007722
0 0.623586 0.679537 0.009693 0.007722
0 0.716478 0.971042 0.011309 0.023166
0 0.369144 0.510618 0.011309 0.028958
0 0.853796 0.448842 0.001616 0.005792
0 0.685784 0.302124 0.046850 0.032819
0 0.342488 0.542471 0.006462 0.007722
0 0.415994 0.500000 0.024233 0.030888
0 0.949919 0.620656 0.009693 0.013514
0 0.226171 0.747104 0.048465 0.019305
0 0.231018 0.730695 0.003231 0.009653
0 0.331179 0.128378 0.022617 0.028958
0 0.648627 0.277992 0.024233 0.015444
0 0.882068 0.627413 0.042003 0.034749
0 0.525848 0.508687 0.027464 0.048263
0 0.871567 0.461390 0.024233 0.015444
