0 0.275261 0.877127 0.017422 0.026465
0 0.054007 0.498110 0.041812 0.024575
0 0.993031 0.937618 0.010453 0.011342
0 0.825784 0.309074 0.006969 0.009452
0 0.637631 0.469754 0.006969 0.009452
0 0.674216 0.071834 0.066202 0.026465
0 0.626307 0.759924 0.054007 0.030246
0 0.579268 0.385633 0.050523 0.034026
0 0.371951 0.778828 0.005226 0.015123
0 0.925087 0.322306 0.006969 0.020794
0 0.844077 0.517958 0.015679 0.045369
0 0.711672 0.240076 0.033101 0.026465
0 0.562718 0.262760 0.017422 0.060491
0 0.509582 0.965974 0.043554 0.041588
0 0.503484 0.411153 0.013937 0.024575
0 0.940767 0.370510 0.034843 0.049149
0 0.354530 0.369565 0.015679 0.035917
0 0.101045 0.027410 0.045296 0.035917
0 0.824913 0.581285 0.029617 0.032136
0 0.927700 0.708885 0.040070 0.022684
0 0.911150 0.367675 0.020906 0.039698
0 0.071429 0.389414 0.045296 0.037807
0 0.763066 0.756144 0.048780 0.034026
0 0.750000 0.410208 0.015679 0.030246
0 0.339721 0.515123 0.027875 0.032136
0 0.627178 0.584121 0.048780 0.034026
0 0.438153 0.128544 0.019164 0.037807
