0 0.440031 0.973684 0.032710 0.047091
0 0.930685 0.961219 0.029595 0.038781
0 0.066199 0.488920 0.007788 0.019391
0 0.110592 0.031856 0.006231 0.013850
0 0.102804 0.225762 0.012461 0.030471
0 0.481308 0.790859 0.031153 0.030471
0 0.314642 0.180055 0.031153 0.066482
0 0.927570 0.253463 0.007788 0.030471
0 0.234424 0.329640 0.023364 0.033241
0 0.946262 0.347645 0.001558 0.013850
0 0.950156 0.232687 0.003115 0.011080
0 0.844237 0.880886 0.015576 0.016620
0 0.597352 0.339335 0.042056 0.041551
0 0.044393 0.479224 0.014019 0.049861
0 0.264798 0.815789 0.015576 0.008310
0 0.729751 0.754848 0.001558 0.008310
0 0.076324 0.209141 0.034268 0.047091
0 0.302960 0.538781 0.035826 0.058172
0 0.693925 0.486150 0.035826 0.058172
0 0.925234 0.375346 0.003115 0.008310
0 0.035826 0.714681 0.043614 0.049861
0 0.366822 0.905817 0.020249 0.022161
0 0.490654 0.939058 0.006231 0.022161
0 0.433022 0.074792 0.006231 0.022161
0 0.508567 0.325485 0.007788 0.019391
0 0.779595 0.091413 0.004673 0.016620
0 0.133956 0.372576 0.006231 0.013850
0 0.176791 0.148199 0.004673 0.013850
0 0.231308 0.091413 0.004673 0.027701
