0 0.308585 0.155814 0.055684 0.027907
0 0.649652 0.359302 0.037123 0.044186
0 0.356148 0.961628 0.020882 0.034884
0 0.012761 0.366279 0.006961 0.016279
0 0.524362 0.019767 0.023202 0.006977
0 0.139211 0.800000 0.032483 0.027907
0 0.823666 0.390698 0.023202 0.018605
0 0.131090 0.205814 0.006961 0.006977
0 0.293503 0.066279 0.006961 0.011628
0 0.957077 0.412791 0.053364 0.016279
0 0.631090 0.277907 0.060325 0.044186
0 0.343387 0.411628 0.009281 0.009302
0 0.872390 0.096512 0.018561 0.020930
0 0.682135 0.043023 0.004640 0.011628
0 0.076566 0.362791 0.027842 0.013953
0 0.892111 0.080233 0.006961 0.011628
0 0.836427 0.170930 0.071926 0.039535
0 0.135731 0.398837 0.030162 0.044186
0 0.788863 0.972093 0.013921 0.023256
0 0.541763 0.376744 0.058005 0.046512
0 0.511601 0.511628 0.058005 0.051163
0 0.873550 0.011628 0.006961 0.009302
0 0.578886 0.965116 0.058005 0.051163
0 0.285383 0.468605 0.009281 0.020930
