0 0.482531 0.437432 0.003777 0.008705
0 0.923041 0.760609 0.008499 0.010881
0 0.467894 0.277476 0.006610 0.015234
0 0.610009 0.310120 0.030217 0.015234
0 0.246931 0.563112 0.031161 0.016322
0 0.473560 0.632209 0.012276 0.004353
0 0.259679 0.342220 0.009443 0.005441
0 0.157224 0.258433 0.008499 0.009793
0 0.090652 0.595212 0.028329 0.017410
0 0.181775 0.671382 0.002833 0.008705
0 0.874410 0.032644 0.009443 0.015234
0 0.160529 0.585419 0.015109 0.010881
0 0.803588 0.282372 0.016997 0.029380
0 0.837110 0.486398 0.002833 0.006529
0 0.615203 0.048422 0.012276 0.011970
0 0.207271 0.116431 0.006610 0.006529
0 0.310198 0.857454 0.029273 0.017410
0 0.859301 0.210011 0.001889 0.002176
0 0.083097 0.799782 0.001889 0.004353
0 0.281870 0.091404 0.019830 0.013058
0 0.770538 0.064744 0.011331 0.007617
0 0.597734 0.385745 0.013220 0.009793
0 0.253541 0.470076 0.023607 0.021763
0 0.551464 0.644723 0.022663 0.022851
0 0.215297 0.704026 0.003777 0.008705
0 0.068933 0.020131 0.016997 0.009793
0 0.412653 0.249184 0.026440 0.019587
0 0.709632 0.453754 0.010387 0.017410
0 0.867328 0.238847 0.000944 0.003264
0 0.072710 0.452666 0.016997 0.013058
0 0.556657 0.517954 0.004721 0.008705
0 0.640227 0.835691 0.018886 0.026115
