0 0.664855 0.515315 0.068841 0.025225
0 0.618659 0.406306 0.019928 0.012613
0 0.577899 0.091892 0.032609 0.050450
0 0.282609 0.284685 0.007246 0.014414
0 0.009058 0.564865 0.010870 0.012613
0 0.064312 0.857658 0.005435 0.010811
0 0.057971 0.310811 0.043478 0.037838
0 0.921196 0.590090 0.005435 0.012613
0 0.961051 0.691892 0.016304 0.021622
0 0.242754 0.439640 0.018116 0.028829
0 0.663949 0.630631 0.016304 0.036036
0 0.947464 0.243243 0.054348 0.032432
0 0.336957 0.250450 0.025362 0.025225
0 0.692029 0.656757 0.028986 0.012613
0 0.935688 0.680180 0.030797 0.023423
0 0.921196 0.649550 0.009058 0.030631
0 0.438406 0.821622 0.028986 0.018018
0 0.296196 0.923423 0.019928 0.016216
0 0.961051 0.621622 0.019928 0.021622
0 0.477355 0.284685 0.005435 0.010811
0 0.258152 0.522523 0.005435 0.010811
0 0.558877 0.136937 0.048913 0.036036
0 0.380435 0.358559 0.057971 0.021622
0 0.632246 0.487387 0.028986 0.027027
0 0.641304 0.586486 0.039855 0.045045
0 0.569746 0.412613 0.070652 0.025225
