0 0.013323 0.524444 0.007837 0.017778
0 0.717085 0.056667 0.036050 0.024444
0 0.056426 0.276667 0.006270 0.011111
0 0.522727 0.711111 0.064263 0.026667
0 0.830721 0.695556 0.025078 0.071111
0 0.239812 0.443333 0.050157 0.037778
0 0.081505 0.323333 0.006270 0.020000
0 0.262539 0.285556 0.010972 0.006667
0 0.554859 0.915556 0.037618 0.048889
0 0.659091 0.481111 0.004702 0.011111
0 0.439655 0.806667 0.032915 0.035556
0 0.262539 0.890000 0.026646 0.024444
0 0.432602 0.865556 0.009404 0.037778
0 0.118339 0.041111 0.004702 0.006667
0 0.118339 0.637778 0.020376 0.040000
0 0.610502 0.372222 0.020376 0.033333
0 0.490596 0.284444 0.006270 0.013333
0 0.840125 0.238889 0.003135 0.011111
0 0.915361 0.077778 0.034483 0.026667
0 0.231191 0.226667 0.004702 0.008889
0 0.065831 0.970000 0.006270 0.015556
0 0.733542 0.627778 0.009404 0.033333
0 0.192006 0.147778 0.004702 0.006667
0 0.119122 0.011111 0.021944 0.022222
0 0.243730 0.926667 0.039185 0.040000
0 0.907524 0.798889 0.050157 0.037778
0 0.347179 0.785556 0.004702 0.006667
0 0.626176 0.081111 0.007837 0.024444
0 0.153605 0.384444 0.003135 0.013333
