0 0.241913 0.862729 0.033755 0.031614
0 0.720816 0.407654 0.023910 0.016639
0 0.040788 0.481697 0.019691 0.028286
0 0.912799 0.534110 0.008439 0.016639
0 0.865682 0.158070 0.004219 0.009983
0 0.463432 0.841098 0.004219 0.011647
0 0.004923 0.138103 0.009845 0.019967
0 0.272855 0.890183 0.016878 0.046589
0 0.050633 0.797005 0.008439 0.019967
0 0.024613 0.241265 0.007032 0.006656
0 0.211674 0.301165 0.009845 0.016639
0 0.770745 0.746256 0.022504 0.021631
0 0.553446 0.180532 0.007032 0.008319
0 0.234880 0.366889 0.005626 0.011647
0 0.437412 0.516639 0.016878 0.018303
0 0.213783 0.213810 0.028129 0.044925
0 0.966245 0.204659 0.016878 0.039933
0 0.400141 0.722962 0.004219 0.011647
0 0.905063 0.774542 0.004219 0.011647
0 0.153305 0.287854 0.050633 0.019967
0 0.636428 0.795341 0.037975 0.033278
0 0.843179 0.797005 0.012658 0.023295
0 0.331927 0.099002 0.022504 0.021631
0 0.522504 0.245424 0.007032 0.011647
0 0.990858 0.566556 0.015471 0.011647
0 0.603376 0.047421 0.014065 0.051581
0 0.708158 0.386855 0.009845 0.018303
0 0.791139 0.984193 0.026723 0.028286
0 0.462025 0.357737 0.043601 0.026622
0 0.732771 0.824459 0.042194 0.028286
0 0.701125 0.900166 0.004219 0.009983
0 0.437412 0.712978 0.008439 0.004992
0 0.258087 0.074875 0.037975 0.033278
0 0.180731 0.749584 0.007032 0.008319
0 0.840366 0.288686 0.004219 0.011647
0 0.026020 0.772047 0.037975 0.033278
0 0.733474 0.564892 0.012658 0.021631
0 0.194796 0.990849 0.007032 0.014975
0 0.049930 0.904326 0.023910 0.018303
0 0.734177 0.361065 0.005626 0.023295
