0 0.725420 0.144578 0.031175 0.028916
0 0.504796 0.646988 0.011990 0.012048
0 0.309353 0.100000 0.052758 0.050602
0 0.153477 0.496386 0.033573 0.014458
0 0.033573 0.695181 0.019185 0.026506
0 0.950839 0.591566 0.055156 0.050602
0 0.051559 0.465060 0.059952 0.033735
0 0.808153 0.220482 0.023981 0.021687
0 0.743405 0.290361 0.019185 0.007229
0 0.261391 0.825301 0.004796 0.012048
0 0.696643 0.074699 0.040767 0.048193
0 0.171463 0.210843 0.031175 0.031325
0 0.694245 0.706024 0.035971 0.014458
0 0.862110 0.389157 0.031175 0.036145
0 0.780576 0.301205 0.035971 0.024096
0 0.723022 0.784337 0.059952 0.040964
0 0.790168 0.534940 0.021583 0.048193
0 0.079137 0.381928 0.014388 0.021687
0 0.199041 0.191566 0.004796 0.016867
0 0.565947 0.092771 0.019185 0.021687
0 0.109113 0.909639 0.007194 0.012048
0 0.525180 0.951807 0.043165 0.038554
0 0.701439 0.125301 0.011990 0.028916
0 0.294964 0.986747 0.014388 0.012048
0 0.260192 0.055422 0.040767 0.043373
0 0.889688 0.0759036 0.0239808 0.0554217
0 0.029976 0.187952 0.0215827 0.053012
