0 0.041985 0.360837 0.057252 0.041872
0 0.792939 0.214286 0.020992 0.064039
0 0.625954 0.094828 0.068702 0.036946
0 0.545802 0.733990 0.007634 0.024631
0 0.255725 0.802956 0.057252 0.044335
0 0.663168 0.043103 0.013359 0.012315
0 0.365458 0.174877 0.009542 0.034483
0 0.587786 0.342365 0.015267 0.009852
0 0.016221 0.258621 0.005725 0.014778
0 0.200382 0.284483 0.030534 0.041872
0 0.721374 0.911330 0.011450 0.034483
0 0.104008 0.917488 0.005725 0.027094
0 0.940840 0.963054 0.015267 0.014778
0 0.599237 0.232759 0.026718 0.032020
0 0.107824 0.094828 0.036260 0.056650
0 0.230916 0.201970 0.061069 0.039409
0 0.810115 0.492611 0.024809 0.054187
0 0.020992 0.940887 0.019084 0.039409
0 0.954198 0.834975 0.057252 0.044335
0 0.412214 0.881773 0.007634 0.014778
0 0.181298 0.056650 0.015267 0.014778
0 0.047710 0.055419 0.019084 0.027094
0 0.499046 0.304187 0.028626 0.056650
0 0.535305 0.592365 0.020992 0.051724
0 0.584924 0.969212 0.013359 0.017241
0 0.090649 0.901478 0.017176 0.014778
0 0.458015 0.594828 0.022901 0.027094
0 0.262405 0.565271 0.036260 0.066502
0 0.509542 0.589901 0.026718 0.027094
0 0.194656 0.149015 0.019084 0.017241
0 0.431298 0.405172 0.019084 0.056650
0 0.630725 0.288177 0.005725 0.014778
0 0.854008 0.135468 0.055344 0.044335
0 0.288168 0.060345 0.049618 0.051724
0 0.983779 0.257389 0.024809 0.022167
0 0.706107 0.195813 0.022901 0.017241
