0 0.437500 0.071006 0.035000 0.047337
0 0.805000 0.498521 0.040000 0.050296
0 0.599167 0.792899 0.005000 0.017751
0 0.448333 0.646450 0.043333 0.032544
0 0.682500 0.144970 0.038333 0.029586
0 0.938333 0.381657 0.040000 0.065089
0 0.193333 0.770710 0.030000 0.050296
0 0.990000 0.569527 0.020000 0.038462
0 0.766667 0.727811 0.040000 0.065089
0 0.169167 0.071006 0.005000 0.017751
0 0.110833 0.868343 0.028333 0.085799
0 0.820833 0.637574 0.025000 0.026627
0 0.622500 0.744083 0.051667 0.050296
0 0.991667 0.658284 0.006667 0.014793
0 0.096667 0.680473 0.060000 0.041420
0 0.313333 0.868343 0.036667 0.073964
0 0.309167 0.942308 0.031667 0.068047
0 0.389167 0.328402 0.038333 0.035503
0 0.241667 0.757396 0.056667 0.047337
0 0.963333 0.062130 0.036667 0.071006
0 0.411667 0.960059 0.050000 0.050296
0 0.641667 0.461538 0.030000 0.029586
0 0.413333 0.282544 0.050000 0.050296
0 0.107500 0.102071 0.005000 0.020710
0 0.133333 0.576923 0.026667 0.082840
0 0.405000 0.748521 0.050000 0.053254
0 0.369167 0.747041 0.011667 0.038462
0 0.715000 0.393491 0.023333 0.053254
0 0.025833 0.198225 0.025000 0.029586
0 0.203333 0.634615 0.026667 0.044379
0 0.621667 0.863905 0.013333 0.029586
0 0.462500 0.553254 0.008333 0.023669
0 0.288333 0.217456 0.036667 0.050296
0 0.345000 0.205621 0.036667 0.062130
