0 0.595890 0.589744 0.022831 0.013986
0 0.198630 0.735431 0.050228 0.053613
0 0.658676 0.883450 0.020548 0.018648
0 0.855023 0.173660 0.015982 0.039627
0 0.964612 0.785548 0.006849 0.018648
0 0.473744 0.396270 0.006849 0.009324
0 0.227169 0.076923 0.020548 0.032634
0 0.523973 0.403263 0.011416 0.023310
0 0.365297 0.245921 0.022831 0.039627
0 0.376712 0.054779 0.018265 0.016317
0 0.116438 0.419580 0.059361 0.046620
0 0.349315 0.243590 0.004566 0.011655
0 0.793379 0.099068 0.025114 0.016317
0 0.622146 0.653846 0.020548 0.016317
0 0.593607 0.036131 0.004566 0.011655
0 0.341324 0.200466 0.006849 0.009324
0 0.952055 0.128205 0.013699 0.027972
0 0.896119 0.779720 0.015982 0.048951
0 0.118721 0.315851 0.004566 0.011655
0 0.776256 0.061772 0.041096 0.048951
0 0.321918 0.263403 0.013699 0.027972
0 0.673516 0.451049 0.022831 0.030303
0 0.871005 0.061772 0.043379 0.062937
0 0.803653 0.215618 0.041096 0.048951
0 0.026256 0.975524 0.020548 0.030303
0 0.207763 0.905594 0.0136986 0.020979
0 0.248858 0.83683 0.0136986 0.02331
