0 0.898126 0.347518 0.007026 0.009456
0 0.851288 0.444444 0.025761 0.033097
0 0.717799 0.940898 0.011710 0.018913
0 0.115925 0.529551 0.030445 0.028369
0 0.702576 0.660757 0.070258 0.040189
0 0.461358 0.627660 0.004684 0.011820
0 0.474239 0.268322 0.002342 0.021277
0 0.641686 0.314421 0.070258 0.042553
0 0.772834 0.391253 0.070258 0.040189
0 0.647541 0.916076 0.016393 0.049645
0 0.913349 0.693853 0.004684 0.011820
0 0.495316 0.257683 0.016393 0.018913
0 0.871194 0.229314 0.014052 0.018913
0 0.110070 0.445626 0.009368 0.011820
0 0.797424 0.566194 0.081967 0.030733
0 0.784543 0.056738 0.009368 0.023641
0 0.081967 0.678487 0.009368 0.033097
0 0.414520 0.697400 0.023419 0.037825
0 0.951991 0.821513 0.011710 0.030733
0 0.711944 0.921986 0.009368 0.014184
0 0.628806 0.637116 0.053864 0.026005
0 0.170960 0.586288 0.014052 0.023641
0 0.482436 0.226950 0.009368 0.023641
0 0.435597 0.832151 0.023419 0.018913
0 0.901639 0.208038 0.018735 0.009456
0 0.319672 0.237589 0.035129 0.078014
0 0.113583 0.479905 0.039813 0.014184
