0 0.711601 0.119826 0.017974 0.078431
0 0.346405 0.884532 0.032680 0.052288
0 0.075163 0.623094 0.009804 0.034858
0 0.869281 0.740741 0.029412 0.026144
0 0.096405 0.789760 0.035948 0.045752
0 0.463235 0.500000 0.037582 0.050109
0 0.213235 0.228758 0.021242 0.013072
0 0.950163 0.131808 0.017974 0.058824
0 0.067810 0.318083 0.044118 0.043573
0 0.130719 0.892157 0.013072 0.010893
0 0.429739 0.265795 0.026144 0.043573
0 0.634804 0.708061 0.034314 0.043573
0 0.881536 0.413943 0.004902 0.017429
0 0.960784 0.419390 0.035948 0.054466
0 0.766340 0.667756 0.009804 0.019608
0 0.796569 0.389978 0.004902 0.013072
0 0.883987 0.380174 0.042484 0.045752
0 0.227124 0.300654 0.042484 0.043573
0 0.490196 0.372549 0.049020 0.039216
0 0.471405 0.710240 0.008170 0.017429
0 0.748366 0.611111 0.029412 0.063181
0 0.331699 0.111111 0.032680 0.056645
0 0.431373 0.973856 0.009804 0.013072
0 0.415033 0.211329 0.029412 0.061002
0 0.226307 0.202614 0.017974 0.021786
0 0.246732 0.877996 0.0163399 0.0479303
0 0.177288 0.696078 0.0114379 0.0326797
0 0.268791 0.825708 0.0147059 0.043573
