0 0.480412 0.091912 0.016495 0.031863
0 0.003093 0.230392 0.006186 0.014706
0 0.924742 0.348039 0.068041 0.029412
0 0.538144 0.539216 0.004124 0.014706
0 0.181443 0.867647 0.074227 0.034314
0 0.827835 0.629902 0.035052 0.034314
0 0.248454 0.941176 0.051546 0.053922
0 0.803093 0.566176 0.030928 0.083333
0 0.403093 0.786765 0.006186 0.019608
0 0.767010 0.235294 0.004124 0.014706
0 0.776289 0.715686 0.006186 0.009804
0 0.971134 0.700980 0.004124 0.014706
0 0.234021 0.248775 0.006186 0.007353
0 0.149485 0.437500 0.063918 0.041667
0 0.337113 0.289216 0.030928 0.024510
0 0.343299 0.116422 0.006186 0.012255
0 0.562887 0.926471 0.045361 0.019608
0 0.147423 0.066176 0.055670 0.044118
0 0.814433 0.861520 0.008247 0.007353
0 0.852577 0.116422 0.010309 0.012255
0 0.279381 0.985294 0.006186 0.014706
0 0.757732 0.727941 0.010309 0.014706
0 0.250515 0.079657 0.039175 0.041667
0 0.071134 0.732843 0.010309 0.029412
0 0.935052 0.876225 0.006186 0.012255
0 0.437113 0.509804 0.020619 0.019608
0 0.039175 0.148284 0.012371 0.012255
0 0.684536 0.765931 0.020619 0.017157
