0 0.946094 0.136111 0.018750 0.030556
0 0.441797 0.934028 0.013281 0.006944
0 0.300391 0.786806 0.019531 0.029167
0 0.752734 0.939583 0.003906 0.009722
0 0.294141 0.765972 0.003906 0.009722
0 0.700000 0.265278 0.009375 0.022222
0 0.233984 0.150694 0.016406 0.012500
0 0.605078 0.273611 0.032031 0.013889
0 0.128516 0.509722 0.003906 0.005556
0 0.317188 0.602083 0.003125 0.015278
0 0.537891 0.290278 0.003906 0.005556
0 0.298047 0.298611 0.010156 0.047222
0 0.222266 0.110417 0.002344 0.009722
0 0.086328 0.704861 0.021094 0.026389
0 0.262500 0.159028 0.003125 0.009722
0 0.853125 0.211111 0.023438 0.025000
0 0.421484 0.256250 0.024219 0.023611
0 0.276562 0.040278 0.014063 0.011111
0 0.412500 0.960417 0.012500 0.006944
0 0.287500 0.463889 0.007812 0.027778
0 0.039062 0.092361 0.003125 0.009722
0 0.173828 0.509722 0.027344 0.019444
0 0.316406 0.067361 0.025000 0.023611
0 0.334375 0.620139 0.020313 0.029167
0 0.749219 0.899306 0.015625 0.012500
0 0.283984 0.912500 0.011719 0.047222
0 0.018359 0.176389 0.003906 0.005556
0 0.635156 0.476389 0.025000 0.022222
0 0.841016 0.679167 0.010156 0.030556
0 0.818359 0.906250 0.014844 0.034722
0 0.889453 0.883333 0.002344 0.011111
0 0.729297 0.609722 0.013281 0.025000
0 0.377344 0.500694 0.025000 0.023611
0 0.774609 0.874306 0.010156 0.029167
0 0.397656 0.163194 0.003125 0.006944
0 0.844531 0.330556 0.003125 0.008333
0 0.979297 0.944444 0.010156 0.027778
0 0.613281 0.906250 0.025000 0.023611
0 0.102734 0.863889 0.016406 0.011111
0 0.927344 0.889583 0.004687 0.009722
0 0.900391 0.040972 0.024219 0.023611
