0 0.490712 0.893411 0.052632 0.058140
0 0.266254 0.544574 0.043344 0.019380
0 0.882353 0.116279 0.012384 0.015504
0 0.826625 0.445736 0.030960 0.046512
0 0.160991 0.451550 0.061920 0.089147
0 0.832817 0.779070 0.018576 0.069767
0 0.272446 0.918605 0.030960 0.023256
0 0.047988 0.238372 0.021672 0.011628
0 0.479876 0.941860 0.006192 0.015504
0 0.634675 0.649225 0.037152 0.050388
0 0.289474 0.761628 0.046440 0.104651
0 0.041796 0.224806 0.009288 0.007752
0 0.860681 0.102713 0.012384 0.034884
0 0.781734 0.075581 0.058824 0.042636
0 0.379257 0.137597 0.009288 0.019380
0 0.626935 0.062016 0.003096 0.015504
0 0.269350 0.253876 0.068111 0.058140
0 0.438080 0.079457 0.034056 0.011628
0 0.300310 0.965116 0.024768 0.062016
0 0.113003 0.108527 0.021672 0.062016
0 0.270898 0.207364 0.021672 0.019380
0 0.715170 0.740310 0.018576 0.031008
0 0.404025 0.620155 0.046440 0.031008
0 0.698142 0.036822 0.089783 0.065891
0 0.044892 0.932171 0.015480 0.019380
0 0.339009 0.558140 0.077399 0.077519
0 0.057276 0.108527 0.077399 0.077519
0 0.679567 0.501938 0.083591 0.042636
