0 0.077551 0.953552 0.032653 0.030965
0 0.963776 0.425319 0.011224 0.038251
0 0.485714 0.025501 0.020408 0.047359
0 0.159184 0.808743 0.004082 0.010929
0 0.258163 0.517304 0.012245 0.047359
0 0.294388 0.775956 0.011224 0.007286
0 0.930102 0.196721 0.017347 0.058288
0 0.380102 0.093807 0.011224 0.034608
0 0.212755 0.023679 0.005102 0.010929
0 0.485204 0.679417 0.009184 0.014572
0 0.265306 0.337887 0.002041 0.016393
0 0.501531 0.613843 0.009184 0.036430
0 0.521429 0.632969 0.026531 0.038251
0 0.858673 0.888889 0.009184 0.003643
0 0.023469 0.522769 0.014286 0.029144
0 0.630102 0.051002 0.003061 0.010929
0 0.239796 0.657559 0.006122 0.010929
0 0.880102 0.620219 0.011224 0.005464
0 0.928571 0.333333 0.020408 0.014572
0 0.675000 0.135701 0.003061 0.012750
0 0.096429 0.652095 0.011224 0.018215
0 0.487755 0.840619 0.024490 0.030965
0 0.983673 0.096539 0.008163 0.029144
0 0.607143 0.260474 0.020408 0.029144
0 0.789286 0.010929 0.005102 0.007286
0 0.573980 0.173953 0.003061 0.012750
0 0.630102 0.903461 0.035714 0.025501
0 0.830612 0.402550 0.020408 0.043716
0 0.026020 0.765938 0.021429 0.045537
0 0.181122 0.793260 0.017347 0.030965
0 0.133163 0.010018 0.013265 0.020036
0 0.525000 0.932605 0.007143 0.021858
0 0.848469 0.330601 0.003061 0.016393
0 0.533673 0.798725 0.008163 0.012750
0 0.864286 0.744991 0.020408 0.032787
0 0.486224 0.755009 0.013265 0.027322
0 0.554082 0.296903 0.012245 0.061931
0 0.626531 0.700364 0.020408 0.023679
