0 0.516129 0.886199 0.032258 0.043584
0 0.204839 0.016949 0.006452 0.014528
0 0.316935 0.940678 0.014516 0.041162
0 0.909677 0.104116 0.019355 0.029056
0 0.714516 0.432203 0.006452 0.012107
0 0.074194 0.800242 0.022581 0.041162
0 0.366935 0.089588 0.050000 0.038741
0 0.081452 0.095642 0.053226 0.026634
0 0.198387 0.527845 0.009677 0.014528
0 0.417742 0.129540 0.006452 0.012107
0 0.862903 0.397094 0.041935 0.048426
0 0.504839 0.835351 0.038710 0.053269
0 0.547581 0.922518 0.008065 0.033898
0 0.629032 0.204600 0.022581 0.026634
0 0.792742 0.090799 0.037097 0.055690
0 0.179032 0.054479 0.045161 0.041162
0 0.935484 0.364407 0.016129 0.055690
0 0.509677 0.768765 0.006452 0.012107
0 0.195161 0.354722 0.041935 0.050847
0 0.745968 0.211864 0.046774 0.041162
0 0.047581 0.769976 0.027419 0.043584
0 0.421774 0.093220 0.056452 0.036320
0 0.817742 0.236077 0.061290 0.031477
0 0.658065 0.561743 0.016129 0.014528
0 0.595161 0.550847 0.022581 0.021792
0 0.643548 0.864407 0.019355 0.033898
0 0.881452 0.469734 0.004839 0.019370
0 0.462903 0.685230 0.041935 0.048426
0 0.686290 0.952785 0.017742 0.021792
0 0.775000 0.905569 0.046774 0.043584
0 0.804032 0.210654 0.004839 0.014528
0 0.002419 0.133172 0.004839 0.014528
0 0.173387 0.291768 0.030645 0.065375
0 0.819355 0.186441 0.022581 0.048426
0 0.308065 0.647700 0.048387 0.041162
0 0.652419 0.148910 0.043548 0.036320
0 0.944355 0.668281 0.004839 0.014528
0 0.731452 0.480630 0.027419 0.050847
0 0.766935 0.815981 0.024194 0.053269
0 0.904839 0.253027 0.025806 0.060533
0 0.663710 0.946731 0.024194 0.043584
0 0.971774 0.866828 0.033871 0.033898
0 0.118548 0.210654 0.050000 0.038741
0 0.092742 0.910412 0.043548 0.048426
