0 0.248411 0.038320 0.004025 0.004351
0 0.637076 0.805221 0.003814 0.007363
0 0.873199 0.003347 0.004873 0.002677
0 0.266208 0.421185 0.001059 0.002343
0 0.544703 0.275100 0.002966 0.004685
0 0.552542 0.911479 0.002542 0.001004
0 0.638453 0.265228 0.001059 0.002343
0 0.197987 0.784639 0.005297 0.006359
0 0.033051 0.658133 0.000424 0.001673
0 0.751271 0.433902 0.000424 0.001673
0 0.171928 0.500167 0.002754 0.005689
0 0.743326 0.665495 0.004025 0.003681
0 0.476907 0.878179 0.002119 0.002677
0 0.094386 0.781961 0.001907 0.002343
0 0.484958 0.565094 0.001271 0.002343
0 0.009958 0.325469 0.001271 0.001673
0 0.210381 0.691934 0.000424 0.001673
0 0.612924 0.786981 0.000847 0.001673
0 0.185064 0.482095 0.001059 0.003012
0 0.301165 0.695783 0.001059 0.005355
0 0.142373 0.369143 0.002542 0.004016
0 0.539619 0.360274 0.004237 0.004351
0 0.115678 0.445448 0.001271 0.004685
0 0.179131 0.161647 0.000636 0.002677
0 0.727754 0.331325 0.00338983 0.0100402
0 0.704237 0.328313 0.00381356 0.0153949
