0 0.498956 0.800251 0.066806 0.037688
0 0.474948 0.286432 0.027140 0.050251
0 0.855950 0.291457 0.029228 0.085427
0 0.064718 0.179648 0.037578 0.072864
0 0.189979 0.395729 0.025052 0.037688
0 0.159708 0.713568 0.006263 0.015075
0 0.104384 0.736181 0.066806 0.040201
0 0.507307 0.474874 0.075157 0.035176
0 0.564718 0.706030 0.014614 0.040201
0 0.637787 0.976131 0.031315 0.032663
0 0.675365 0.139447 0.010438 0.032663
0 0.433194 0.526382 0.027140 0.047739
0 0.815240 0.439698 0.043841 0.055276
0 0.850731 0.945980 0.014614 0.047739
0 0.635699 0.859296 0.010438 0.020101
0 0.486430 0.237437 0.062630 0.042714
0 0.567850 0.067839 0.037578 0.060302
0 0.011482 0.443467 0.018789 0.042714
0 0.211900 0.948492 0.014614 0.032663
0 0.074113 0.951005 0.006263 0.017588
0 0.099165 0.036432 0.064718 0.042714
0 0.019833 0.595477 0.018789 0.025126
0 0.732777 0.812814 0.029228 0.047739
0 0.168058 0.804020 0.006263 0.015075
0 0.103340 0.528894 0.043841 0.062814
0 0.107516 0.626884 0.048017 0.057789
0 0.258873 0.727387 0.020877 0.052764
0 0.185804 0.675879 0.041754 0.065327
0 0.078288 0.321608 0.052192 0.055276
0 0.856994 0.586683 0.035491 0.037688
0 0.945720 0.048995 0.004175 0.022613
0 0.748434 0.030151 0.014614 0.015075
0 0.087683 0.072864 0.012526 0.025126
0 0.316284 0.839196 0.006263 0.015075
0 0.094990 0.704774 0.006263 0.017588
0 0.797495 0.964824 0.058455 0.045226
0 0.438413 0.187186 0.054280 0.047739
0 0.174322 0.949749 0.056367 0.050251
0 0.900835 0.753769 0.006263 0.015075
0 0.802714 0.540201 0.060543 0.045226
0 0.677453 0.089196 0.056367 0.047739
0 0.126305 0.836683 0.043841 0.060302
0 0.713987 0.418342 0.012526 0.027638
0 0.727557 0.340452 0.052192 0.052764
0 0.600209 0.662060 0.027140 0.077889
0 0.382046 0.157035 0.054280 0.052764
0 0.945720 0.557789 0.054280 0.050251
