0 0.911839 0.197656 0.005038 0.007812
0 0.669395 0.911719 0.003778 0.014063
0 0.194584 0.383594 0.049118 0.020313
0 0.096348 0.467969 0.039043 0.026562
0 0.957809 0.413281 0.031486 0.032813
0 0.904912 0.285156 0.003778 0.010937
0 0.072418 0.796094 0.013854 0.026562
0 0.498741 0.690625 0.012594 0.040625
0 0.250000 0.208594 0.008816 0.017188
0 0.522670 0.632812 0.017632 0.031250
0 0.081864 0.392188 0.005038 0.009375
0 0.882242 0.346875 0.006297 0.015625
0 0.727330 0.857812 0.006297 0.009375
0 0.633501 0.936719 0.030227 0.032813
0 0.806045 0.403125 0.010076 0.015625
0 0.146096 0.382031 0.037783 0.026562
0 0.867128 0.361719 0.006297 0.020313
0 0.098866 0.373437 0.051637 0.018750
0 0.987406 0.061719 0.015113 0.014063
0 0.843199 0.368750 0.034005 0.031250
0 0.127204 0.907813 0.030227 0.034375
0 0.028338 0.314844 0.039043 0.026562
0 0.309194 0.782031 0.008816 0.023438
0 0.048489 0.792188 0.016373 0.018750
0 0.423804 0.971875 0.023929 0.043750
0 0.727330 0.080469 0.006297 0.014063
0 0.348866 0.053906 0.012594 0.029687
0 0.853275 0.207813 0.031486 0.028125
0 0.514484 0.483594 0.021411 0.023438
0 0.264484 0.449219 0.017632 0.039062
0 0.042191 0.694531 0.011335 0.007812
0 0.406171 0.899219 0.028967 0.035937
0 0.033375 0.450781 0.013854 0.023438
0 0.688287 0.425000 0.006297 0.006250
0 0.807935 0.297656 0.036524 0.026562
0 0.396096 0.861719 0.031486 0.032813
0 0.691436 0.294531 0.017632 0.020313
