0 0.255469 0.572917 0.004687 0.004167
0 0.195312 0.122917 0.001563 0.006944
0 0.739453 0.498611 0.010156 0.022222
0 0.867578 0.013194 0.003906 0.004167
0 0.497266 0.127778 0.016406 0.030556
0 0.012500 0.673611 0.004687 0.011111
0 0.407031 0.757639 0.018750 0.018056
0 0.719531 0.597222 0.004687 0.008333
0 0.550000 0.850000 0.014063 0.025000
0 0.739453 0.022222 0.008594 0.033333
0 0.200000 0.694444 0.020313 0.025000
0 0.021484 0.590278 0.016406 0.019444
0 0.694141 0.617361 0.005469 0.031944
0 0.540234 0.316667 0.003906 0.008333
0 0.028516 0.105556 0.010156 0.022222
0 0.430469 0.636111 0.003125 0.013889
0 0.651953 0.892361 0.002344 0.004167
0 0.573047 0.669444 0.005469 0.002778
0 0.949219 0.886111 0.023438 0.025000
0 0.916406 0.011111 0.006250 0.022222
0 0.442578 0.522222 0.008594 0.019444
0 0.033594 0.322917 0.010937 0.018056
0 0.625781 0.652083 0.007812 0.015278
0 0.409766 0.940972 0.019531 0.029167
