0 0.327222 0.736667 0.016667 0.030000
0 0.106111 0.688333 0.014444 0.023333
0 0.320000 0.487500 0.020000 0.035000
0 0.844444 0.680833 0.028889 0.028333
0 0.477222 0.913333 0.016667 0.053333
0 0.313333 0.117500 0.031111 0.031667
0 0.256111 0.280000 0.007778 0.036667
0 0.029444 0.994167 0.005556 0.008333
0 0.063333 0.482500 0.015556 0.015000
0 0.023889 0.599167 0.005556 0.021667
0 0.078889 0.535000 0.011111 0.040000
0 0.149444 0.660000 0.005556 0.016667
0 0.966667 0.067500 0.022222 0.015000
0 0.085556 0.081667 0.006667 0.013333
0 0.782222 0.430000 0.028889 0.033333
0 0.134444 0.700000 0.008889 0.006667
0 0.802222 0.835000 0.013333 0.026667
0 0.173889 0.403333 0.005556 0.010000
0 0.042222 0.615833 0.013333 0.061667
0 0.556667 0.687500 0.004444 0.008333
0 0.602778 0.605000 0.027778 0.030000
0 0.087222 0.240000 0.007778 0.006667
0 0.455556 0.952500 0.004444 0.008333
0 0.705000 0.816667 0.007778 0.023333
0 0.282778 0.729167 0.023333 0.038333
0 0.615556 0.135833 0.006667 0.025000
0 0.383333 0.759167 0.002222 0.015000
0 0.579444 0.580000 0.003333 0.013333
0 0.924444 0.227500 0.026667 0.021667
0 0.110556 0.583333 0.005556 0.020000
0 0.901667 0.953333 0.027778 0.033333
0 0.400000 0.329167 0.011111 0.018333
0 0.910000 0.338333 0.017778 0.043333
0 0.263333 0.715000 0.013333 0.016667
0 0.985556 0.819167 0.028889 0.021667
0 0.606111 0.450000 0.003333 0.010000
0 0.866667 0.675833 0.004444 0.008333
0 0.155000 0.468333 0.014444 0.020000
0 0.478333 0.311667 0.005556 0.023333
0 0.218889 0.102500 0.037778 0.025000
