0 0.384722 0.115278 0.041667 0.075000
0 0.326389 0.808333 0.013889 0.016667
0 0.041667 0.030556 0.005556 0.011111
0 0.843056 0.756944 0.080556 0.047222
0 0.320833 0.325000 0.019444 0.044444
0 0.891667 0.631944 0.011111 0.002778
0 0.920833 0.556944 0.075000 0.052778
0 0.234722 0.915278 0.047222 0.019444
0 0.781944 0.056944 0.013889 0.025000
0 0.133333 0.656944 0.005556 0.019444
0 0.402778 0.183333 0.083333 0.044444
0 0.912500 0.611111 0.075000 0.050000
0 0.381944 0.669444 0.052778 0.038889
0 0.862500 0.138889 0.019444 0.044444
0 0.136111 0.244444 0.022222 0.055556
0 0.693056 0.241667 0.030556 0.022222
0 0.680556 0.076389 0.011111 0.019444
0 0.472222 0.144444 0.033333 0.055556
0 0.480556 0.081944 0.055556 0.063889
0 0.629167 0.045833 0.108333 0.036111
0 0.761111 0.190278 0.016667 0.041667
0 0.769444 0.379167 0.055556 0.063889
0 0.716667 0.708333 0.077778 0.050000
0 0.031944 0.137500 0.047222 0.041667
0 0.370833 0.912500 0.058333 0.025000
0 0.101389 0.279167 0.019444 0.025000
