0 0.476027 0.510490 0.002283 0.009324
0 0.812785 0.956876 0.041096 0.067599
0 0.068493 0.750583 0.009132 0.009324
0 0.543379 0.623543 0.022831 0.011655
0 0.373288 0.783217 0.029680 0.041958
0 0.901826 0.331002 0.068493 0.032634
0 0.081050 0.289044 0.038813 0.023310
0 0.465753 0.300699 0.068493 0.037296
0 0.287671 0.625874 0.013699 0.020979
0 0.421233 0.291375 0.015982 0.027972
0 0.638128 0.065268 0.002283 0.009324
0 0.342466 0.797203 0.004566 0.004662
0 0.422374 0.044289 0.013699 0.004662
0 0.102740 0.365967 0.018265 0.013986
0 0.851598 0.944056 0.009132 0.023310
0 0.743151 0.529138 0.002283 0.009324
0 0.124429 0.285548 0.006849 0.016317
0 0.171233 0.505828 0.018265 0.027972
0 0.678082 0.761072 0.022831 0.020979
0 0.126712 0.259907 0.089041 0.020979
0 0.501142 0.904429 0.052511 0.041958
0 0.667808 0.114219 0.038813 0.041958
0 0.606164 0.375291 0.006849 0.009324
0 0.740868 0.414918 0.038813 0.065268
0 0.789954 0.247086 0.004566 0.004662
0 0.259132 0.865967 0.011416 0.039627
