0 0.089286 0.281623 0.017857 0.038186
0 0.500000 0.311456 0.031250 0.031026
0 0.667411 0.663484 0.017857 0.038186
0 0.755580 0.303103 0.020089 0.004773
0 0.911830 0.541766 0.060268 0.023866
0 0.145089 0.243437 0.008929 0.019093
0 0.438616 0.387828 0.011161 0.007160
0 0.237723 0.967780 0.002232 0.011933
0 0.332589 0.638425 0.008929 0.026253
0 0.386161 0.602625 0.026786 0.021480
0 0.484375 0.261337 0.004464 0.011933
0 0.383929 0.354415 0.040179 0.059666
0 0.414062 0.385442 0.015625 0.016706
0 0.516741 0.026253 0.011161 0.014320
0 0.699777 0.305489 0.006696 0.009547
0 0.739955 0.054893 0.037946 0.052506
0 0.930804 0.978520 0.031250 0.042959
0 0.029018 0.589499 0.013393 0.033413
0 0.821429 0.566826 0.004464 0.007160
0 0.152902 0.122912 0.002232 0.007160
0 0.813616 0.443914 0.051339 0.052506
0 0.444196 0.044153 0.062500 0.040573
0 0.425223 0.106205 0.024554 0.026253
0 0.517857 0.701671 0.058036 0.042959
0 0.537946 0.440334 0.062500 0.040573
0 0.909598 0.452267 0.020089 0.021480
0 0.952009 0.170644 0.011161 0.031026
0 0.357143 0.421241 0.008929 0.007160
0 0.858259 0.704057 0.020089 0.014320
0 0.143973 0.884248 0.015625 0.007160
