0 0.180451 0.908189 0.033835 0.069479
0 0.250000 0.490074 0.007519 0.017370
0 0.584586 0.552109 0.003759 0.022333
0 0.060150 0.632754 0.056391 0.044665
0 0.234962 0.037221 0.033835 0.069479
0 0.391917 0.867246 0.020677 0.071960
0 0.583647 0.287841 0.028195 0.084367
0 0.195489 0.833747 0.033835 0.069479
0 0.515038 0.488834 0.033835 0.054591
0 0.145677 0.918114 0.005639 0.019851
0 0.571429 0.132754 0.015038 0.017370
0 0.897556 0.414392 0.009398 0.019851
0 0.890038 0.991315 0.016917 0.012407
0 0.245301 0.299007 0.009398 0.042184
0 0.296053 0.111663 0.050752 0.044665
0 0.938910 0.508685 0.005639 0.014888
0 0.496241 0.224566 0.003759 0.022333
0 0.654135 0.064516 0.060150 0.039702
0 0.121241 0.895782 0.035714 0.069479
0 0.804511 0.292804 0.015038 0.034739
0 0.171992 0.187345 0.031955 0.017370
0 0.478383 0.766749 0.028195 0.089330
0 0.687970 0.141439 0.048872 0.049628
0 0.992481 0.713400 0.011278 0.007444
0 0.647556 0.253102 0.005639 0.014888
0 0.529135 0.777916 0.020677 0.052109
0 0.107143 0.566998 0.033835 0.032258
0 0.247180 0.099256 0.016917 0.049628
0 0.142857 0.468983 0.048872 0.049628
0 0.945489 0.941687 0.011278 0.037221
0 0.901316 0.214640 0.013158 0.022333
0 0.457707 0.362283 0.016917 0.014888
0 0.914474 0.044665 0.028195 0.054591
0 0.929511 0.254342 0.020677 0.027295
0 0.602444 0.550868 0.005639 0.014888
0 0.029135 0.331266 0.035714 0.027295
0 0.338346 0.859801 0.048872 0.047146
