0 0.438084 0.975581 0.007009 0.011628
0 0.621495 0.809302 0.032710 0.051163
0 0.919393 0.315116 0.044393 0.025581
0 0.948598 0.759302 0.004673 0.011628
0 0.804907 0.960465 0.063084 0.046512
0 0.052570 0.986047 0.058411 0.023256
0 0.336449 0.727907 0.084112 0.032558
0 0.824766 0.347674 0.004673 0.011628
0 0.002336 0.054651 0.004673 0.011628
0 0.454439 0.289535 0.025701 0.058140
0 0.363318 0.139535 0.077103 0.032558
0 0.225467 0.693023 0.039720 0.018605
0 0.084112 0.639535 0.004673 0.013953
0 0.690421 0.616279 0.049065 0.051163
0 0.440421 0.090698 0.044393 0.060465
0 0.471963 0.872093 0.014019 0.013953
0 0.348131 0.261628 0.051402 0.053488
0 0.877336 0.052326 0.021028 0.020930
0 0.495327 0.336047 0.014019 0.020930
0 0.943925 0.436047 0.009346 0.006977
0 0.686916 0.031395 0.004673 0.011628
0 0.822430 0.708140 0.014019 0.006977
0 0.746495 0.720930 0.007009 0.009302
0 0.788551 0.379070 0.011682 0.009302
0 0.978972 0.709302 0.032710 0.032558
0 0.700935 0.212791 0.056075 0.025581
0 0.336449 0.015116 0.004673 0.011628
0 0.716121 0.731395 0.044393 0.062791
0 0.852804 0.560465 0.032710 0.013953
0 0.248832 0.710465 0.0116822 0.0255814
0 0.219626 0.787209 0.00934579 0.0255814
