0 0.520353 0.404277 0.023066 0.018330
0 0.607870 0.430754 0.002714 0.010183
0 0.190638 0.115071 0.004071 0.006110
0 0.806649 0.010183 0.006784 0.008147
0 0.862280 0.710794 0.006784 0.012220
0 0.352103 0.973523 0.009498 0.024440
0 0.537992 0.686354 0.004071 0.012220
0 0.421981 0.652749 0.035278 0.034623
0 0.577341 0.441955 0.004071 0.012220
0 0.175712 0.846232 0.025780 0.030550
0 0.727273 0.314664 0.043419 0.026477
0 0.706242 0.448065 0.012212 0.016293
0 0.082768 0.553971 0.002714 0.012220
0 0.832429 0.041752 0.036635 0.038697
0 0.816147 0.250509 0.028494 0.024440
0 0.463365 0.424644 0.039349 0.034623
0 0.470149 0.560081 0.012212 0.028513
0 0.545455 0.795316 0.005427 0.014257
0 0.468114 0.847251 0.010855 0.028513
0 0.135007 0.625255 0.044776 0.032587
0 0.853460 0.577393 0.002714 0.010183
0 0.957259 0.501018 0.012212 0.024440
0 0.776798 0.515275 0.028494 0.024440
0 0.381275 0.615071 0.005427 0.008147
