0 0.089899 0.567778 0.030303 0.073333
0 0.475758 0.143333 0.046465 0.051111
0 0.931313 0.398889 0.008081 0.028889
0 0.159596 0.120000 0.008081 0.013333
0 0.962626 0.091111 0.006061 0.013333
0 0.141414 0.047778 0.052525 0.028889
0 0.969697 0.531111 0.008081 0.026667
0 0.606061 0.767778 0.016162 0.011111
0 0.388889 0.614444 0.034343 0.020000
0 0.890909 0.905556 0.044444 0.051111
0 0.529293 0.952222 0.016162 0.033333
0 0.918182 0.226667 0.022222 0.017778
0 0.473737 0.608889 0.058586 0.040000
0 0.605051 0.060000 0.030303 0.017778
0 0.090909 0.866667 0.020202 0.035556
0 0.863636 0.073333 0.026263 0.031111
0 0.382828 0.420000 0.006061 0.013333
0 0.562626 0.763333 0.038384 0.020000
0 0.760606 0.605556 0.042424 0.055556
0 0.439394 0.720000 0.006061 0.017778
0 0.977778 0.400000 0.044444 0.044444
0 0.065657 0.143333 0.022222 0.020000
0 0.989899 0.083333 0.020202 0.055556
0 0.960606 0.912222 0.010101 0.011111
0 0.497980 0.551111 0.030303 0.040000
0 0.481818 0.882222 0.010101 0.017778
0 0.050505 0.055556 0.016162 0.040000
0 0.127273 0.104444 0.052525 0.035556
0 0.365657 0.830000 0.060606 0.037778
0 0.200000 0.521111 0.044444 0.051111
0 0.550505 0.873333 0.030303 0.044444
0 0.837374 0.873333 0.018182 0.004444
0 0.439394 0.277778 0.010101 0.008889
0 0.328283 0.030000 0.038384 0.028889
0 0.815152 0.537778 0.006061 0.013333
0 0.850505 0.163333 0.008081 0.011111
0 0.048485 0.457778 0.024242 0.071111
0 0.807071 0.848889 0.038384 0.062222
0 0.863636 0.615556 0.006061 0.017778
0 0.236364 0.738889 0.008081 0.011111
0 0.484848 0.937778 0.028283 0.022222
0 0.719192 0.358889 0.052525 0.042222
0 0.936364 0.095556 0.010101 0.040000
0 0.217172 0.345556 0.022222 0.015556
0 0.449495 0.540000 0.058586 0.040000
0 0.075758 0.301111 0.050505 0.046667
