0 0.944531 0.506250 0.004687 0.015278
0 0.764062 0.156944 0.004687 0.005556
0 0.173437 0.941667 0.014063 0.011111
0 0.757031 0.809028 0.006250 0.015278
0 0.925000 0.857639 0.028125 0.020833
0 0.746875 0.802778 0.010937 0.019444
0 0.528516 0.876389 0.002344 0.011111
0 0.450391 0.406250 0.002344 0.012500
0 0.662500 0.322917 0.007812 0.034722
0 0.215625 0.954167 0.020313 0.027778
0 0.280469 0.573611 0.009375 0.030556
0 0.443750 0.868750 0.015625 0.023611
0 0.835547 0.056944 0.021094 0.025000
0 0.320312 0.740972 0.004687 0.004167
0 0.805469 0.804167 0.025000 0.022222
0 0.263281 0.399306 0.017188 0.031944
0 0.132812 0.086111 0.017188 0.033333
0 0.717187 0.677083 0.020313 0.023611
0 0.185156 0.532639 0.001563 0.012500
0 0.348828 0.459722 0.003906 0.011111
0 0.560156 0.156250 0.003125 0.006944
0 0.904687 0.703472 0.003125 0.006944
0 0.278516 0.443750 0.002344 0.012500
0 0.091406 0.333333 0.009375 0.030556
0 0.942187 0.161111 0.010937 0.030556
0 0.548047 0.272917 0.005469 0.015278
0 0.359766 0.618056 0.002344 0.011111
0 0.342969 0.331944 0.020313 0.027778
0 0.423828 0.838889 0.003906 0.011111
0 0.612109 0.156944 0.007031 0.022222
0 0.980078 0.372222 0.016406 0.025000
0 0.621094 0.902083 0.012500 0.009722
0 0.675391 0.736806 0.013281 0.043056
0 0.151562 0.167361 0.014063 0.037500
0 0.870703 0.891667 0.016406 0.036111
0 0.768359 0.470833 0.005469 0.013889
0 0.693750 0.306250 0.026562 0.020833
