0 0.515217 0.065217 0.082609 0.078261
0 0.634783 0.895652 0.017391 0.052174
0 0.826087 0.754348 0.017391 0.021739
0 0.821739 0.356522 0.104348 0.078261
0 0.734783 0.730435 0.086957 0.052174
0 0.726087 0.360870 0.069565 0.139130
0 0.960870 0.906522 0.043478 0.021739
0 0.726087 0.219565 0.078261 0.126087
0 0.076087 0.047826 0.021739 0.017391
0 0.782609 0.643478 0.086957 0.113043
0 0.610870 0.278261 0.126087 0.078261
0 0.900000 0.908696 0.069565 0.078261
0 0.571739 0.841304 0.091304 0.108696
0 0.010870 0.221739 0.013043 0.034783
0 0.282609 0.891304 0.104348 0.095652
0 0.513043 0.789130 0.017391 0.021739
0 0.347826 0.815217 0.121739 0.047826
0 0.395652 0.684783 0.034783 0.047826
0 0.406522 0.130435 0.082609 0.113043
0 0.473913 0.860870 0.121739 0.078261
0 0.354348 0.130435 0.195652 0.052174
0 0.363043 0.043478 0.056522 0.052174
0 0.654348 0.371739 0.065217 0.082609
0 0.328261 0.565217 0.056522 0.034783
0 0.623913 0.156522 0.108696 0.095652
0 0.945652 0.813043 0.100000 0.095652
0 0.819565 0.110870 0.039130 0.082609
0 0.534783 0.976087 0.017391 0.021739
0 0.245652 0.754348 0.143478 0.065217
0 0.784783 0.026087 0.013043 0.026087
0 0.897826 0.021739 0.013043 0.034783
0 0.160870 0.610870 0.113043 0.065217
0 0.510870 0.195652 0.108696 0.078261
0 0.415217 0.228261 0.065217 0.143478
0 0.491304 0.536957 0.026087 0.039130
0 0.497826 0.126087 0.030435 0.052174
0 0.430435 0.621739 0.113043 0.069565
0 0.471739 0.128261 0.013043 0.039130
0 0.315217 0.041304 0.030435 0.039130
0 0.784783 0.484783 0.126087 0.073913
0 0.563043 0.067391 0.047826 0.065217
0 0.093478 0.543478 0.013043 0.026087
0 0.332609 0.086957 0.013043 0.026087
0 0.089130 0.504348 0.047826 0.043478
