0 0.685615 0.106635 0.006961 0.014218
0 0.460557 0.023697 0.030162 0.018957
0 0.834107 0.650474 0.030162 0.045024
0 0.834107 0.021327 0.020882 0.028436
0 0.838747 0.216825 0.006961 0.016588
0 0.082367 0.330569 0.011601 0.011848
0 0.428074 0.598341 0.002320 0.002370
0 0.872390 0.836493 0.004640 0.009479
0 0.849188 0.062796 0.023202 0.016588
0 0.633411 0.174171 0.046404 0.040284
0 0.467517 0.547393 0.006961 0.028436
0 0.569606 0.370853 0.067285 0.040284
0 0.856148 0.960900 0.046404 0.059242
0 0.059165 0.508294 0.085847 0.030806
0 0.919954 0.465640 0.071926 0.026066
0 0.801624 0.216825 0.034803 0.026066
0 0.661253 0.383886 0.013921 0.047393
0 0.892111 0.906398 0.020882 0.016588
0 0.874710 0.109005 0.046404 0.014218
0 0.715777 0.603081 0.039443 0.040284
0 0.990719 0.709716 0.009281 0.011848
0 0.639211 0.936019 0.071926 0.037915
0 0.629930 0.063981 0.058005 0.028436
0 0.294664 0.500000 0.009281 0.009479
0 0.991879 0.238152 0.016241 0.007109
0 0.935035 0.298578 0.037123 0.028436
0 0.529002 0.510664 0.009281 0.021327
0 0.155452 0.546209 0.009281 0.026066
