0 0.920616 0.627226 0.030806 0.048346
0 0.938389 0.539440 0.042654 0.066158
0 0.110190 0.094148 0.045024 0.050891
0 0.986967 0.031807 0.007109 0.007634
0 0.214455 0.918575 0.087678 0.030534
0 0.507109 0.393130 0.014218 0.012723
0 0.726303 0.529262 0.049763 0.030534
0 0.177725 0.326972 0.066351 0.043257
0 0.465640 0.132316 0.045024 0.035623
0 0.520142 0.284987 0.016588 0.015267
0 0.975118 0.312977 0.016588 0.025445
0 0.406398 0.969466 0.045024 0.010178
0 0.599526 0.513995 0.014218 0.015267
0 0.373223 0.661578 0.007109 0.010178
0 0.459716 0.712468 0.056872 0.055980
0 0.984597 0.106870 0.030806 0.025445
0 0.317536 0.385496 0.023697 0.033079
0 0.625592 0.613232 0.018957 0.035623
0 0.872038 0.597964 0.014218 0.030534
0 0.677725 0.709924 0.018957 0.015267
0 0.665877 0.673028 0.004739 0.012723
0 0.129147 0.561069 0.073460 0.043257
0 0.163507 0.391858 0.047393 0.055980
0 0.120853 0.044529 0.071090 0.043257
0 0.254739 0.438931 0.026066 0.017812
0 0.469194 0.246819 0.009479 0.015267
0 0.045024 0.291349 0.004739 0.012723
0 0.242891 0.150127 0.021327 0.010178
