0 0.501497 0.772727 0.044910 0.030303
0 0.464072 0.180303 0.017964 0.009091
0 0.658683 0.289394 0.059880 0.063636
0 0.193114 0.610606 0.008982 0.021212
0 0.443114 0.742424 0.065868 0.054545
0 0.128743 0.681818 0.023952 0.036364
0 0.185629 0.671212 0.029940 0.033333
0 0.333832 0.945455 0.092814 0.036364
0 0.395210 0.769697 0.023952 0.030303
0 0.612275 0.112121 0.068862 0.066667
0 0.366766 0.868182 0.038922 0.081818
0 0.729042 0.895455 0.032934 0.015152
0 0.318862 0.721212 0.098802 0.042424
0 0.037425 0.393939 0.008982 0.024242
0 0.164671 0.263636 0.065868 0.024242
0 0.028443 0.863636 0.026946 0.012121
0 0.387725 0.262121 0.038922 0.057576
0 0.250000 0.668182 0.092814 0.051515
0 0.335329 0.225758 0.011976 0.021212
0 0.244012 0.903030 0.080838 0.054545
0 0.043413 0.259091 0.050898 0.093939
0 0.938623 0.663636 0.008982 0.024242
0 0.414671 0.480303 0.068862 0.051515
0 0.158683 0.298485 0.029940 0.027273
0 0.128743 0.815152 0.017964 0.024242
0 0.751497 0.750000 0.059880 0.039394
0 0.155689 0.822727 0.029940 0.039394
0 0.800898 0.884848 0.008982 0.018182
0 0.591317 0.974242 0.008982 0.021212
0 0.932635 0.583333 0.044910 0.069697
0 0.568862 0.063636 0.011976 0.024242
0 0.832335 0.750000 0.035928 0.081818
0 0.154192 0.471212 0.008982 0.021212
0 0.297904 0.409091 0.014970 0.042424
