0 0.792793 0.130479 0.001802 0.004077
0 0.886937 0.365443 0.022523 0.015291
0 0.568018 0.635066 0.018919 0.022426
0 0.858559 0.009684 0.021622 0.011213
0 0.243243 0.841998 0.001802 0.006116
0 0.302703 0.532110 0.010811 0.026504
0 0.343694 0.724261 0.020721 0.011213
0 0.135586 0.981651 0.008108 0.018349
0 0.377027 0.910296 0.009910 0.014271
0 0.077477 0.334353 0.016216 0.006116
0 0.018018 0.732416 0.003604 0.011213
0 0.367568 0.738022 0.003604 0.004077
0 0.652252 0.410805 0.016216 0.014271
0 0.458559 0.888889 0.007207 0.012232
0 0.495495 0.730887 0.019820 0.022426
0 0.916216 0.712538 0.007207 0.008155
0 0.829279 0.756371 0.008108 0.032620
0 0.589189 0.469419 0.001802 0.003058
0 0.103153 0.671764 0.002703 0.002039
0 0.761261 0.701835 0.005405 0.007136
0 0.242342 0.171764 0.003604 0.009174
0 0.204054 0.890928 0.009910 0.008155
0 0.819369 0.076962 0.000901 0.003058
0 0.739640 0.539755 0.025225 0.017329
