0 0.046900 0.623134 0.027027 0.044776
0 0.744038 0.672575 0.006359 0.009328
0 0.304452 0.134328 0.014308 0.014925
0 0.807631 0.282649 0.009539 0.005597
0 0.265501 0.436567 0.009539 0.022388
0 0.740064 0.301306 0.004769 0.013060
0 0.511129 0.963619 0.007949 0.013060
0 0.201113 0.064366 0.017488 0.042910
0 0.414944 0.303172 0.006359 0.016791
0 0.837043 0.023321 0.017488 0.016791
0 0.325119 0.335821 0.004769 0.011194
0 0.297297 0.308769 0.006359 0.009328
0 0.949126 0.903918 0.003180 0.016791
0 0.828299 0.843284 0.019078 0.026119
0 0.021463 0.545709 0.023847 0.020522
0 0.108108 0.083022 0.015898 0.020522
0 0.724165 0.422575 0.017488 0.016791
0 0.015898 0.597948 0.028617 0.054104
0 0.432432 0.033582 0.028617 0.018657
0 0.112083 0.257463 0.033386 0.044776
0 0.872814 0.096082 0.012719 0.020522
0 0.718601 0.959888 0.022258 0.042910
0 0.126391 0.417910 0.004769 0.022388
0 0.544515 0.953358 0.004769 0.011194
0 0.038951 0.330224 0.027027 0.033582
0 0.844992 0.427239 0.004769 0.011194
0 0.019078 0.273321 0.009539 0.009328
0 0.558029 0.685634 0.006359 0.009328
0 0.404610 0.032649 0.023847 0.046642
0 0.825119 0.990672 0.006359 0.014925
0 0.256757 0.763060 0.004769 0.014925
0 0.184420 0.203358 0.006359 0.018657
0 0.507949 0.762127 0.014308 0.016791
0 0.130366 0.720149 0.006359 0.011194
0 0.500795 0.867537 0.025437 0.033582
0 0.111288 0.305970 0.006359 0.011194
0 0.327504 0.744403 0.019078 0.018657
0 0.964229 0.858209 0.020668 0.011194
0 0.282194 0.916978 0.027027 0.050373
0 0.269475 0.161381 0.027027 0.013060
