0 0.150943 0.879487 0.013722 0.008547
0 0.200686 0.543590 0.051458 0.030769
0 0.184391 0.672650 0.039451 0.032479
0 0.033448 0.077778 0.053173 0.029060
0 0.917667 0.701709 0.048027 0.032479
0 0.909949 0.582051 0.025729 0.011966
0 0.995712 0.971795 0.005146 0.011966
0 0.654374 0.087179 0.022298 0.041026
0 0.848199 0.927350 0.025729 0.032479
0 0.566038 0.271795 0.013722 0.023932
0 0.203259 0.516239 0.046312 0.020513
0 0.661235 0.376068 0.066895 0.023932
0 0.558319 0.175214 0.012007 0.011966
0 0.265866 0.386325 0.044597 0.034188
0 0.195540 0.278632 0.013722 0.017094
0 0.682676 0.544444 0.020583 0.025641
0 0.786449 0.929915 0.046312 0.034188
0 0.397084 0.707692 0.036021 0.020513
0 0.807890 0.240171 0.006861 0.011966
0 0.459691 0.617094 0.017153 0.027350
0 0.651801 0.729060 0.037736 0.042735
0 0.771870 0.619658 0.006861 0.008547
0 0.463979 0.641026 0.008576 0.013675
0 0.553173 0.020513 0.008576 0.006838
0 0.491424 0.431624 0.036021 0.039316
0 0.061750 0.426496 0.048027 0.032479
0 0.530017 0.500000 0.020583 0.022222
0 0.407376 0.841026 0.005146 0.010256
0 0.669811 0.619658 0.008576 0.008547
0 0.210978 0.500000 0.017153 0.008547
0 0.904803 0.050427 0.053173 0.029060
0 0.191252 0.119658 0.005146 0.010256
0 0.517153 0.552991 0.029160 0.052991
0 0.488851 0.657265 0.0102916 0.025641
0 0.483705 0.65641 0.0137221 0.0273504
