0 0.171233 0.439394 0.063927 0.044289
0 0.242009 0.583916 0.050228 0.053613
0 0.744292 0.504662 0.009132 0.011655
0 0.455479 0.456876 0.061644 0.046620
0 0.372146 0.861305 0.013699 0.025641
0 0.904110 0.488345 0.009132 0.016317
0 0.416667 0.831002 0.038813 0.058275
0 0.721461 0.010490 0.050228 0.011655
0 0.118721 0.012821 0.009132 0.011655
0 0.586758 0.722611 0.045662 0.060606
0 0.473744 0.935897 0.034247 0.072261
0 0.332192 0.512821 0.052511 0.051282
0 0.579909 0.646853 0.027397 0.086247
0 0.823059 0.296037 0.043379 0.065268
0 0.400685 0.689977 0.006849 0.013986
0 0.914384 0.245921 0.015982 0.016317
0 0.202055 0.837995 0.020548 0.044289
0 0.300228 0.370629 0.006849 0.013986
0 0.291096 0.463869 0.070776 0.037296
0 0.243151 0.685315 0.066210 0.041958
0 0.542237 0.453380 0.006849 0.016317
0 0.415525 0.255245 0.045662 0.044289
0 0.396119 0.737762 0.015982 0.030303
0 0.930365 0.668998 0.052511 0.051282
0 0.186073 0.748252 0.061644 0.046620
0 0.205479 0.883450 0.013699 0.027972
0 0.554795 0.488345 0.013699 0.016317
0 0.367580 0.804196 0.054795 0.037296
0 0.232877 0.357809 0.018265 0.016317
0 0.638128 0.764569 0.011416 0.013986
0 0.492009 0.988345 0.020548 0.004662
0 0.824201 0.144522 0.050228 0.046620
0 0.131279 0.275058 0.061644 0.046620
0 0.350457 0.952214 0.034247 0.020979
0 0.067352 0.005828 0.020548 0.006993
0 0.316210 0.128205 0.029680 0.032634
0 0.751142 0.249417 0.031963 0.083916
0 0.773973 0.567599 0.009132 0.011655
0 0.279680 0.771562 0.038813 0.074592
0 0.646119 0.529138 0.009132 0.013986
0 0.519406 0.505828 0.047945 0.060606
0 0.771689 0.074592 0.045662 0.051282
