0 0.145652 0.956522 0.013043 0.026087
0 0.410870 0.080435 0.065217 0.082609
0 0.582609 0.769565 0.017391 0.034783
0 0.863043 0.286957 0.117391 0.086957
0 0.373913 0.856522 0.069565 0.147826
0 0.795652 0.876087 0.113043 0.091304
0 0.932609 0.606522 0.047826 0.082609
0 0.345652 0.141304 0.056522 0.152174
0 0.091304 0.317391 0.060870 0.156522
0 0.267391 0.226087 0.065217 0.139130
0 0.228261 0.671739 0.065217 0.047826
0 0.541304 0.341304 0.056522 0.030435
0 0.400000 0.763043 0.043478 0.030435
0 0.406522 0.586957 0.013043 0.026087
0 0.752174 0.486957 0.147826 0.069565
0 0.223913 0.569565 0.186957 0.052174
0 0.980435 0.230435 0.021739 0.060870
0 0.989130 0.582609 0.013043 0.026087
0 0.708696 0.686957 0.095652 0.104348
0 0.647826 0.728261 0.017391 0.021739
0 0.797826 0.223913 0.013043 0.030435
0 0.908696 0.723913 0.026087 0.039130
0 0.558696 0.130435 0.117391 0.086957
0 0.036957 0.202174 0.065217 0.065217
0 0.445652 0.165217 0.100000 0.095652
0 0.689130 0.045652 0.091304 0.091304
0 0.293478 0.458696 0.100000 0.100000
0 0.636957 0.169565 0.021739 0.017391
0 0.950000 0.184783 0.030435 0.091304
0 0.658696 0.393478 0.082609 0.100000
0 0.276087 0.897826 0.065217 0.126087
0 0.545652 0.243478 0.013043 0.034783
0 0.273913 0.367391 0.130435 0.073913
0 0.493478 0.439130 0.039130 0.043478
