0 0.320000 0.153226 0.088889 0.029954
0 0.825556 0.569124 0.082222 0.032258
0 0.388889 0.698157 0.040000 0.046083
0 0.223333 0.411290 0.015556 0.016129
0 0.251111 0.571429 0.017778 0.027650
0 0.674444 0.055300 0.011111 0.009217
0 0.225556 0.108295 0.042222 0.064516
0 0.836667 0.784562 0.046667 0.029954
0 0.168889 0.415899 0.075556 0.034562
0 0.675556 0.433180 0.066667 0.041475
0 0.625556 0.289171 0.033333 0.029954
0 0.504444 0.094470 0.013333 0.013825
0 0.473333 0.156682 0.040000 0.032258
0 0.178889 0.070276 0.046667 0.029954
0 0.537778 0.137097 0.008889 0.011521
0 0.523333 0.306452 0.028889 0.055300
0 0.205556 0.216590 0.033333 0.069124
0 0.155556 0.040323 0.017778 0.016129
0 0.161111 0.032258 0.028889 0.032258
0 0.674444 0.717742 0.055556 0.048387
0 0.417778 0.394009 0.062222 0.041475
0 0.007778 0.026498 0.006667 0.016129
0 0.448889 0.554147 0.075556 0.034562
0 0.426667 0.510369 0.057778 0.048387
0 0.642222 0.548387 0.031111 0.046083
0 0.757778 0.392857 0.057778 0.029954
0 0.386667 0.298387 0.035556 0.057604
0 0.373333 0.957373 0.022222 0.034562
0 0.360000 0.367512 0.048889 0.057604
0 0.907778 0.496544 0.042222 0.062212
0 0.925556 0.543779 0.006667 0.013825
0 0.044444 0.107143 0.008889 0.011521
0 0.365556 0.214286 0.006667 0.013825
0 0.678889 0.958525 0.051111 0.032258
0 0.630000 0.040323 0.042222 0.062212
0 0.581111 0.361751 0.006667 0.013825
0 0.515556 0.892857 0.022222 0.034562
0 0.763333 0.482719 0.028889 0.080645
