0 0.483280 0.592814 0.004777 0.017964
0 0.734076 0.100299 0.012739 0.008982
0 0.403662 0.862275 0.046178 0.053892
0 0.031847 0.887725 0.035032 0.074850
0 0.371815 0.663174 0.046178 0.050898
0 0.174363 0.552395 0.004777 0.026946
0 0.601115 0.148204 0.020701 0.050898
0 0.996019 0.815868 0.007962 0.014970
0 0.897293 0.890719 0.007962 0.020958
0 0.412420 0.800898 0.009554 0.020958
0 0.145701 0.488024 0.017516 0.023952
0 0.668790 0.106287 0.006369 0.014970
0 0.577229 0.038922 0.004777 0.023952
0 0.398885 0.170659 0.007962 0.011976
0 0.953025 0.233533 0.004777 0.023952
0 0.468949 0.776946 0.007962 0.026946
0 0.308121 0.901198 0.004777 0.017964
0 0.572452 0.459581 0.014331 0.038922
0 0.199045 0.776946 0.035032 0.056886
0 0.039013 0.649701 0.004777 0.017964
0 0.005573 0.290419 0.007962 0.011976
0 0.321656 0.673653 0.047771 0.053892
0 0.213376 0.410180 0.041401 0.059880
0 0.462580 0.041916 0.011146 0.035928
0 0.968949 0.531437 0.030255 0.080838
0 0.017516 0.194611 0.025478 0.047904
0 0.028662 0.555389 0.031847 0.032934
0 0.182325 0.718563 0.049363 0.047904
0 0.605892 0.973054 0.046178 0.053892
0 0.032643 0.750000 0.011146 0.008982
0 0.184713 0.670659 0.060510 0.041916
0 0.929936 0.131737 0.019108 0.089820
0 0.778662 0.134731 0.009554 0.023952
0 0.569268 0.109281 0.036624 0.068862
0 0.022293 0.387725 0.006369 0.014970
0 0.355892 0.317365 0.017516 0.035928
0 0.534236 0.360778 0.049363 0.050898
0 0.576433 0.684132 0.022293 0.044910
0 0.271497 0.943114 0.023885 0.041916
0 0.289013 0.711078 0.014331 0.068862
0 0.371019 0.624251 0.012739 0.020958
0 0.452229 0.946108 0.015924 0.023952
0 0.214968 0.845808 0.035032 0.074850
0 0.196656 0.031437 0.020701 0.062874
0 0.164809 0.116766 0.033439 0.035928
0 0.635350 0.315868 0.044586 0.056886
0 0.443471 0.770958 0.014331 0.062874
