0 0.668293 0.463415 0.029268 0.078049
0 0.070732 0.985366 0.014634 0.029268
0 0.112195 0.148780 0.126829 0.092683
0 0.392683 0.048780 0.063415 0.058537
0 0.041463 0.763415 0.034146 0.053659
0 0.675610 0.075610 0.024390 0.024390
0 0.882927 0.880488 0.126829 0.092683
0 0.234146 0.963415 0.009756 0.014634
0 0.914634 0.209756 0.034146 0.019512
0 0.153659 0.758537 0.034146 0.043902
0 0.368293 0.197561 0.024390 0.053659
0 0.612195 0.487805 0.063415 0.058537
0 0.836585 0.131707 0.112195 0.107317
0 0.182927 0.973171 0.004878 0.024390
0 0.817073 0.558537 0.024390 0.053659
0 0.336585 0.051220 0.009756 0.024390
0 0.417073 0.485366 0.092683 0.092683
0 0.770732 0.907317 0.087805 0.126829
0 0.641463 0.178049 0.063415 0.043902
0 0.931707 0.436585 0.068293 0.112195
0 0.029268 0.551220 0.039024 0.009756
0 0.234146 0.256098 0.029268 0.024390
0 0.612195 0.943902 0.053659 0.073171
0 0.982927 0.192683 0.024390 0.024390
0 0.543902 0.804878 0.043902 0.068293
0 0.880488 0.817073 0.004878 0.014634
0 0.741463 0.119512 0.039024 0.073171
0 0.673171 0.246341 0.039024 0.073171
0 0.175610 0.217073 0.068293 0.112195
0 0.973171 0.829268 0.004878 0.009756
0 0.753659 0.056098 0.024390 0.043902
0 0.634146 0.612195 0.009756 0.024390
