0 0.200532 0.896332 0.015957 0.038278
0 0.513298 0.283892 0.035106 0.025518
0 0.037234 0.413078 0.008511 0.019139
0 0.695213 0.068581 0.009574 0.009569
0 0.632979 0.716108 0.017021 0.031898
0 0.260106 0.270335 0.007447 0.004785
0 0.327128 0.362839 0.013830 0.033493
0 0.855851 0.301435 0.007447 0.009569
0 0.635106 0.318182 0.010638 0.020734
0 0.775532 0.638756 0.004255 0.004785
0 0.167553 0.192185 0.015957 0.014354
0 0.248404 0.738437 0.015957 0.022329
0 0.175000 0.082935 0.005319 0.019139
0 0.092021 0.953748 0.005319 0.003190
0 0.410106 0.346093 0.024468 0.035088
0 0.630851 0.040670 0.002128 0.007974
0 0.386702 0.817384 0.009574 0.030303
0 0.670745 0.068581 0.013830 0.022329
0 0.245745 0.352472 0.004255 0.015949
0 0.109574 0.671451 0.004255 0.006380
0 0.322340 0.174641 0.008511 0.004785
0 0.633511 0.937002 0.009574 0.011164
0 0.888298 0.777512 0.002128 0.007974
0 0.933511 0.284689 0.003191 0.004785
