0 0.732500 0.764250 0.011000 0.007500
0 0.358167 0.142250 0.004333 0.005500
0 0.052333 0.810500 0.006000 0.012000
0 0.922333 0.794250 0.005333 0.009500
0 0.047667 0.112250 0.005333 0.010500
0 0.886833 0.431500 0.001000 0.006000
0 0.131500 0.323000 0.001000 0.003000
0 0.520000 0.686750 0.004667 0.013500
0 0.946167 0.702750 0.008333 0.007500
0 0.845667 0.060250 0.010000 0.008500
0 0.560000 0.236750 0.006000 0.006500
0 0.812333 0.458000 0.008000 0.011000
0 0.762167 0.488500 0.001000 0.003000
0 0.330833 0.127000 0.003667 0.012000
0 0.236500 0.417500 0.003000 0.004000
0 0.189500 0.369750 0.008333 0.010500
0 0.405833 0.670000 0.007667 0.011000
0 0.262000 0.707750 0.002000 0.007500
0 0.243500 0.555250 0.008333 0.006500
0 0.491833 0.347750 0.003667 0.007500
0 0.947167 0.594000 0.007000 0.006000
0 0.159667 0.500750 0.001333 0.002500
0 0.577000 0.075750 0.003333 0.015500
0 0.655500 0.599000 0.013000 0.007000
0 0.543667 0.957750 0.011333 0.007500
0 0.781167 0.470500 0.008333 0.011000
0 0.386833 0.862000 0.001000 0.003000
0 0.343167 0.177750 0.001667 0.002500
0 0.344333 0.700250 0.002000 0.006500
0 0.864500 0.873000 0.005000 0.008000
0 0.076833 0.629500 0.009000 0.010000
0 0.856500 0.499500 0.002333 0.008000
0 0.910167 0.369500 0.006333 0.013000
0 0.702000 0.709250 0.008667 0.009500
0 0.299167 0.622500 0.003000 0.008000
0 0.565333 0.517250 0.008667 0.010500
0 0.607000 0.737500 0.007333 0.012000
0 0.065833 0.055250 0.006333 0.005500
0 0.485000 0.829250 0.004667 0.005500
0 0.521833 0.762500 0.001000 0.003000
0 0.196333 0.186250 0.005333 0.007500
0 0.539333 0.659250 0.004000 0.007500
