0 0.464953 0.621035 0.018692 0.023372
0 0.779206 0.071786 0.028037 0.036728
0 0.003505 0.823038 0.007009 0.013356
0 0.340537 0.830551 0.010514 0.005008
0 0.295561 0.794658 0.018692 0.040067
0 0.492991 0.233723 0.018692 0.030050
0 0.706776 0.018364 0.007009 0.013356
0 0.949766 0.210351 0.018692 0.016694
0 0.700935 0.205342 0.025701 0.026711
0 0.654206 0.505843 0.028037 0.036728
0 0.110397 0.053422 0.029206 0.036728
0 0.285047 0.577629 0.004673 0.010017
0 0.789136 0.757095 0.022196 0.015025
0 0.706776 0.627713 0.035047 0.030050
0 0.167640 0.883973 0.010514 0.018364
0 0.615654 0.520868 0.014019 0.010017
0 0.969042 0.100167 0.026869 0.016694
0 0.212617 0.688648 0.025701 0.025042
0 0.272196 0.655259 0.025701 0.041736
0 0.036215 0.057596 0.007009 0.005008
0 0.641939 0.653589 0.005841 0.008347
0 0.386682 0.145242 0.011682 0.013356
0 0.661215 0.635225 0.028037 0.015025
0 0.039720 0.817195 0.007009 0.015025
0 0.346963 0.393155 0.009346 0.015025
0 0.351051 0.978297 0.031542 0.033389
0 0.528037 0.263773 0.007009 0.016694
0 0.149533 0.677796 0.007009 0.026711
0 0.074766 0.733723 0.018692 0.021703
0 0.595794 0.357262 0.004673 0.023372
0 0.854556 0.458264 0.008178 0.005008
0 0.655374 0.735392 0.030374 0.035058
0 0.841706 0.469950 0.015187 0.028381
0 0.280374 0.112688 0.035047 0.028381
0 0.441589 0.207012 0.025701 0.030050
0 0.762266 0.185309 0.008178 0.010017
0 0.493575 0.355593 0.003505 0.010017
