0 0.769231 0.950407 0.026991 0.043902
0 0.458839 0.313008 0.032389 0.034146
0 0.521592 0.939024 0.004049 0.011382
0 0.838731 0.045528 0.031039 0.035772
0 0.810391 0.577236 0.006748 0.013008
0 0.087719 0.218699 0.032389 0.034146
0 0.989879 0.876423 0.017544 0.032520
0 0.670715 0.912195 0.005398 0.022764
0 0.486505 0.904878 0.033738 0.034146
0 0.537787 0.278862 0.014845 0.043902
0 0.689609 0.265854 0.024291 0.047154
0 0.641026 0.159350 0.029690 0.022764
0 0.988529 0.126016 0.006748 0.008130
0 0.927126 0.056911 0.008097 0.006504
0 0.391363 0.350407 0.035088 0.034146
0 0.188934 0.603252 0.013495 0.013008
0 0.574224 0.919512 0.039136 0.027642
0 0.741565 0.603252 0.017544 0.029268
0 0.771255 0.083740 0.031039 0.034146
0 0.655196 0.082114 0.009447 0.027642
0 0.980432 0.851220 0.012146 0.014634
0 0.499325 0.391057 0.024291 0.024390
0 0.696356 0.779675 0.035088 0.027642
0 0.539811 0.431707 0.018893 0.040650
0 0.495951 0.367480 0.025641 0.019512
0 0.145074 0.139024 0.022942 0.050407
