0 0.405469 0.940278 0.007812 0.008333
0 0.725781 0.647917 0.010937 0.023611
0 0.926562 0.868056 0.003125 0.005556
0 0.432812 0.126389 0.020313 0.027778
0 0.761328 0.409028 0.024219 0.023611
0 0.118750 0.797917 0.003125 0.004167
0 0.867969 0.274306 0.006250 0.015278
0 0.557422 0.148611 0.002344 0.008333
0 0.574219 0.705556 0.028125 0.019444
0 0.336328 0.317361 0.003906 0.020833
0 0.508203 0.112500 0.003906 0.002778
0 0.350781 0.929861 0.007812 0.012500
0 0.086328 0.610417 0.008594 0.012500
0 0.576562 0.151389 0.012500 0.033333
0 0.473438 0.781944 0.001563 0.008333
0 0.426172 0.100000 0.003906 0.022222
0 0.720703 0.836111 0.002344 0.005556
0 0.325781 0.672917 0.010937 0.018056
0 0.106250 0.021528 0.001563 0.006944
0 0.839063 0.523611 0.006250 0.016667
0 0.621875 0.255556 0.003125 0.008333
0 0.182031 0.882639 0.006250 0.012500
