0 0.823724 0.429142 0.005302 0.002661
0 0.348575 0.607452 0.005302 0.002661
0 0.923791 0.068862 0.006627 0.004657
0 0.537442 0.496008 0.007952 0.004657
0 0.942677 0.936128 0.019218 0.011976
0 0.028827 0.540585 0.003313 0.008649
0 0.498675 0.061211 0.017893 0.013307
0 0.078529 0.504325 0.001988 0.003992
0 0.298873 0.069860 0.010603 0.021291
0 0.485421 0.522289 0.001988 0.003992
0 0.127237 0.409514 0.003976 0.004657
0 0.075547 0.448769 0.019881 0.007319
0 0.387011 0.330672 0.013254 0.009315
0 0.301193 0.396873 0.016567 0.013972
0 0.715706 0.163007 0.007952 0.009315
0 0.214380 0.749168 0.001988 0.003992
0 0.899271 0.683300 0.006627 0.009315
0 0.540093 0.615103 0.021206 0.011311
0 0.006958 0.673985 0.009940 0.005323
0 0.776342 0.157352 0.015242 0.013972
0 0.591120 0.349967 0.017230 0.006653
0 0.561630 0.374917 0.007290 0.009980
0 0.246852 0.447771 0.008615 0.006653
0 0.579854 0.261144 0.009278 0.009980
0 0.337972 0.992349 0.005302 0.003327
0 0.325712 0.324684 0.007290 0.007984
0 0.673956 0.048570 0.003976 0.011976
0 0.373757 0.009647 0.002651 0.003327
0 0.033797 0.041583 0.009278 0.008649
0 0.955931 0.685961 0.004639 0.010645
0 0.980451 0.259148 0.013917 0.011311
0 0.811465 0.106454 0.007290 0.017299
0 0.067263 0.575183 0.015242 0.015303
0 0.522863 0.018962 0.002651 0.003327
0 0.961895 0.745176 0.003313 0.003992
0 0.352883 0.749501 0.012591 0.017964
0 0.764082 0.580506 0.009278 0.003327
0 0.038767 0.018297 0.008615 0.013972
0 0.142810 0.295409 0.012591 0.009315
