0 0.547581 0.833333 0.020968 0.066667
0 0.595968 0.471212 0.043548 0.057576
0 0.915323 0.524242 0.030645 0.084848
0 0.633871 0.506061 0.022581 0.096970
0 0.865323 0.242424 0.004839 0.018182
0 0.410484 0.165152 0.024194 0.051515
0 0.530645 0.821212 0.009677 0.030303
0 0.637903 0.948485 0.017742 0.024242
0 0.503226 0.850000 0.016129 0.063636
0 0.630645 0.442424 0.016129 0.024242
0 0.370161 0.093939 0.004839 0.018182
0 0.065323 0.972727 0.004839 0.018182
0 0.365323 0.793939 0.004839 0.018182
0 0.212097 0.206061 0.053226 0.048485
0 0.605645 0.863636 0.004839 0.018182
0 0.577419 0.571212 0.029032 0.087879
0 0.112903 0.956061 0.009677 0.009091
0 0.592742 0.393939 0.014516 0.060606
0 0.929032 0.822727 0.016129 0.051515
0 0.235484 0.881818 0.019355 0.024242
0 0.871774 0.703030 0.004839 0.018182
0 0.600000 0.666667 0.048387 0.054545
0 0.322581 0.556061 0.048387 0.051515
0 0.868548 0.022727 0.008065 0.027273
0 0.204839 0.477273 0.006452 0.015152
0 0.208065 0.116667 0.009677 0.033333
0 0.914516 0.857576 0.006452 0.030303
0 0.616935 0.236364 0.017742 0.042424
0 0.429839 0.333333 0.004839 0.018182
0 0.233871 0.969697 0.035484 0.048485
0 0.559677 0.759091 0.009677 0.021212
0 0.434677 0.587879 0.040323 0.060606
0 0.553226 0.718182 0.032258 0.054545
