0 0.170703 0.018750 0.002344 0.006944
0 0.623437 0.090972 0.014063 0.031944
0 0.978125 0.187500 0.001563 0.002778
0 0.414062 0.772917 0.009375 0.012500
0 0.788281 0.877083 0.012500 0.031944
0 0.444141 0.131250 0.002344 0.004167
0 0.144531 0.152778 0.007812 0.027778
0 0.316406 0.070833 0.021875 0.025000
0 0.563672 0.613194 0.010156 0.009722
0 0.869922 0.135417 0.003906 0.015278
0 0.688672 0.730556 0.019531 0.027778
0 0.901953 0.531944 0.005469 0.005556
0 0.076953 0.649306 0.008594 0.026389
0 0.416797 0.337500 0.000781 0.005556
0 0.315625 0.051389 0.003125 0.011111
0 0.709375 0.488194 0.001563 0.004167
0 0.136719 0.172222 0.006250 0.013889
0 0.136328 0.447917 0.013281 0.031944
0 0.491406 0.800694 0.003125 0.006944
0 0.937891 0.815278 0.013281 0.030556
0 0.258203 0.343056 0.007031 0.019444
0 0.551172 0.648611 0.011719 0.016667
0 0.672266 0.861806 0.002344 0.009722
0 0.288672 0.955556 0.005469 0.030556
0 0.895703 0.214583 0.016406 0.034722
0 0.160938 0.788194 0.003125 0.012500
0 0.665625 0.585417 0.001563 0.006944
0 0.951172 0.068750 0.003906 0.012500
0 0.989844 0.919444 0.012500 0.025000
0 0.588281 0.615278 0.023438 0.019444
0 0.670312 0.627083 0.001563 0.004167
0 0.566406 0.970833 0.006250 0.008333
0 0.217187 0.323611 0.003125 0.0138889
0 0.0644531 0.4 0.00546875 0.0166667
0 0.707812 0.63125 0.009375 0.0319444
0 0.860156 0.534722 0.009375 0.0194444
0 0.219531 0.296528 0.003125 0.0125
0 0.224219 0.296528 0.003125 0.0125
0 0.034375 0.399306 0.0046875 0.0152778
0 0.936328 0.632639 0.00859375 0.0236111
