0 0.532143 0.153571 0.085714 0.035714
0 0.491071 0.292857 0.067857 0.078571
0 0.137500 0.662500 0.032143 0.039286
0 0.751786 0.407143 0.046429 0.042857
0 0.073214 0.371429 0.110714 0.042857
0 0.562500 0.510714 0.053571 0.028571
0 0.583929 0.460714 0.089286 0.064286
0 0.101786 0.928571 0.039286 0.100000
0 0.251786 0.067857 0.010714 0.028571
0 0.982143 0.419643 0.007143 0.017857
0 0.151786 0.546429 0.060714 0.057143
0 0.457143 0.167857 0.050000 0.014286
0 0.196429 0.594643 0.021429 0.032143
0 0.564286 0.216071 0.092857 0.067857
0 0.303571 0.221429 0.014286 0.021429
0 0.394643 0.485714 0.017857 0.050000
0 0.075000 0.176786 0.042857 0.075000
0 0.364286 0.751786 0.064286 0.067857
0 0.308929 0.307143 0.025000 0.042857
0 0.055357 0.642857 0.010714 0.014286
0 0.048214 0.958929 0.010714 0.017857
0 0.871429 0.366071 0.050000 0.053571
0 0.389286 0.242857 0.057143 0.021429
0 0.928571 0.839286 0.100000 0.050000
0 0.241071 0.410714 0.010714 0.014286
0 0.400000 0.348214 0.007143 0.017857
