0 0.735417 0.331250 0.104167 0.062500
0 0.047917 0.327083 0.012500 0.029167
0 0.747917 0.489583 0.012500 0.037500
0 0.379167 0.418750 0.033333 0.045833
0 0.652083 0.687500 0.137500 0.066667
0 0.193750 0.237500 0.112500 0.083333
0 0.666667 0.529167 0.041667 0.016667
0 0.706250 0.518750 0.012500 0.054167
0 0.560417 0.852083 0.045833 0.054167
0 0.735417 0.641667 0.012500 0.025000
0 0.258333 0.070833 0.150000 0.058333
0 0.197917 0.495833 0.012500 0.025000
0 0.520833 0.706250 0.116667 0.062500
0 0.854167 0.047917 0.041667 0.045833
0 0.589583 0.518750 0.037500 0.054167
0 0.927083 0.312500 0.045833 0.033333
0 0.527083 0.789583 0.145833 0.062500
0 0.820833 0.547917 0.025000 0.062500
0 0.781250 0.918750 0.012500 0.029167
0 0.662500 0.445833 0.066667 0.133333
0 0.260417 0.025000 0.012500 0.025000
0 0.729167 0.164583 0.033333 0.029167
0 0.564583 0.087500 0.037500 0.041667
0 0.966667 0.479167 0.016667 0.033333
0 0.793750 0.654167 0.054167 0.058333
0 0.627083 0.270833 0.020833 0.025000
0 0.952083 0.418750 0.095833 0.070833
0 0.035417 0.437500 0.029167 0.041667
0 0.156250 0.120833 0.012500 0.025000
0 0.777083 0.447917 0.054167 0.112500
0 0.887500 0.756250 0.058333 0.037500
0 0.712500 0.268750 0.016667 0.037500
0 0.052083 0.545833 0.012500 0.025000
0 0.877083 0.181250 0.054167 0.079167
0 0.837500 0.306250 0.033333 0.037500
0 0.093750 0.458333 0.070833 0.083333
0 0.487500 0.868750 0.091667 0.062500
0 0.329167 0.687500 0.058333 0.066667
0 0.214583 0.943750 0.045833 0.070833
0 0.975000 0.314583 0.033333 0.104167
0 0.685417 0.372917 0.112500 0.079167
0 0.225000 0.864583 0.116667 0.079167
0 0.741667 0.100000 0.108333 0.083333
