0 0.770742 0.827160 0.069869 0.039506
0 0.791485 0.871605 0.063319 0.044444
0 0.694323 0.079012 0.039301 0.044444
0 0.492358 0.575309 0.032751 0.019753
0 0.597162 0.123457 0.041485 0.054321
0 0.280568 0.107407 0.058952 0.046914
0 0.340611 0.596296 0.004367 0.012346
0 0.706332 0.830864 0.015284 0.046914
0 0.155022 0.685185 0.048035 0.056790
0 0.143013 0.145679 0.006550 0.019753
0 0.668122 0.979012 0.004367 0.012346
0 0.985808 0.013580 0.010917 0.027160
0 0.512009 0.892593 0.037118 0.022222
0 0.769651 0.103704 0.037118 0.034568
0 0.370087 0.223457 0.024017 0.027160
0 0.691048 0.367901 0.028384 0.039506
0 0.589520 0.655556 0.061135 0.041975
0 0.299127 0.986420 0.008734 0.017284
0 0.438865 0.856790 0.030568 0.024691
0 0.021834 0.228395 0.026201 0.012346
0 0.116812 0.777778 0.006550 0.014815
0 0.888646 0.255556 0.021834 0.046914
0 0.837336 0.929630 0.050218 0.056790
0 0.927948 0.292593 0.034934 0.032099
0 0.489083 0.300000 0.017467 0.037037
0 0.894105 0.692593 0.006550 0.007407
0 0.022926 0.262963 0.006550 0.012346
0 0.855895 0.364198 0.004367 0.012346
