0 0.639062 0.634722 0.012500 0.041667
0 0.503906 0.738889 0.032813 0.033333
0 0.201563 0.823611 0.015625 0.047222
0 0.950000 0.706944 0.040625 0.052778
0 0.310156 0.625000 0.010937 0.022222
0 0.135937 0.022222 0.006250 0.016667
0 0.118750 0.765278 0.031250 0.058333
0 0.671094 0.597222 0.014063 0.050000
0 0.972656 0.225000 0.039062 0.055556
0 0.068750 0.501389 0.006250 0.013889
0 0.771094 0.618056 0.004687 0.019444
0 0.200000 0.748611 0.021875 0.036111
0 0.078125 0.563889 0.025000 0.033333
0 0.716406 0.938889 0.042188 0.055556
0 0.859375 0.837500 0.012500 0.008333
0 0.782031 0.650000 0.004687 0.022222
0 0.297656 0.248611 0.004687 0.019444
0 0.238281 0.958333 0.007812 0.011111
0 0.783594 0.308333 0.004687 0.016667
0 0.554688 0.915278 0.006250 0.030556
0 0.923438 0.679167 0.009375 0.008333
0 0.928125 0.304167 0.028125 0.058333
0 0.201563 0.708333 0.015625 0.033333
0 0.084375 0.218056 0.031250 0.063889
0 0.043750 0.475000 0.037500 0.055556
0 0.942969 0.494444 0.014063 0.061111
0 0.514844 0.431944 0.045312 0.047222
0 0.788281 0.686111 0.017188 0.011111
0 0.055469 0.972222 0.004687 0.016667
0 0.489063 0.225000 0.009375 0.022222
