0 0.819403 0.159701 0.014925 0.026866
0 0.511940 0.679104 0.008955 0.008955
0 0.265672 0.619403 0.023881 0.050746
0 0.950746 0.959701 0.014925 0.026866
0 0.926866 0.416418 0.014925 0.008955
0 0.885075 0.434328 0.056716 0.080597
0 0.910448 0.811940 0.077612 0.053731
0 0.802985 0.420896 0.077612 0.029851
0 0.453731 0.032836 0.017910 0.011940
0 0.052239 0.041791 0.008955 0.035821
0 0.538806 0.510448 0.026866 0.029851
0 0.411940 0.417910 0.011940 0.029851
0 0.838806 0.068657 0.005970 0.017910
0 0.267164 0.756716 0.086567 0.050746
0 0.895522 0.114925 0.011940 0.008955
0 0.897015 0.889552 0.056716 0.029851
0 0.926866 0.752239 0.032836 0.053731
0 0.426866 0.649254 0.047761 0.020896
0 0.613433 0.265672 0.044776 0.029851
0 0.607463 0.861194 0.008955 0.008955
0 0.377612 0.419403 0.008955 0.008955
0 0.831343 0.291045 0.038806 0.020896
0 0.008955 0.625373 0.011940 0.032836
0 0.273134 0.934328 0.044776 0.023881
0 0.320896 0.267164 0.032836 0.026866
