0 0.760920 0.685127 0.009195 0.034810
0 0.341379 0.780063 0.043678 0.079114
0 0.589655 0.865506 0.006897 0.009494
0 0.705747 0.563291 0.032184 0.044304
0 0.296552 0.753165 0.027586 0.037975
0 0.114943 0.681962 0.004598 0.015823
0 0.564368 0.542722 0.006897 0.022152
0 0.044828 0.889241 0.048276 0.044304
0 0.929885 0.821203 0.071264 0.028481
0 0.966667 0.893987 0.025287 0.022152
0 0.845977 0.224684 0.004598 0.018987
0 0.172414 0.050633 0.036782 0.025316
0 0.816092 0.835443 0.027586 0.044304
0 0.196552 0.327532 0.034483 0.053797
0 0.094253 0.789557 0.018391 0.009494
0 0.394253 0.042722 0.016092 0.015823
0 0.590805 0.257911 0.036782 0.028481
0 0.444828 0.664557 0.025287 0.069620
0 0.975862 0.382911 0.043678 0.044304
0 0.068966 0.401899 0.013793 0.044304
0 0.647126 0.860759 0.011494 0.012658
0 0.197701 0.620253 0.018391 0.031646
0 0.710345 0.908228 0.027586 0.012658
0 0.051724 0.783228 0.006897 0.015823
0 0.306897 0.408228 0.016092 0.031646
0 0.703448 0.762658 0.013793 0.037975
