0 0.782991 0.498148 0.005865 0.018519
0 0.152493 0.483333 0.005865 0.018519
0 0.815249 0.077778 0.046921 0.029630
0 0.246334 0.483333 0.029326 0.018519
0 0.043988 0.190741 0.087977 0.048148
0 0.190616 0.553704 0.064516 0.092593
0 0.958944 0.485185 0.058651 0.029630
0 0.227273 0.140741 0.043988 0.037037
0 0.359238 0.866667 0.032258 0.059259
0 0.781525 0.311111 0.026393 0.081481
0 0.675953 0.605556 0.049853 0.025926
0 0.766862 0.066667 0.043988 0.051852
0 0.941349 0.788889 0.041056 0.111111
0 0.596774 0.188889 0.014663 0.022222
0 0.497067 0.222222 0.073314 0.074074
0 0.266862 0.316667 0.011730 0.018519
0 0.848974 0.200000 0.073314 0.059259
0 0.523460 0.855556 0.067449 0.044444
0 0.655425 0.109259 0.008798 0.018519
0 0.709677 0.042593 0.005865 0.018519
0 0.149560 0.409259 0.011730 0.011111
0 0.860704 0.274074 0.079179 0.066667
0 0.221408 0.329630 0.038123 0.029630
0 0.102639 0.553704 0.005865 0.025926
0 0.736070 0.137037 0.011730 0.014815
0 0.266862 0.661111 0.005865 0.018519
0 0.897361 0.564815 0.005865 0.018519
0 0.137830 0.387037 0.058651 0.025926
