0 0.448387 0.848387 0.109677 0.135484
0 0.664516 0.361290 0.193548 0.116129
0 0.377419 0.061290 0.070968 0.058065
0 0.209677 0.416129 0.161290 0.135484
0 0.245161 0.216129 0.038710 0.083871
0 0.209677 0.274194 0.019355 0.045161
0 0.058065 0.800000 0.038710 0.090323
0 0.870968 0.454839 0.051613 0.058065
0 0.545161 0.061290 0.174194 0.122581
0 0.832258 0.035484 0.025806 0.032258
0 0.567742 0.219355 0.154839 0.141935
0 0.774194 0.035484 0.077419 0.058065
0 0.509677 0.106452 0.051613 0.070968
0 0.341935 0.712903 0.154839 0.096774
0 0.461290 0.045161 0.070968 0.090323
0 0.858065 0.945161 0.038710 0.058065
0 0.777419 0.483871 0.109677 0.206452
0 0.858065 0.835484 0.167742 0.122581
0 0.351613 0.116129 0.122581 0.180645
0 0.312903 0.632258 0.019355 0.051613
0 0.174194 0.264516 0.038710 0.077419
0 0.219355 0.832258 0.064516 0.051613
0 0.925806 0.664516 0.058065 0.038710
0 0.841935 0.158065 0.200000 0.109677
0 0.777419 0.696774 0.148387 0.141935
0 0.238710 0.093548 0.077419 0.161290
0 0.709677 0.061290 0.051613 0.122581
0 0.541935 0.922581 0.038710 0.038710
0 0.132258 0.058065 0.200000 0.103226
0 0.235484 0.529032 0.019355 0.038710
0 0.825806 0.306452 0.064516 0.122581
0 0.796774 0.596774 0.019355 0.045161
0 0.638710 0.725806 0.116129 0.187097
