0 0.880952 0.727619 0.036190 0.053333
0 0.708571 0.842857 0.019048 0.036190
0 0.753333 0.289524 0.047619 0.038095
0 0.602857 0.336190 0.020952 0.028571
0 0.458095 0.269524 0.032381 0.028571
0 0.066667 0.368571 0.007619 0.009524
0 0.643810 0.424762 0.038095 0.049524
0 0.983810 0.308571 0.009524 0.007619
0 0.362857 0.982857 0.005714 0.011429
0 0.412381 0.790476 0.020952 0.030476
0 0.131429 0.214286 0.053333 0.036190
0 0.621905 0.142857 0.005714 0.011429
0 0.036190 0.580000 0.007619 0.009524
0 0.434286 0.876190 0.011429 0.019048
0 0.014286 0.343810 0.024762 0.032381
0 0.424762 0.586667 0.053333 0.034286
0 0.247619 0.872381 0.034286 0.053333
0 0.711429 0.301905 0.032381 0.051429
0 0.114286 0.352381 0.011429 0.007619
0 0.343810 0.810476 0.013333 0.024762
0 0.284762 0.860952 0.005714 0.011429
0 0.884762 0.210476 0.013333 0.020952
0 0.713333 0.385714 0.036190 0.028571
0 0.818095 0.978095 0.009524 0.009524
0 0.745714 0.643810 0.009524 0.007619
0 0.298095 0.615238 0.024762 0.038095
0 0.504762 0.157143 0.053333 0.036190
0 0.758095 0.472381 0.034286 0.030476
0 0.461905 0.383810 0.009524 0.009524
0 0.671429 0.097143 0.024762 0.030476
0 0.157143 0.328571 0.047619 0.028571
0 0.036190 0.440952 0.003810 0.017143
0 0.640952 0.837143 0.009524 0.009524
0 0.880000 0.525714 0.026667 0.019048
0 0.848571 0.829524 0.005714 0.017143
0 0.046667 0.199048 0.005714 0.013333
0 0.323810 0.777143 0.022857 0.068571
0 0.955238 0.534286 0.013333 0.028571
0 0.556190 0.932381 0.038095 0.009524
0 0.290476 0.688571 0.013333 0.013333
0 0.654286 0.895238 0.005714 0.011429
0 0.66381 0.574286 0.00952381 0.0209524
0 0.154286 0.914286 0.0114286 0.0190476
0 0.600952 0.678095 0.00952381 0.0228571
0 0.522857 0.82381 0.00952381 0.0247619
0 0.514286 0.820952 0.0114286 0.0266667
0 0.660952 0.902857 0.0114286 0.0228571
0 0.489524 0.810476 0.0114286 0.0247619
0 0.390476 0.827619 0.0114286 0.0247619
0 0.370476 0.902857 0.00952381 0.0228571
0 0.493333 0.822857 0.0114286 0.0266667
0 0.446667 0.892381 0.00952381 0.0247619
0 0.604762 0.799048 0.00952381 0.0247619
0 0.5 0.844762 0.00952381 0.0247619
0 0.464762 0.857143 0.0114286 0.0228571
0 0.462857 0.869524 0.0114286 0.0247619
0 0.529524 0.817143 0.0114286 0.0304762
0 0.520952 0.839048 0.00952381 0.0247619
0 0.622857 0.794286 0.0114286 0.0266667
0 0.473333 0.846667 0.00952381 0.0247619
0 0.511429 0.84 0.00952381 0.0266667
0 0.546667 0.840952 0.0114286 0.0247619
0 0.559048 0.828571 0.0133333 0.0266667
0 0.690476 0.544762 0.00952381 0.0228571
0 0.399048 0.867619 0.00952381 0.0247619
0 0.475238 0.864762 0.00952381 0.0266667
0 0.458095 0.841905 0.0133333 0.0266667
0 0.81619 0.74381 0.00952381 0.0247619
0 0.484762 0.868571 0.00952381 0.0266667
0 0.824762 0.745714 0.0114286 0.0247619
0 0.541905 0.839048 0.00952381 0.0247619
0 0.391429 0.904762 0.0133333 0.0266667
