0 0.474615 0.302254 0.007692 0.006148
0 0.766923 0.665984 0.004615 0.008197
0 0.866154 0.165984 0.006154 0.012295
0 0.323077 0.826844 0.024615 0.030738
0 0.341538 0.697746 0.046154 0.026639
0 0.543846 0.880123 0.010769 0.026639
0 0.387692 0.982582 0.058462 0.018443
0 0.696154 0.710041 0.007692 0.014344
0 0.422308 0.336066 0.023077 0.020492
0 0.040769 0.272541 0.016923 0.045082
0 0.152308 0.226434 0.009231 0.018443
0 0.819231 0.703893 0.013846 0.018443
0 0.253077 0.804303 0.004615 0.006148
0 0.993077 0.781762 0.004615 0.010246
0 0.536154 0.133197 0.016923 0.012295
0 0.416923 0.463115 0.009231 0.004098
0 0.806154 0.704918 0.009231 0.028689
0 0.961538 0.501025 0.009231 0.030738
0 0.066923 0.455943 0.050769 0.026639
0 0.356923 0.668033 0.015385 0.028689
0 0.283846 0.245902 0.038462 0.045082
0 0.296923 0.490779 0.009231 0.022541
0 0.702308 0.528689 0.044615 0.036885
