0 0.918750 0.096250 0.017500 0.027500
0 0.378750 0.326250 0.012500 0.017500
0 0.771250 0.645000 0.007500 0.015000
0 0.871250 0.523750 0.017500 0.017500
0 0.437500 0.210000 0.090000 0.035000
0 0.911250 0.667500 0.042500 0.030000
0 0.663750 0.402500 0.072500 0.045000
0 0.857500 0.611250 0.035000 0.012500
0 0.317500 0.145000 0.040000 0.040000
0 0.688750 0.500000 0.012500 0.030000
0 0.788750 0.881250 0.047500 0.032500
0 0.488750 0.131250 0.122500 0.027500
0 0.343750 0.098750 0.037500 0.037500
0 0.263750 0.236250 0.012500 0.022500
0 0.192500 0.742500 0.015000 0.025000
0 0.036250 0.970000 0.052500 0.050000
0 0.662500 0.613750 0.085000 0.037500
0 0.900000 0.572500 0.010000 0.020000
0 0.372500 0.730000 0.050000 0.065000
0 0.772500 0.081250 0.035000 0.037500
0 0.260000 0.448750 0.055000 0.037500
0 0.257500 0.416250 0.005000 0.022500
0 0.181250 0.411250 0.012500 0.032500
0 0.880000 0.626250 0.005000 0.022500
0 0.280000 0.550000 0.075000 0.045000
0 0.562500 0.351250 0.070000 0.047500
0 0.818750 0.813750 0.077500 0.042500
