0 0.139124 0.215339 0.024011 0.023599
0 0.129944 0.103245 0.031073 0.020649
0 0.395480 0.221976 0.042373 0.025074
0 0.920198 0.443215 0.032486 0.019174
0 0.119350 0.488938 0.043785 0.022124
0 0.488701 0.030236 0.002825 0.007375
0 0.355932 0.975664 0.011299 0.010324
0 0.930085 0.550885 0.021186 0.007375
0 0.293785 0.582596 0.022599 0.005900
0 0.192090 0.355457 0.022599 0.020649
0 0.487288 0.399705 0.005650 0.005900
0 0.628531 0.180678 0.048023 0.022124
0 0.189972 0.262537 0.001412 0.005900
0 0.447034 0.685841 0.012712 0.008850
0 0.649011 0.609145 0.038136 0.026549
0 0.333333 0.430678 0.019774 0.011799
0 0.957627 0.835546 0.028249 0.022124
0 0.952684 0.022124 0.001412 0.002950
0 0.486582 0.250737 0.012712 0.026549
0 0.747175 0.806785 0.019774 0.032448
0 0.342514 0.358407 0.012712 0.008850
0 0.247881 0.222714 0.004237 0.014749
0 0.995056 0.873156 0.007062 0.008850
0 0.598164 0.779499 0.029661 0.033923
0 0.613701 0.609145 0.026836 0.035398
0 0.737288 0.924041 0.019774 0.051622
0 0.545198 0.029499 0.002825 0.005900
0 0.819209 0.127581 0.028249 0.028024
0 0.957627 0.513274 0.008475 0.017699
0 0.619350 0.542035 0.021186 0.042773
0 0.166667 0.020649 0.014124 0.011799
0 0.421610 0.160029 0.001412 0.004425
