0 0.343284 0.832432 0.014925 0.064865
0 0.824627 0.137838 0.022388 0.027027
0 0.583955 0.927027 0.018657 0.027027
0 0.117537 0.605405 0.063433 0.043243
0 0.634328 0.445946 0.067164 0.048649
0 0.227612 0.813514 0.044776 0.081081
0 0.610075 0.340541 0.070896 0.140541
0 0.554104 0.156757 0.078358 0.129730
0 0.315299 0.391892 0.115672 0.081081
0 0.393657 0.621622 0.063433 0.108108
0 0.567164 0.459459 0.059701 0.064865
0 0.460821 0.302703 0.018657 0.021622
0 0.766791 0.235135 0.011194 0.037838
0 0.867537 0.472973 0.018657 0.027027
0 0.776119 0.648649 0.089552 0.075676
0 0.658582 0.135135 0.123134 0.086486
0 0.708955 0.459459 0.044776 0.086486
0 0.180970 0.737838 0.041045 0.113514
0 0.511194 0.027027 0.022388 0.021622
0 0.716418 0.602703 0.022388 0.016216
0 0.912313 0.248649 0.026119 0.118919
0 0.121269 0.724324 0.070896 0.140541
0 0.897388 0.767568 0.018657 0.032432
0 0.975746 0.402703 0.033582 0.048649
0 0.529851 0.272973 0.111940 0.091892
0 0.994403 0.589189 0.011194 0.032432
0 0.317164 0.870270 0.029851 0.129730
0 0.087687 0.427027 0.063433 0.172973
0 0.460821 0.918919 0.100746 0.108108
0 0.375000 0.500000 0.078358 0.124324
0 0.024254 0.386486 0.011194 0.048649
0 0.798507 0.164865 0.022388 0.059459
0 0.201493 0.662162 0.037313 0.027027
0 0.442164 0.156757 0.018657 0.021622
0 0.768657 0.070270 0.059701 0.086486
0 0.257463 0.256757 0.059701 0.070270
0 0.184701 0.262162 0.078358 0.091892
0 0.386194 0.143243 0.085821 0.124324
0 0.848881 0.248649 0.011194 0.032432
0 0.483209 0.040541 0.026119 0.081081
0 0.154851 0.600000 0.048507 0.129730
0 0.923507 0.424324 0.00373134 0.027027
0 0.376866 0.502703 0.00746269 0.0324324
