0 0.847973 0.561753 0.054054 0.031873
0 0.082770 0.290837 0.084459 0.063745
0 0.498311 0.737052 0.016892 0.015936
0 0.478041 0.982072 0.016892 0.027888
0 0.714527 0.669323 0.037162 0.111554
0 0.326014 0.874502 0.077703 0.083665
0 0.582770 0.386454 0.057432 0.031873
0 0.140203 0.669323 0.016892 0.039841
0 0.640203 0.731076 0.030405 0.059761
0 0.353041 0.360558 0.118243 0.059761
0 0.753378 0.966135 0.067568 0.035857
0 0.305743 0.067729 0.010135 0.023904
0 0.212838 0.133466 0.013514 0.019920
0 0.096284 0.743028 0.023649 0.035857
0 0.324324 0.288845 0.087838 0.067729
0 0.287162 0.814741 0.013514 0.019920
0 0.197635 0.501992 0.084459 0.079681
0 0.694257 0.320717 0.050676 0.027888
0 0.631757 0.627490 0.040541 0.099602
0 0.520270 0.065737 0.040541 0.075697
0 0.896959 0.071713 0.037162 0.039841
0 0.074324 0.613546 0.101351 0.071713
0 0.023649 0.177291 0.047297 0.131474
0 0.684122 0.400398 0.043919 0.067729
0 0.494932 0.621514 0.118243 0.055777
0 0.711149 0.517928 0.064189 0.079681
0 0.423986 0.721116 0.091216 0.055777
0 0.048986 0.715139 0.064189 0.075697
0 0.055743 0.274900 0.084459 0.079681
0 0.040541 0.545817 0.027027 0.055777
0 0.116554 0.701195 0.023649 0.039841
0 0.489865 0.035857 0.013514 0.047809
0 0.853041 0.181275 0.097973 0.067729
0 0.594595 0.643426 0.027027 0.019920
0 0.407095 0.217131 0.016892 0.051793
0 0.018581 0.553785 0.010135 0.023904
0 0.809122 0.496016 0.043919 0.091633
0 0.876689 0.023904 0.023649 0.031873
0 0.636824 0.950199 0.016892 0.051793
0 0.783784 0.209163 0.033784 0.067729
0 0.013514 0.476096 0.027027 0.067729
