0 0.983725 0.410127 0.032550 0.035443
0 0.912297 0.096203 0.052441 0.045570
0 0.635624 0.535443 0.034358 0.053165
0 0.793852 0.743038 0.021700 0.027848
0 0.903255 0.944304 0.005425 0.020253
0 0.415913 0.545570 0.007233 0.012658
0 0.873418 0.337975 0.018083 0.027848
0 0.939421 0.426582 0.048825 0.048101
0 0.862568 0.686076 0.021700 0.030380
0 0.692586 0.151899 0.057866 0.040506
0 0.183544 0.589873 0.045208 0.050633
0 0.682640 0.703797 0.005425 0.015190
0 0.020796 0.869620 0.005425 0.017722
0 0.245027 0.678481 0.037975 0.065823
0 0.579566 0.632911 0.034358 0.055696
0 0.134720 0.649367 0.027125 0.083544
0 0.905967 0.394937 0.014467 0.015190
0 0.521700 0.954430 0.019892 0.060759
0 0.307414 0.722785 0.028933 0.083544
0 0.771248 0.131646 0.005425 0.015190
0 0.500904 0.826582 0.054250 0.043038
0 0.748644 0.229114 0.007233 0.017722
0 0.729656 0.383544 0.009042 0.027848
0 0.169078 0.397468 0.034358 0.040506
0 0.904159 0.378481 0.007233 0.012658
0 0.331826 0.420253 0.005425 0.015190
0 0.888788 0.397468 0.016275 0.020253
