0 0.070000 0.399590 0.007692 0.024590
0 0.103077 0.923156 0.003077 0.010246
0 0.515385 0.526639 0.003077 0.012295
0 0.276154 0.367828 0.032308 0.047131
0 0.604615 0.767418 0.003077 0.010246
0 0.697692 0.632172 0.029231 0.022541
0 0.861538 0.191598 0.052308 0.014344
0 0.532308 0.400615 0.024615 0.026639
0 0.971538 0.334016 0.026154 0.016393
0 0.686923 0.277664 0.023077 0.051230
0 0.473846 0.798156 0.012308 0.034836
0 0.296923 0.300205 0.003077 0.010246
0 0.054615 0.175205 0.029231 0.047131
0 0.874615 0.072746 0.029231 0.038934
0 0.143846 0.877049 0.016923 0.012295
0 0.532308 0.232582 0.003077 0.010246
0 0.911538 0.356557 0.013846 0.016393
0 0.525385 0.235656 0.004615 0.008197
0 0.420769 0.481557 0.010769 0.024590
0 0.520000 0.286885 0.024615 0.028689
0 0.361538 0.455943 0.027692 0.030738
0 0.774615 0.717213 0.029231 0.028689
0 0.994615 0.174180 0.007692 0.032787
0 0.588462 0.587090 0.007692 0.022541
0 0.148462 0.925205 0.020000 0.014344
0 0.081538 0.663934 0.006154 0.008197
0 0.270000 0.317623 0.038462 0.040984
0 0.935385 0.707992 0.009231 0.018443
0 0.811538 0.891393 0.016923 0.016393
0 0.124615 0.521516 0.003077 0.010246
0 0.866923 0.938525 0.004615 0.008197
0 0.852308 0.178279 0.006154 0.008197
0 0.040000 0.345287 0.003077 0.010246
0 0.636154 0.518443 0.029231 0.045082
