0 0.833594 0.177083 0.010937 0.031944
0 0.973437 0.538194 0.001563 0.006944
0 0.983203 0.723611 0.005469 0.016667
0 0.603516 0.879167 0.013281 0.033333
0 0.228125 0.588194 0.009375 0.009722
0 0.374609 0.863889 0.005469 0.005556
0 0.703516 0.215278 0.025781 0.022222
0 0.115625 0.110417 0.018750 0.023611
0 0.574609 0.511806 0.024219 0.023611
0 0.370703 0.043056 0.011719 0.016667
0 0.335938 0.565278 0.014063 0.008333
0 0.651172 0.833333 0.022656 0.025000
0 0.862891 0.658333 0.019531 0.030556
0 0.617578 0.225000 0.016406 0.036111
0 0.819141 0.115278 0.005469 0.022222
0 0.771094 0.824306 0.003125 0.004167
0 0.090234 0.241667 0.008594 0.030556
0 0.454297 0.654861 0.017969 0.031944
0 0.394531 0.961111 0.012500 0.022222
0 0.312500 0.446528 0.006250 0.018056
0 0.585547 0.032639 0.005469 0.023611
0 0.266406 0.938889 0.006250 0.008333
0 0.542188 0.881944 0.015625 0.016667
0 0.278125 0.895833 0.003125 0.011111
0 0.289844 0.377083 0.012500 0.015278
0 0.630859 0.677083 0.007031 0.015278
0 0.515234 0.681250 0.002344 0.004167
0 0.635547 0.152083 0.010156 0.015278
