0 0.138333 0.417657 0.056667 0.023769
0 0.300833 0.305603 0.028333 0.023769
0 0.565000 0.369270 0.010000 0.008489
0 0.254167 0.101019 0.005000 0.011885
0 0.190833 0.364177 0.031667 0.045840
0 0.775000 0.475382 0.040000 0.037351
0 0.570000 0.769100 0.043333 0.020374
0 0.518333 0.504244 0.006667 0.010187
0 0.367500 0.151104 0.025000 0.040747
0 0.812500 0.713073 0.048333 0.016978
0 0.171667 0.703735 0.036667 0.035654
0 0.163333 0.049236 0.013333 0.033956
0 0.120833 0.161290 0.005000 0.010187
0 0.354167 0.727504 0.008333 0.008489
0 0.757500 0.613752 0.025000 0.022071
0 0.237500 0.365874 0.038333 0.018676
0 0.138333 0.389643 0.050000 0.028862
0 0.236667 0.169779 0.023333 0.013582
0 0.672500 0.579796 0.041667 0.035654
0 0.145833 0.107810 0.058333 0.015280
0 0.460000 0.692699 0.026667 0.027165
0 0.568333 0.793718 0.003333 0.015280
0 0.130000 0.673175 0.043333 0.032258
0 0.011667 0.846350 0.023333 0.035654
0 0.933333 0.670628 0.006667 0.016978
0 0.160000 0.466893 0.006667 0.010187
0 0.087500 0.722411 0.011667 0.008489
0 0.356667 0.714771 0.013333 0.013582
0 0.330000 0.258913 0.026667 0.022071
0 0.936667 0.241935 0.033333 0.045840
0 0.700833 0.262309 0.008333 0.022071
0 0.633333 0.805603 0.020000 0.032258
0 0.165000 0.352292 0.016667 0.035654
0 0.436667 0.769949 0.010000 0.005093
