0 0.725000 0.225000 0.068750 0.050000
0 0.154688 0.535417 0.090625 0.070833
0 0.698438 0.172917 0.028125 0.045833
0 0.323437 0.029167 0.084375 0.058333
0 0.192188 0.864583 0.103125 0.062500
0 0.720313 0.772917 0.059375 0.037500
0 0.612500 0.618750 0.087500 0.070833
0 0.825000 0.452083 0.043750 0.037500
0 0.625000 0.535417 0.081250 0.079167
0 0.681250 0.245833 0.006250 0.008333
0 0.571875 0.554167 0.018750 0.050000
0 0.112500 0.127083 0.075000 0.062500
0 0.329688 0.093750 0.015625 0.029167
0 0.764062 0.937500 0.021875 0.066667
0 0.067187 0.068750 0.071875 0.045833
0 0.598437 0.845833 0.003125 0.008333
0 0.712500 0.950000 0.006250 0.016667
0 0.643750 0.460417 0.018750 0.062500
0 0.042188 0.668750 0.046875 0.037500
0 0.385937 0.835417 0.096875 0.029167
0 0.207813 0.370833 0.028125 0.041667
0 0.342187 0.283333 0.053125 0.058333
0 0.909375 0.616667 0.043750 0.033333
0 0.887500 0.237500 0.062500 0.041667
0 0.903125 0.689583 0.106250 0.045833
