0 0.809984 0.329327 0.041868 0.030449
0 0.299517 0.182692 0.019324 0.028846
0 0.213366 0.520833 0.014493 0.009615
0 0.069243 0.104968 0.006441 0.008013
0 0.738325 0.802885 0.004831 0.012821
0 0.224638 0.850160 0.020934 0.033654
0 0.341385 0.501603 0.009662 0.025641
0 0.357488 0.525641 0.019324 0.028846
0 0.618357 0.391026 0.022544 0.009615
0 0.963768 0.916667 0.008052 0.012821
0 0.596618 0.759615 0.020934 0.054487
0 0.105475 0.503205 0.020934 0.025641
0 0.219807 0.273237 0.049919 0.027244
0 0.931562 0.560096 0.053140 0.024038
0 0.781804 0.667468 0.020934 0.027244
0 0.459742 0.076122 0.008052 0.014423
0 0.418680 0.229968 0.025765 0.052885
0 0.696457 0.395833 0.004831 0.009615
0 0.135266 0.025641 0.035427 0.032051
0 0.403382 0.408654 0.056361 0.022436
0 0.552335 0.101763 0.012882 0.024038
0 0.175523 0.657051 0.006441 0.009615
0 0.929952 0.065705 0.004831 0.009615
0 0.338969 0.176282 0.011272 0.032051
0 0.522544 0.165865 0.011272 0.020833
0 0.355072 0.395032 0.033816 0.036859
0 0.033011 0.048878 0.027375 0.033654
