0 0.577093 0.790385 0.032305 0.034615
0 0.487518 0.274038 0.005874 0.009615
0 0.965492 0.657692 0.007342 0.015385
0 0.439060 0.161538 0.011747 0.038462
0 0.994860 0.582692 0.010279 0.026923
0 0.650514 0.560577 0.023495 0.055769
0 0.378855 0.814423 0.014684 0.013462
0 0.033040 0.280769 0.007342 0.007692
0 0.803231 0.505769 0.005874 0.019231
0 0.498532 0.465385 0.030837 0.050000
0 0.784875 0.877885 0.007342 0.017308
0 0.348018 0.027885 0.011747 0.017308
0 0.944934 0.625962 0.010279 0.025000
0 0.733480 0.887500 0.045521 0.032692
0 0.932452 0.766346 0.020558 0.009615
0 0.238620 0.740385 0.007342 0.026923
0 0.270925 0.682692 0.027900 0.019231
0 0.548458 0.071154 0.048458 0.030769
0 0.291483 0.470192 0.027900 0.032692
0 0.322320 0.723077 0.039648 0.034615
0 0.218062 0.136538 0.007342 0.007692
0 0.943465 0.135577 0.045521 0.032692
0 0.424376 0.030769 0.049927 0.030769
0 0.033774 0.117308 0.008811 0.007692
0 0.653451 0.785577 0.005874 0.009615
0 0.399413 0.020192 0.029369 0.040385
0 0.546990 0.974038 0.016153 0.028846
0 0.335536 0.106731 0.007342 0.013462
