0 0.754739 0.669431 0.030806 0.054502
0 0.694313 0.520142 0.047393 0.049763
0 0.426540 0.214455 0.009479 0.011848
0 0.836493 0.703791 0.052133 0.056872
0 0.728673 0.915877 0.011848 0.011848
0 0.503555 0.289100 0.054502 0.042654
0 0.505924 0.132701 0.007109 0.014218
0 0.478673 0.071090 0.066351 0.028436
0 0.213270 0.094787 0.023697 0.047393
0 0.945498 0.067536 0.014218 0.045024
0 0.426540 0.965640 0.023697 0.035545
0 0.426540 0.273697 0.018957 0.035545
0 0.592417 0.328199 0.014218 0.021327
0 0.449052 0.112559 0.007109 0.016588
0 0.687204 0.949052 0.023697 0.063981
0 0.710900 0.116114 0.018957 0.037915
0 0.928910 0.491706 0.004739 0.021327
0 0.921801 0.790284 0.042654 0.068720
0 0.631517 0.879147 0.011848 0.014218
0 0.444313 0.175355 0.011848 0.009479
0 0.383886 0.362559 0.018957 0.014218
0 0.107820 0.422986 0.063981 0.045024
0 0.412322 0.837678 0.052133 0.059242
0 0.408768 0.569905 0.068720 0.040284
0 0.907583 0.721564 0.047393 0.059242
0 0.896919 0.052133 0.063981 0.042654
0 0.186019 0.318720 0.016588 0.049763
0 0.061611 0.542654 0.047393 0.061611
0 0.882701 0.189573 0.035545 0.018957
0 0.042654 0.501185 0.018957 0.016588
0 0.119668 0.555687 0.063981 0.045024
0 0.715640 0.460900 0.014218 0.026066
0 0.210900 0.545024 0.061611 0.047393
0 0.876777 0.361374 0.052133 0.059242
0 0.855450 0.318720 0.004739 0.021327
0 0.077014 0.841232 0.007109 0.014218
0 0.914692 0.681280 0.009479 0.011848
