0 0.167000 0.005000 0.006000 0.006000
0 0.735000 0.143000 0.022000 0.026000
0 0.316000 0.286000 0.024000 0.040000
0 0.974000 0.389000 0.004000 0.010000
0 0.857000 0.014000 0.010000 0.016000
0 0.392000 0.830000 0.048000 0.044000
0 0.283000 0.277000 0.038000 0.030000
0 0.762000 0.706000 0.008000 0.012000
0 0.724000 0.497000 0.024000 0.050000
0 0.087000 0.873000 0.022000 0.046000
0 0.442000 0.690000 0.008000 0.012000
0 0.596000 0.240000 0.060000 0.036000
0 0.454000 0.150000 0.008000 0.008000
0 0.392000 0.134000 0.012000 0.024000
0 0.438000 0.648000 0.024000 0.020000
0 0.120000 0.314000 0.008000 0.020000
0 0.764000 0.642000 0.012000 0.028000
0 0.713000 0.898000 0.006000 0.008000
0 0.792000 0.983000 0.004000 0.010000
0 0.120000 0.125000 0.024000 0.026000
0 0.671000 0.716000 0.010000 0.012000
0 0.802000 0.621000 0.032000 0.034000
0 0.053000 0.125000 0.018000 0.046000
0 0.790000 0.057000 0.012000 0.018000
0 0.731000 0.762000 0.034000 0.052000
0 0.593000 0.139000 0.054000 0.030000
0 0.844000 0.957000 0.008000 0.006000
0 0.758000 0.171000 0.008000 0.022000
0 0.302000 0.932000 0.036000 0.028000
0 0.590000 0.180000 0.016000 0.008000
0 0.516000 0.117000 0.004000 0.010000
0 0.540000 0.217000 0.048000 0.026000
0 0.168 0.328 0.008 0.02
0 0.164 0.291 0.008 0.018
0 0.146 0.27 0.008 0.02
0 0.091 0.392 0.01 0.02
0 0.215 0.008 0.018 0.016
0 0.133 0.272 0.006 0.016
0 0.098 0.525 0.008 0.022
0 0.158 0.321 0.008 0.022
0 0.132 0.287 0.008 0.018
0 0.126 0.314 0.008 0.02
0 0.16 0.289 0.008 0.018
0 0.153 0.298 0.006 0.02
0 0.078 0.333 0.008 0.018
0 0.032 0.566 0.012 0.024
0 0.134 0.313 0.008 0.022
0 0.144 0.297 0.008 0.018
0 0.019 0.662 0.01 0.024
0 0.086 0.332 0.008 0.02
0 0.176 0.327 0.008 0.022
0 0.127 0.283 0.006 0.018
