0 0.066532 0.185930 0.012097 0.030151
0 0.451613 0.082915 0.112903 0.095477
0 0.324597 0.042714 0.125000 0.085427
0 0.582661 0.489950 0.028226 0.075377
0 0.790323 0.374372 0.056452 0.175879
0 0.409274 0.788945 0.012097 0.040201
0 0.625000 0.283920 0.129032 0.085427
0 0.782258 0.658291 0.016129 0.030151
0 0.145161 0.092965 0.056452 0.045226
0 0.518145 0.653266 0.092742 0.110553
0 0.473790 0.283920 0.100806 0.105528
0 0.727823 0.580402 0.028226 0.055276
0 0.931452 0.793970 0.056452 0.150754
0 0.729839 0.256281 0.056452 0.050251
0 0.618952 0.899497 0.076613 0.100503
0 0.010081 0.603015 0.012097 0.030151
0 0.719758 0.532663 0.012097 0.030151
0 0.655242 0.085427 0.020161 0.060302
0 0.725806 0.633166 0.064516 0.040201
0 0.473790 0.919598 0.020161 0.070352
0 0.040323 0.902010 0.016129 0.045226
0 0.679435 0.190955 0.044355 0.070352
0 0.709677 0.942211 0.016129 0.025126
0 0.747984 0.060302 0.012097 0.040201
0 0.913306 0.309045 0.012097 0.035176
0 0.739919 0.964824 0.036290 0.030151
0 0.733871 0.155779 0.040323 0.120603
0 0.818548 0.045226 0.120968 0.090452
0 0.796371 0.706030 0.028226 0.055276
0 0.655242 0.035176 0.012097 0.030151
0 0.631048 0.776382 0.116935 0.085427
0 0.451613 0.552764 0.016129 0.030151
0 0.481855 0.834171 0.012097 0.030151
0 0.673387 0.115578 0.120968 0.090452
0 0.733871 0.635678 0.145161 0.075377
0 0.108871 0.037688 0.024194 0.055276
0 0.419355 0.500000 0.064516 0.055276
0 0.737903 0.580402 0.048387 0.025126
0 0.062500 0.110553 0.100806 0.060302
0 0.020161 0.851759 0.040323 0.025126
