0 0.680037 0.581614 0.005597 0.011257
0 0.568097 0.700750 0.042910 0.028143
0 0.886194 0.506567 0.059701 0.030019
0 0.705224 0.236398 0.018657 0.011257
0 0.190299 0.287992 0.044776 0.035647
0 0.306903 0.909944 0.027985 0.026266
0 0.388993 0.561914 0.013060 0.009381
0 0.966418 0.757974 0.011194 0.022514
0 0.251866 0.775797 0.022388 0.043152
0 0.208022 0.142589 0.039179 0.022514
0 0.576493 0.424015 0.007463 0.011257
0 0.713619 0.495310 0.031716 0.015009
0 0.399254 0.815197 0.041045 0.043152
0 0.527052 0.651032 0.024254 0.037523
0 0.256530 0.244841 0.065299 0.020638
0 0.937500 0.757974 0.005597 0.011257
0 0.523321 0.322702 0.050373 0.037523
0 0.746269 0.344278 0.055970 0.031895
0 0.179104 0.708255 0.048507 0.035647
0 0.581157 0.121013 0.020522 0.020638
0 0.812500 0.608818 0.009328 0.028143
0 0.019590 0.176360 0.005597 0.011257
0 0.124067 0.153846 0.027985 0.030019
0 0.606343 0.813321 0.007463 0.009381
0 0.944963 0.560976 0.069030 0.026266
0 0.402052 0.930582 0.005597 0.015009
0 0.416978 0.471857 0.013060 0.024390
