0 0.781818 0.676136 0.031818 0.034091
0 0.405682 0.507955 0.011364 0.011364
0 0.657955 0.412500 0.052273 0.034091
0 0.860227 0.304545 0.038636 0.040909
0 0.589773 0.834091 0.015909 0.009091
0 0.407955 0.162500 0.025000 0.034091
0 0.261364 0.536364 0.068182 0.036364
0 0.401136 0.269318 0.015909 0.011364
0 0.180682 0.468182 0.015909 0.018182
0 0.427273 0.565909 0.004545 0.018182
0 0.821591 0.610227 0.065909 0.038636
0 0.642045 0.050000 0.025000 0.036364
0 0.110227 0.282955 0.006818 0.015909
0 0.950000 0.351136 0.050000 0.034091
0 0.756818 0.601136 0.050000 0.034091
0 0.965909 0.173864 0.009091 0.029545
0 0.621591 0.750000 0.056818 0.036364
0 0.569318 0.152273 0.006818 0.018182
0 0.388636 0.145455 0.009091 0.018182
0 0.504545 0.912500 0.018182 0.029545
0 0.762500 0.673864 0.002273 0.006818
0 0.564773 0.739773 0.011364 0.025000
0 0.305682 0.269318 0.029545 0.020455
0 0.951136 0.637500 0.020455 0.015909
0 0.634091 0.387500 0.004545 0.006818
