0 0.185355 0.736967 0.077803 0.037915
0 0.955378 0.901659 0.011442 0.016588
0 0.431350 0.048578 0.006865 0.016588
0 0.336384 0.649289 0.032037 0.037915
0 0.871854 0.831754 0.041190 0.018957
0 0.232265 0.805687 0.025172 0.056872
0 0.805492 0.247630 0.018307 0.035545
0 0.275744 0.059242 0.006865 0.014218
0 0.891304 0.682464 0.034325 0.023697
0 0.347826 0.267773 0.022883 0.047393
0 0.054920 0.095972 0.032037 0.045024
0 0.138444 0.703791 0.011442 0.009479
0 0.745995 0.738152 0.009153 0.011848
0 0.306636 0.286730 0.054920 0.042654
0 0.644165 0.277251 0.016018 0.014218
0 0.493135 0.146919 0.029748 0.094787
0 0.957666 0.232227 0.011442 0.023697
0 0.842105 0.155213 0.054920 0.049763
0 0.973684 0.100711 0.011442 0.040284
0 0.747140 0.526066 0.011442 0.018957
0 0.057208 0.742891 0.073227 0.026066
0 0.268879 0.643365 0.011442 0.021327
0 0.272311 0.462085 0.027460 0.037915
0 0.931350 0.591232 0.013730 0.016588
0 0.410755 0.381517 0.020595 0.028436
0 0.790618 0.255924 0.006865 0.018957
0 0.731121 0.938389 0.034325 0.033175
0 0.435927 0.676540 0.020595 0.026066
0 0.700229 0.567536 0.086957 0.030806
0 0.623570 0.510664 0.061785 0.045024
0 0.220824 0.055687 0.025172 0.054502
0 0.289474 0.707346 0.052632 0.045024
0 0.744851 0.468009 0.020595 0.040284
