0 0.524762 0.921260 0.062857 0.041995
0 0.060000 0.238845 0.020952 0.068241
0 0.522857 0.330709 0.005714 0.010499
0 0.567619 0.816273 0.045714 0.041995
0 0.422857 0.482940 0.015238 0.020997
0 0.865714 0.480315 0.024762 0.020997
0 0.377143 0.066929 0.011429 0.023622
0 0.438095 0.107612 0.026667 0.020997
0 0.404762 0.993438 0.009524 0.007874
0 0.098095 0.112861 0.020952 0.031496
0 0.194286 0.140420 0.064762 0.039370
0 0.023810 0.265092 0.047619 0.026247
0 0.268571 0.677165 0.045714 0.036745
0 0.625714 0.153543 0.051429 0.049869
0 0.928571 0.738845 0.005714 0.013123
0 0.894286 0.828084 0.043810 0.055118
0 0.341905 0.387139 0.013333 0.018373
0 0.620952 0.119423 0.003810 0.013123
0 0.742857 0.783465 0.019048 0.044619
0 0.171429 0.623360 0.057143 0.044619
0 0.419048 0.153543 0.003810 0.013123
0 0.167619 0.219160 0.015238 0.023622
0 0.042857 0.682415 0.017143 0.036745
0 0.689524 0.954068 0.003810 0.013123
0 0.340000 0.874016 0.017143 0.010499
0 0.411429 0.027559 0.060952 0.023622
0 0.100952 0.898950 0.049524 0.049869
0 0.192381 0.876640 0.007619 0.010499
0 0.369524 0.405512 0.015238 0.044619
0 0.905714 0.290026 0.009524 0.023622
0 0.058095 0.835958 0.036190 0.065617
0 0.936190 0.557743 0.005714 0.007874
0 0.131429 0.804462 0.026667 0.018373
0 0.424762 0.553806 0.034286 0.073491
0 0.719048 0.224409 0.005714 0.007874
0 0.00761905 0.37664 0.0152381 0.0446194
0 0.158095 0.192913 0.0114286 0.0341207
0 0.067619 0.979003 0.0209524 0.0419948
