0 0.405345 0.833333 0.013363 0.041667
0 0.272829 0.223958 0.033408 0.031250
0 0.917595 0.799479 0.035635 0.052083
0 0.755011 0.134115 0.035635 0.018229
0 0.783964 0.951823 0.022272 0.033854
0 0.497773 0.860677 0.006682 0.018229
0 0.045657 0.852865 0.064588 0.044271
0 0.792873 0.278646 0.008909 0.031250
0 0.917595 0.591146 0.044543 0.062500
0 0.185969 0.494792 0.091314 0.031250
0 0.624722 0.300781 0.077951 0.039062
0 0.571269 0.707031 0.006682 0.018229
0 0.988864 0.384115 0.017817 0.007812
0 0.961024 0.119792 0.006682 0.015625
0 0.478842 0.733073 0.022272 0.049479
0 0.456570 0.154948 0.066815 0.044271
0 0.483296 0.782552 0.022272 0.033854
0 0.267261 0.709635 0.013363 0.028646
0 0.608018 0.644531 0.057906 0.049479
0 0.090200 0.713542 0.024499 0.015625
0 0.762806 0.063802 0.015590 0.007812
0 0.463252 0.542969 0.013363 0.007812
0 0.397550 0.667969 0.028953 0.028646
0 0.536748 0.308594 0.057906 0.049479
0 0.140312 0.272135 0.035635 0.054688
0 0.633630 0.114583 0.024499 0.036458
0 0.994432 0.138021 0.006682 0.020833
0 0.756125 0.234375 0.006682 0.020833
0 0.954343 0.062500 0.006682 0.015625
0 0.779510 0.850260 0.035635 0.039062
0 0.830735 0.928385 0.044543 0.059896
0 0.611359 0.119792 0.015590 0.010417
0 0.394209 0.640625 0.013363 0.020833
0 0.150334 0.864583 0.011136 0.010417
