0 0.601473 0.755985 0.004910 0.012891
0 0.395254 0.608656 0.014730 0.005525
0 0.221768 0.649171 0.021277 0.005525
0 0.114566 0.525783 0.006547 0.005525
0 0.232406 0.196133 0.003273 0.009208
0 0.058101 0.569061 0.011457 0.036832
0 0.950900 0.319521 0.003273 0.009208
0 0.794599 0.383978 0.037643 0.042357
0 0.049100 0.019337 0.003273 0.009208
0 0.031097 0.650092 0.058920 0.025783
0 0.237316 0.222836 0.022913 0.007366
0 0.077741 0.069061 0.014730 0.012891
0 0.443535 0.393186 0.003273 0.009208
0 0.514730 0.502762 0.004910 0.007366
0 0.602291 0.453959 0.032733 0.031308
0 0.907529 0.569061 0.050736 0.014733
0 0.673486 0.011971 0.011457 0.023941
0 0.417349 0.790055 0.022913 0.022099
0 0.108020 0.151934 0.006547 0.012891
0 0.563830 0.505525 0.004910 0.005525
0 0.266776 0.743094 0.003273 0.009208
0 0.918985 0.387661 0.011457 0.027624
0 0.120295 0.588398 0.004910 0.009208
0 0.844517 0.258748 0.003273 0.009208
0 0.237316 0.234807 0.013093 0.012891
0 0.715221 0.041436 0.016367 0.034991
0 0.238953 0.105893 0.00981997 0.0165746
0 0.234861 0.232044 0.0114566 0.0220994
0 0.499182 0.0718232 0.00654664 0.0184162
0 0.49018 0.0718232 0.00818331 0.0184162
