0 0.298214 0.415179 0.003571 0.008929
0 0.484821 0.546429 0.016071 0.007143
0 0.195536 0.884821 0.019643 0.062500
0 0.071429 0.050893 0.021429 0.055357
0 0.662500 0.758929 0.039286 0.039286
0 0.948214 0.810714 0.021429 0.046429
0 0.199107 0.469643 0.044643 0.039286
0 0.472321 0.124107 0.019643 0.012500
0 0.550000 0.208929 0.050000 0.032143
0 0.125893 0.618750 0.041071 0.041071
0 0.254464 0.746429 0.005357 0.010714
0 0.270536 0.684821 0.044643 0.037500
0 0.219643 0.193750 0.007143 0.005357
0 0.662500 0.348214 0.028571 0.025000
0 0.653571 0.059821 0.003571 0.008929
0 0.971429 0.566071 0.025000 0.014286
0 0.508036 0.720536 0.008929 0.005357
0 0.701786 0.355357 0.017857 0.017857
0 0.960714 0.308929 0.021429 0.032143
0 0.316071 0.767857 0.035714 0.025000
0 0.754464 0.716964 0.030357 0.019643
0 0.158929 0.857143 0.042857 0.032143
0 0.777679 0.983929 0.008929 0.007143
0 0.091071 0.892857 0.060714 0.028571
