0 0.257042 0.267139 0.011737 0.028369
0 0.359155 0.826241 0.009390 0.011820
0 0.542254 0.677305 0.018779 0.044917
0 0.901408 0.625296 0.032864 0.026005
0 0.332160 0.825059 0.039906 0.023641
0 0.025822 0.278960 0.023474 0.023641
0 0.892019 0.594563 0.009390 0.021277
0 0.363850 0.190307 0.014085 0.007092
0 0.369718 0.648936 0.025822 0.049645
0 0.075117 0.341608 0.009390 0.011820
0 0.287559 0.722222 0.016432 0.030733
0 0.927230 0.249409 0.061033 0.011820
0 0.241784 0.723404 0.070423 0.042553
0 0.038732 0.674941 0.058685 0.049645
0 0.996479 0.796690 0.007042 0.018913
0 0.611502 0.576832 0.068075 0.042553
0 0.913146 0.762411 0.051643 0.044917
0 0.343897 0.366430 0.063380 0.047281
0 0.352113 0.034279 0.046948 0.063830
0 0.711268 0.540189 0.061033 0.049645
0 0.160798 0.947991 0.021127 0.023641
0 0.184272 0.914894 0.021127 0.052009
0 0.481221 0.843972 0.042254 0.023641
0 0.766432 0.612293 0.007042 0.014184
0 0.302817 0.513002 0.061033 0.018913
0 0.402582 0.723404 0.058685 0.047281
0 0.876761 0.724586 0.035211 0.026005
0 0.765258 0.952719 0.070423 0.042553
0 0.566901 0.530733 0.025822 0.044917
0 0.605634 0.447991 0.009390 0.011820
0 0.477700 0.607565 0.035211 0.080378
