0 0.360279 0.606000 0.005988 0.016000
0 0.165669 0.293000 0.031936 0.038000
0 0.396208 0.213000 0.045908 0.046000
0 0.111776 0.833000 0.003992 0.018000
0 0.438124 0.738000 0.045908 0.032000
0 0.338323 0.492000 0.005988 0.012000
0 0.252495 0.230000 0.005988 0.012000
0 0.535928 0.397000 0.065868 0.030000
0 0.675649 0.785000 0.005988 0.014000
0 0.388224 0.709000 0.049900 0.042000
0 0.238523 0.940000 0.033932 0.044000
0 0.899202 0.571000 0.041916 0.050000
0 0.454092 0.691000 0.005988 0.018000
0 0.030938 0.201000 0.053892 0.038000
0 0.873253 0.301000 0.049900 0.042000
0 0.786427 0.975000 0.007984 0.018000
0 0.665669 0.018000 0.017964 0.024000
0 0.770459 0.841000 0.043912 0.046000
0 0.398204 0.817000 0.061876 0.034000
0 0.900200 0.820000 0.019960 0.024000
0 0.098802 0.265000 0.041916 0.026000
0 0.389222 0.144000 0.023952 0.032000
0 0.724551 0.489000 0.015968 0.014000
0 0.456088 0.894000 0.037924 0.024000
0 0.169661 0.658000 0.051896 0.040000
0 0.583832 0.313000 0.009980 0.010000
0 0.452096 0.817000 0.021956 0.026000
0 0.980040 0.750000 0.027944 0.028000
0 0.054890 0.243000 0.041916 0.022000
0 0.588822 0.198000 0.023952 0.060000
0 0.558882 0.306000 0.015968 0.020000
0 0.604790 0.069000 0.027944 0.050000
0 0.520958 0.685000 0.015968 0.038000
0 0.120758 0.301000 0.033932 0.026000
0 0.854291 0.890000 0.043912 0.040000
