0 0.728780 0.727692 0.014589 0.027692
0 0.911804 0.303846 0.038462 0.026154
0 0.527851 0.872308 0.042440 0.024615
0 0.159151 0.333077 0.037135 0.029231
0 0.606101 0.918462 0.010610 0.009231
0 0.529841 0.476923 0.006631 0.012308
0 0.167772 0.909231 0.011936 0.021538
0 0.275862 0.640769 0.005305 0.007692
0 0.839523 0.569231 0.039788 0.027692
0 0.576260 0.960769 0.011936 0.010769
0 0.082891 0.224615 0.003979 0.009231
0 0.049735 0.326154 0.019894 0.052308
0 0.068302 0.789231 0.017241 0.046154
0 0.854111 0.527692 0.042440 0.024615
0 0.043767 0.283846 0.039788 0.026154
0 0.236737 0.439231 0.017241 0.010769
0 0.443634 0.870000 0.027851 0.038462
0 0.966844 0.014615 0.037135 0.029231
0 0.358090 0.833077 0.018568 0.010769
0 0.699602 0.446923 0.017241 0.050769
0 0.625332 0.980000 0.006631 0.015385
0 0.491379 0.987692 0.003979 0.012308
0 0.891247 0.564615 0.042440 0.024615
0 0.723475 0.640000 0.011936 0.018462
0 0.942971 0.917692 0.005305 0.007692
0 0.637268 0.295385 0.003979 0.012308
0 0.476790 0.826154 0.019894 0.049231
0 0.645889 0.376154 0.005305 0.010769
0 0.127321 0.906923 0.010610 0.035385
0 0.840186 0.693077 0.003979 0.010769
0 0.108753 0.933077 0.023873 0.044615
0 0.110743 0.379231 0.014589 0.016923
0 0.394562 0.167692 0.003979 0.012308
0 0.338196 0.443077 0.007958 0.021538
0 0.783820 0.765385 0.042440 0.026154
0 0.032493 0.353077 0.003979 0.013846
0 0.706897 0.077692 0.007958 0.010769
0 0.831565 0.769231 0.018568 0.015385
0 0.139257 0.961538 0.029178 0.024615
0 0.084218 0.584615 0.006631 0.024615
0 0.973475 0.200000 0.007958 0.027692
