0 0.804396 0.889011 0.035165 0.015385
0 0.453846 0.137363 0.010989 0.024176
0 0.379121 0.436264 0.024176 0.006593
0 0.673626 0.789011 0.037363 0.043956
0 0.861538 0.140659 0.013187 0.013187
0 0.662637 0.087912 0.006593 0.008791
0 0.068132 0.790110 0.008791 0.015385
0 0.352747 0.631868 0.006593 0.010989
0 0.232967 0.953846 0.030769 0.017582
0 0.635165 0.850549 0.017582 0.008791
0 0.242857 0.285714 0.024176 0.039560
0 0.035165 0.906593 0.070330 0.032967
0 0.452747 0.327473 0.030769 0.026374
0 0.507692 0.330769 0.065934 0.037363
0 0.791209 0.487912 0.013187 0.013187
0 0.739560 0.518681 0.015385 0.021978
0 0.759341 0.236264 0.002198 0.006593
0 0.571429 0.427473 0.026374 0.010989
0 0.048352 0.547253 0.013187 0.008791
0 0.804396 0.457143 0.030769 0.021978
0 0.502198 0.606593 0.010989 0.013187
0 0.432967 0.543956 0.035165 0.010989
0 0.289011 0.539560 0.006593 0.024176
0 0.708791 0.714286 0.028571 0.021978
0 0.202198 0.841758 0.065934 0.035165
0 0.379121 0.900000 0.046154 0.037363
