0 0.597857 0.402284 0.004286 0.007614
0 0.763571 0.892132 0.035714 0.048223
0 0.630000 0.881980 0.028571 0.032995
0 0.328571 0.765228 0.002857 0.007614
0 0.577857 0.616751 0.010000 0.010152
0 0.520000 0.134518 0.002857 0.005076
0 0.628571 0.461929 0.008571 0.035533
0 0.735000 0.756345 0.004286 0.010152
0 0.426429 0.285533 0.010000 0.007614
0 0.148571 0.398477 0.017143 0.010152
0 0.266429 0.794416 0.015714 0.030457
0 0.119286 0.393401 0.038571 0.045685
0 0.125714 0.352792 0.034286 0.030457
0 0.712143 0.762690 0.001429 0.002538
0 0.102143 0.346447 0.010000 0.017766
0 0.260714 0.559645 0.004286 0.017766
0 0.825714 0.326142 0.014286 0.063452
0 0.161429 0.664975 0.037143 0.035533
0 0.102143 0.685279 0.015714 0.030457
0 0.827143 0.956853 0.022857 0.045685
0 0.945000 0.621827 0.012857 0.025381
0 0.703571 0.918782 0.024286 0.040609
