0 0.649231 0.656923 0.049231 0.064615
0 0.513846 0.373846 0.104615 0.046154
0 0.767692 0.041538 0.033846 0.040000
0 0.244615 0.312308 0.064615 0.070769
0 0.973846 0.790769 0.033846 0.024615
0 0.587692 0.184615 0.036923 0.073846
0 0.933846 0.480000 0.027692 0.073846
0 0.293846 0.587692 0.046154 0.073846
0 0.230769 0.704615 0.116923 0.043077
0 0.023077 0.398462 0.009231 0.027692
0 0.963077 0.606154 0.030769 0.055385
0 0.604615 0.901538 0.009231 0.024615
0 0.904615 0.663077 0.110769 0.046154
0 0.095385 0.818462 0.024615 0.018462
0 0.176923 0.606154 0.076923 0.061538
0 0.873846 0.370769 0.018462 0.021538
0 0.700000 0.818462 0.009231 0.018462
0 0.261538 0.595385 0.012308 0.015385
0 0.587692 0.840000 0.043077 0.067692
0 0.901538 0.973846 0.043077 0.052308
0 0.256923 0.475385 0.052308 0.095385
0 0.581538 0.320000 0.086154 0.055385
0 0.752308 0.343077 0.015385 0.027692
0 0.163077 0.127692 0.024615 0.052308
0 0.469231 0.321538 0.095385 0.052308
0 0.433846 0.900000 0.049231 0.101538
0 0.581538 0.266154 0.030769 0.046154
0 0.392308 0.449231 0.015385 0.012308
0 0.195385 0.255385 0.009231 0.018462
0 0.806154 0.400000 0.104615 0.049231
0 0.181538 0.358462 0.024615 0.033846
0 0.730769 0.350769 0.046154 0.092308
0 0.850769 0.132308 0.009231 0.018462
0 0.849231 0.058462 0.012308 0.018462
0 0.918462 0.304615 0.040000 0.086154
0 0.429231 0.824615 0.009231 0.018462
0 0.041538 0.470769 0.027692 0.024615
0 0.815385 0.847692 0.030769 0.058462
