0 0.528846 0.579545 0.016667 0.026515
0 0.880128 0.861742 0.019231 0.030303
0 0.776282 0.873106 0.001282 0.007576
0 0.880128 0.295455 0.006410 0.022727
0 0.923077 0.537879 0.010256 0.034091
0 0.105128 0.936553 0.012821 0.047348
0 0.205128 0.020833 0.012821 0.007576
0 0.511538 0.919508 0.017949 0.024621
0 0.712821 0.528409 0.020513 0.015152
0 0.950000 0.402462 0.023077 0.051136
0 0.410256 0.565341 0.012821 0.043561
0 0.392949 0.715909 0.003846 0.011364
0 0.489744 0.078598 0.005128 0.009470
0 0.691667 0.640152 0.011538 0.022727
0 0.325000 0.651515 0.014103 0.022727
0 0.680769 0.584280 0.002564 0.005682
0 0.781410 0.048295 0.001282 0.005682
0 0.176282 0.102273 0.052564 0.022727
0 0.468590 0.404356 0.008974 0.020833
0 0.585897 0.660038 0.005128 0.009470
