0 0.584541 0.544872 0.035427 0.035256
0 0.876812 0.631410 0.004831 0.009615
0 0.615942 0.270833 0.037037 0.035256
0 0.804348 0.632212 0.011272 0.004808
0 0.655395 0.638622 0.038647 0.024038
0 0.381643 0.593750 0.028986 0.046474
0 0.983092 0.415865 0.014493 0.017628
0 0.795491 0.090545 0.019324 0.024038
0 0.974235 0.945513 0.051530 0.022436
0 0.334944 0.948718 0.019324 0.012821
0 0.086151 0.982372 0.053140 0.025641
0 0.719002 0.105769 0.020934 0.057692
0 0.863929 0.899840 0.008052 0.008013
0 0.740741 0.221154 0.022544 0.016026
0 0.624799 0.987981 0.006441 0.008013
0 0.026570 0.366987 0.004831 0.009615
0 0.357488 0.457532 0.012882 0.017628
0 0.231884 0.167468 0.006441 0.017628
0 0.557166 0.556090 0.016103 0.006410
0 0.338969 0.819712 0.027375 0.046474
0 0.091787 0.612179 0.051530 0.025641
0 0.100644 0.311699 0.011272 0.024038
0 0.184380 0.393429 0.014493 0.014423
0 0.242351 0.461538 0.030596 0.028846
0 0.697262 0.855769 0.041868 0.032051
0 0.347826 0.900641 0.025765 0.012821
0 0.222222 0.949519 0.006441 0.008013
0 0.735910 0.478365 0.022544 0.040064
0 0.497585 0.681891 0.012882 0.008013
0 0.978261 0.304487 0.011272 0.012821
0 0.501610 0.610577 0.037037 0.032051
0 0.225443 0.874199 0.003221 0.014423
0 0.918680 0.931891 0.040258 0.033654
0 0.423510 0.540064 0.022544 0.032051
0 0.769726 0.334936 0.016103 0.044872
0 0.657810 0.059295 0.033816 0.041667
0 0.538647 0.514423 0.069243 0.019231
0 0.366345 0.099359 0.043478 0.028846
