0 0.737875 0.927907 0.030023 0.051163
0 0.642032 0.167442 0.013857 0.023256
0 0.904157 0.950000 0.016166 0.020930
0 0.824480 0.955814 0.069284 0.041860
0 0.099307 0.952326 0.046189 0.062791
0 0.844111 0.779070 0.006928 0.013953
0 0.586605 0.100000 0.083141 0.027907
0 0.295612 0.738372 0.050808 0.053488
0 0.860277 0.800000 0.011547 0.032558
0 0.678984 0.098837 0.009238 0.011628
0 0.431871 0.720930 0.009238 0.013953
0 0.752887 0.177907 0.046189 0.062791
0 0.817552 0.750000 0.069284 0.039535
0 0.326790 0.681395 0.016166 0.041860
0 0.329099 0.648837 0.011547 0.018605
0 0.687067 0.837209 0.030023 0.032558
0 0.351039 0.340698 0.050808 0.030233
0 0.041570 0.718605 0.009238 0.032558
0 0.586605 0.294186 0.032333 0.025581
0 0.334873 0.884884 0.069284 0.039535
0 0.047344 0.448837 0.076212 0.037209
0 0.550808 0.061628 0.016166 0.044186
0 0.157044 0.510465 0.009238 0.011628
0 0.637413 0.881395 0.060046 0.046512
0 0.500000 0.170930 0.006928 0.016279
0 0.869515 0.505814 0.039261 0.044186
0 0.938799 0.840698 0.057737 0.048837
0 0.663972 0.444186 0.016166 0.013953
0 0.163972 0.552326 0.027714 0.034884
0 0.819861 0.530233 0.036952 0.051163
0 0.930716 0.291860 0.009238 0.011628
0 0.704388 0.794186 0.069284 0.039535
0 0.699769 0.413953 0.055427 0.041860
0 0.137413 0.855814 0.020785 0.013953
0 0.806005 0.917442 0.009238 0.025581
0 0.610855 0.427907 0.006928 0.013953
0 0.188222 0.031395 0.006928 0.020930
0 0.145497 0.822093 0.060046 0.048837
0 0.646651 0.026744 0.041570 0.016279
