0 0.064174 0.392916 0.003348 0.004942
0 0.040737 0.892092 0.007812 0.024712
0 0.060826 0.460461 0.023438 0.011532
0 0.013951 0.327842 0.025670 0.032949
0 0.273438 0.431631 0.017857 0.026359
0 0.459821 0.081549 0.002232 0.008237
0 0.217634 0.917628 0.004464 0.006590
0 0.313058 0.018122 0.025670 0.016474
0 0.689732 0.379736 0.006696 0.004942
0 0.291853 0.288303 0.016741 0.023064
0 0.886161 0.656507 0.033482 0.028007
0 0.646763 0.530478 0.012277 0.016474
0 0.778460 0.988468 0.023438 0.016474
0 0.856585 0.271829 0.003348 0.006590
0 0.926339 0.282537 0.011161 0.018122
0 0.873884 0.729819 0.002232 0.009885
0 0.857143 0.726524 0.017857 0.029654
0 0.102121 0.635091 0.027902 0.034596
0 0.113839 0.821252 0.008929 0.014827
0 0.652902 0.425041 0.026786 0.026359
0 0.356027 0.540362 0.002232 0.009885
0 0.208147 0.570840 0.003348 0.004942
0 0.885603 0.150741 0.005580 0.004942
0 0.690290 0.398682 0.003348 0.009885
0 0.015625 0.532125 0.011161 0.013180
0 0.965960 0.443163 0.007812 0.013180
0 0.564732 0.284185 0.017857 0.021417
0 0.210938 0.369852 0.004464 0.004942
0 0.191964 0.855848 0.008929 0.031301
0 0.870536 0.300659 0.011161 0.014827
0 0.393973 0.219934 0.022321 0.044481
0 0.176897 0.831960 0.018973 0.042834
0 0.502232 0.052718 0.033482 0.029654
0 0.318080 0.416804 0.033482 0.029654
