0 0.340081 0.189412 0.008097 0.011765
0 0.414980 0.922353 0.036437 0.065882
0 0.019231 0.601176 0.010121 0.016471
0 0.521255 0.371765 0.030364 0.084706
0 0.243927 0.195294 0.026316 0.018824
0 0.942308 0.480000 0.070850 0.032941
0 0.446356 0.075294 0.058704 0.042353
0 0.367409 0.918824 0.054656 0.040000
0 0.033401 0.523529 0.038462 0.049412
0 0.871457 0.329412 0.014170 0.009412
0 0.076923 0.655294 0.044534 0.058824
0 0.374494 0.389412 0.064777 0.040000
0 0.952429 0.723529 0.050607 0.049412
0 0.477733 0.314118 0.032389 0.035294
0 0.956478 0.212941 0.022267 0.063529
0 0.392713 0.077647 0.044534 0.056471
0 0.967611 0.437647 0.060729 0.042353
0 0.853239 0.987059 0.006073 0.021176
0 0.697368 0.218824 0.022267 0.023529
0 0.657895 0.701176 0.024291 0.047059
0 0.690283 0.961176 0.036437 0.063529
0 0.232794 0.538824 0.024291 0.018824
0 0.222672 0.421176 0.040486 0.042353
0 0.876518 0.657647 0.012146 0.021176
0 0.504049 0.525882 0.016194 0.021176
0 0.094130 0.398824 0.006073 0.016471
0 0.772267 0.816471 0.010121 0.028235
0 0.259109 0.898824 0.056680 0.042353
0 0.030364 0.255294 0.012146 0.007059
0 0.825911 0.101176 0.024291 0.051765
0 0.783401 0.052941 0.040486 0.063529
0 0.429150 0.620000 0.012146 0.025882
0 0.118421 0.636471 0.022267 0.035294
0 0.677126 0.309412 0.006073 0.016471
0 0.931174 0.797647 0.036437 0.061176
0 0.096154 0.340000 0.010121 0.035294
0 0.738866 0.711765 0.044534 0.058824
0 0.064777 0.094118 0.012146 0.023529
0 0.733806 0.050588 0.034413 0.068235
0 0.917004 0.300000 0.032389 0.077647
