0 0.704802 0.746313 0.005650 0.008850
0 0.850989 0.978614 0.018362 0.007375
0 0.259181 0.160767 0.007062 0.011799
0 0.605932 0.434366 0.019774 0.025074
0 0.067090 0.463864 0.004237 0.010324
0 0.968220 0.567109 0.009887 0.016224
0 0.201977 0.133481 0.019774 0.019174
0 0.582627 0.855457 0.007062 0.005900
0 0.807203 0.910029 0.015537 0.026549
0 0.913842 0.916667 0.014124 0.025074
0 0.318503 0.607670 0.004237 0.011799
0 0.319915 0.974189 0.021186 0.033923
0 0.405367 0.967552 0.005650 0.014749
0 0.538842 0.655605 0.009887 0.007375
0 0.905367 0.346608 0.036723 0.020649
0 0.434322 0.739676 0.032486 0.033923
0 0.697034 0.442478 0.029661 0.029499
0 0.449153 0.612832 0.045198 0.025074
0 0.703390 0.919617 0.025424 0.022124
0 0.830508 0.203540 0.005650 0.008850
0 0.376412 0.191003 0.004237 0.010324
0 0.739407 0.165192 0.040960 0.026549
0 0.786723 0.712389 0.008475 0.017699
0 0.861582 0.429204 0.036723 0.029499
0 0.771893 0.324484 0.004237 0.008850
0 0.627825 0.083333 0.004237 0.010324
0 0.105226 0.104720 0.012712 0.008850
0 0.532486 0.790560 0.005650 0.011799
0 0.026130 0.156342 0.004237 0.011799
0 0.739407 0.516962 0.026836 0.033923
0 0.955508 0.762537 0.004237 0.008850
