0 0.177692 0.061475 0.004615 0.012295
0 0.669231 0.972336 0.030769 0.026639
0 0.576923 0.172131 0.009231 0.024590
0 0.356923 0.961066 0.006154 0.008197
0 0.127692 0.511270 0.003077 0.006148
0 0.316154 0.656762 0.020000 0.059426
0 0.829231 0.570697 0.015385 0.022541
0 0.063077 0.965164 0.036923 0.040984
0 0.539231 0.109631 0.001538 0.002049
0 0.502308 0.935451 0.047692 0.034836
0 0.653077 0.901639 0.001538 0.008197
0 0.293846 0.091189 0.006154 0.014344
0 0.670000 0.817623 0.001538 0.008197
0 0.846154 0.836066 0.006154 0.004098
0 0.719231 0.889344 0.004615 0.008197
0 0.620769 0.715164 0.035385 0.045082
0 0.736923 0.308402 0.015385 0.006148
0 0.850769 0.103484 0.012308 0.010246
0 0.092308 0.858607 0.009231 0.016393
0 0.912308 0.450820 0.003077 0.012295
0 0.824615 0.417008 0.043077 0.034836
0 0.214615 0.345287 0.041538 0.038934
0 0.228462 0.147541 0.026154 0.032787
0 0.912308 0.869877 0.003077 0.010246
0 0.230000 0.922131 0.020000 0.032787
0 0.736923 0.864754 0.046154 0.032787
0 0.596923 0.057377 0.015385 0.016393
0 0.381538 0.016393 0.024615 0.020492
0 0.165385 0.018443 0.026154 0.024590
