0 0.596479 0.304175 0.032394 0.043738
0 0.352113 0.173956 0.039437 0.037773
0 0.009859 0.809145 0.008451 0.031809
0 0.936620 0.098410 0.008451 0.029821
0 0.514085 0.635189 0.016901 0.049702
0 0.137324 0.293241 0.007042 0.017893
0 0.138732 0.141153 0.038028 0.035785
0 0.595070 0.496024 0.021127 0.017893
0 0.576056 0.197813 0.025352 0.057654
0 0.723239 0.747515 0.029577 0.047714
0 0.476056 0.792247 0.014085 0.045726
0 0.057746 0.826044 0.014085 0.021869
0 0.173944 0.259443 0.009859 0.029821
0 0.758451 0.637177 0.023944 0.061630
0 0.642254 0.640159 0.045070 0.031809
0 0.607746 0.608350 0.026761 0.027833
0 0.886620 0.526839 0.004225 0.011928
0 0.796479 0.838966 0.015493 0.031809
0 0.819014 0.427435 0.009859 0.031809
0 0.340845 0.833002 0.022535 0.019881
0 0.045070 0.515905 0.039437 0.037773
0 0.461972 0.429423 0.036620 0.023857
0 0.150704 0.825050 0.008451 0.027833
0 0.726056 0.974155 0.004225 0.011928
0 0.685915 0.368787 0.030986 0.021869
0 0.780986 0.927435 0.029577 0.049702
0 0.939437 0.437376 0.042254 0.035785
0 0.843662 0.531809 0.005634 0.009940
0 0.954930 0.040755 0.008451 0.013917
0 0.776761 0.373757 0.004225 0.011928
0 0.448592 0.27336 0.00985915 0.0298211
0 0.557746 0.55169 0.0338028 0.137177
0 0.205634 0.186879 0.0112676 0.0318091
0 0.424648 0.427435 0.0126761 0.0397614
0 0.603521 0.326044 0.00704225 0.0238569
0 0.645775 0.360835 0.00985915 0.0337972
0 0.454225 0.271372 0.00985915 0.0298211
0 0.550704 0.321074 0.0084507 0.0298211
