0 0.964063 0.738889 0.018750 0.066667
0 0.390625 0.331944 0.034375 0.041667
0 0.939063 0.872222 0.034375 0.038889
0 0.367969 0.305556 0.007812 0.016667
0 0.633594 0.313889 0.045312 0.044444
0 0.939063 0.697222 0.028125 0.027778
0 0.006250 0.043056 0.003125 0.013889
0 0.540625 0.748611 0.031250 0.075000
0 0.903125 0.338889 0.015625 0.033333
0 0.143750 0.950000 0.006250 0.016667
0 0.250000 0.005556 0.006250 0.011111
0 0.683594 0.375000 0.004687 0.011111
0 0.855469 0.086111 0.020313 0.038889
0 0.879687 0.104167 0.003125 0.013889
0 0.666406 0.018056 0.004687 0.025000
0 0.404687 0.786111 0.018750 0.038889
0 0.590625 0.934722 0.003125 0.013889
0 0.376563 0.118056 0.003125 0.013889
0 0.771875 0.151389 0.034375 0.052778
0 0.572656 0.734722 0.014063 0.036111
0 0.698438 0.831944 0.037500 0.019444
0 0.116406 0.920833 0.020313 0.019444
0 0.790625 0.409722 0.003125 0.013889
0 0.588281 0.427778 0.020313 0.027778
0 0.243750 0.420833 0.015625 0.013889
0 0.036719 0.238889 0.020313 0.016667
0 0.745313 0.504167 0.021875 0.058333
0 0.799219 0.413889 0.004687 0.016667
0 0.735938 0.055556 0.006250 0.022222
0 0.824219 0.747222 0.020313 0.038889
0 0.966406 0.479167 0.045312 0.047222
0 0.217188 0.020833 0.021875 0.025000
0 0.569531 0.654167 0.007812 0.030556
