0 0.827500 0.920000 0.075000 0.045000
0 0.760000 0.875000 0.045000 0.070000
0 0.672500 0.681250 0.010000 0.012500
0 0.547500 0.497500 0.025000 0.045000
0 0.125000 0.462500 0.015000 0.015000
0 0.650000 0.285000 0.030000 0.070000
0 0.087500 0.693750 0.015000 0.022500
0 0.750000 0.050000 0.015000 0.015000
0 0.835000 0.635000 0.110000 0.030000
0 0.898750 0.061250 0.057500 0.047500
0 0.395000 0.497500 0.065000 0.040000
0 0.363750 0.373750 0.012500 0.027500
0 0.411250 0.328750 0.007500 0.017500
0 0.651250 0.176250 0.012500 0.012500
0 0.422500 0.406250 0.040000 0.047500
0 0.692500 0.363750 0.030000 0.062500
0 0.892500 0.586250 0.010000 0.012500
0 0.417500 0.658750 0.040000 0.077500
0 0.705000 0.842500 0.055000 0.060000
0 0.627500 0.365000 0.090000 0.035000
0 0.027500 0.513750 0.045000 0.072500
0 0.178750 0.321250 0.077500 0.042500
0 0.831250 0.142500 0.007500 0.020000
0 0.926250 0.970000 0.007500 0.015000
0 0.502500 0.100000 0.070000 0.045000
0 0.186250 0.230000 0.047500 0.040000
0 0.588750 0.717500 0.057500 0.055000
0 0.638750 0.310000 0.077500 0.040000
