0 0.408004 0.475655 0.011435 0.044944
0 0.900208 0.440075 0.027027 0.037453
0 0.941788 0.260300 0.029106 0.033708
0 0.787942 0.073970 0.018711 0.024345
0 0.887734 0.192884 0.020790 0.029963
0 0.502599 0.742509 0.013514 0.016854
0 0.807692 0.643258 0.022869 0.043071
0 0.305613 0.909176 0.008316 0.009363
0 0.541580 0.839888 0.022869 0.046816
0 0.320166 0.592697 0.016632 0.020599
0 0.535343 0.552434 0.008316 0.014981
0 0.902807 0.406367 0.005198 0.007491
0 0.475572 0.909176 0.011435 0.020599
0 0.296258 0.294007 0.012474 0.059925
0 0.111746 0.115169 0.017672 0.035581
0 0.560811 0.318352 0.013514 0.041199
0 0.419958 0.468165 0.010395 0.018727
0 0.698025 0.093633 0.023909 0.041199
0 0.243243 0.665730 0.010395 0.016854
0 0.634096 0.294944 0.004158 0.013109
0 0.129418 0.555243 0.017672 0.046816
0 0.466216 0.681648 0.017672 0.022472
0 0.146570 0.482210 0.004158 0.009363
0 0.640333 0.581461 0.006237 0.020599
0 0.163202 0.468165 0.016632 0.052434
0 0.067048 0.275281 0.011435 0.052434
0 0.311331 0.242509 0.023909 0.035581
0 0.854470 0.759363 0.029106 0.035581
0 0.258836 0.801498 0.008316 0.011236
0 0.849272 0.605805 0.006237 0.005618
0 0.654886 0.847378 0.031185 0.031835
0 0.879938 0.434457 0.011435 0.037453
0 0.520790 0.812734 0.016632 0.048689
0 0.540021 0.618914 0.007277 0.016854
0 0.901247 0.297753 0.004158 0.029963
0 0.804054 0.444757 0.015593 0.016854
0 0.719335 0.597378 0.022869 0.044944
0 0.382017 0.230337 0.00935551 0.0337079
0 0.37474 0.2397 0.0135135 0.0449438
0 0.226091 0.173221 0.0135135 0.0393258
0 0.245842 0.215356 0.0135135 0.0374532
0 0.31185 0.18633 0.014553 0.0355805
0 0.593555 0.598315 0.012474 0.0468165
0 0.305094 0.574906 0.0135135 0.0411985
0 0.337838 0.237828 0.00831601 0.0486891
0 0.143971 0.586142 0.0114345 0.0449438
0 0.20894 0.0543071 0.00831601 0.0374532
0 0.443347 0.610487 0.0114345 0.0374532
0 0.0909563 0.374532 0.0114345 0.0486891
0 0.217256 0.0402622 0.00831601 0.0393258
0 0.222973 0.367978 0.0135135 0.0505618
0 0.358108 0.245318 0.0114345 0.0411985
