0 0.866972 0.703488 0.009174 0.030233
0 0.647936 0.648837 0.025229 0.018605
0 0.345183 0.496512 0.006881 0.016279
0 0.832569 0.416279 0.013761 0.013953
0 0.770642 0.812791 0.027523 0.058140
0 0.537844 0.680233 0.020642 0.016279
0 0.216743 0.944186 0.029817 0.065116
0 0.170872 0.083721 0.006881 0.013953
0 0.136468 0.690698 0.011468 0.018605
0 0.235092 0.053488 0.034404 0.055814
0 0.950688 0.534884 0.025229 0.032558
0 0.329128 0.883721 0.057339 0.037209
0 0.621560 0.691860 0.018349 0.016279
0 0.183486 0.129070 0.009174 0.016279
0 0.395642 0.563953 0.061927 0.025581
0 0.060780 0.606977 0.034404 0.069767
0 0.316514 0.126744 0.077982 0.034884
0 0.865826 0.634884 0.071101 0.037209
0 0.474771 0.975581 0.055046 0.048837
0 0.689220 0.440698 0.034404 0.025581
0 0.672018 0.333721 0.013761 0.011628
0 0.737385 0.461628 0.048165 0.053488
0 0.575688 0.333721 0.077982 0.034884
0 0.410550 0.272093 0.013761 0.009302
0 0.410550 0.136047 0.032110 0.039535
0 0.047018 0.213953 0.025229 0.023256
0 0.318807 0.311628 0.059633 0.027907
0 0.598624 0.376744 0.059633 0.046512
0 0.280963 0.468605 0.011468 0.011628
0 0.657110 0.098837 0.011468 0.020930
0 0.638761 0.566279 0.071101 0.039535
0 0.942661 0.387209 0.087156 0.030233
0 0.871560 0.451163 0.045872 0.060465
0 0.668578 0.363953 0.006881 0.016279
0 0.849771 0.741860 0.020642 0.032558
0 0.197248 0.895349 0.032110 0.027907
0 0.051606 0.069767 0.006881 0.013953
0 0.875000 0.086047 0.006881 0.013953
0 0.275229 0.538372 0.009174 0.034884
0 0.770642 0.538372 0.041284 0.025581
0 0.522936 0.912791 0.022936 0.020930
0 0.553899 0.822093 0.025229 0.030233
0 0.826835 0.595349 0.071101 0.037209
0 0.136468 0.986047 0.020642 0.023256
0 0.738532 0.530233 0.018349 0.027907
0 0.354358 0.190698 0.071101 0.037209
0 0.143349 0.800000 0.011468 0.009302
0 0.678899 0.874419 0.0275229 0.0418605
0 0.706422 0.886047 0.0229358 0.0465116
