0 0.466039 0.442851 0.002283 0.006421
0 0.217894 0.840111 0.000856 0.002997
0 0.905394 0.075771 0.009418 0.005993
0 0.734874 0.017337 0.002283 0.003853
0 0.108733 0.773545 0.004566 0.004281
0 0.103453 0.912457 0.003710 0.008134
0 0.565639 0.467680 0.001142 0.002140
0 0.930793 0.597175 0.001427 0.001712
0 0.360160 0.756421 0.002283 0.006849
0 0.945348 0.264127 0.001427 0.001712
0 0.484732 0.894478 0.003139 0.009846
0 0.396975 0.321704 0.003995 0.008990
0 0.039384 0.377997 0.001712 0.004281
0 0.791096 0.015839 0.003425 0.003425
0 0.749001 0.690068 0.002568 0.000856
0 0.873716 0.665668 0.008276 0.007705
0 0.118436 0.892123 0.006849 0.009418
0 0.843893 0.025257 0.003425 0.011986
0 0.198202 0.769050 0.006564 0.009846
0 0.380137 0.238656 0.002854 0.002997
0 0.269121 0.126498 0.002854 0.002997
0 0.681650 0.807149 0.004281 0.010702
0 0.317209 0.353168 0.001427 0.001712
0 0.906963 0.200128 0.009703 0.006421
0 0.580337 0.985017 0.005993 0.007705
0 0.585188 0.120933 0.000856 0.002997
0 0.812072 0.523973 0.010559 0.005993
0 0.667666 0.887842 0.000856 0.002568
0 0.672374 0.846961 0.005708 0.008134
0 0.018978 0.443707 0.002568 0.002997
0 0.228311 0.620719 0.002854 0.006849
0 0.730879 0.671875 0.001142 0.003853
0 0.180080 0.169735 0.002854 0.006421
0 0.969035 0.073844 0.000856 0.004709
0 0.871861 0.437286 0.002854 0.006421
0 0.683933 0.965325 0.000856 0.002568
0 0.595890 0.142551 0.003995 0.011986
0 0.173231 0.697132 0.002854 0.005565
0 0.871147 0.150257 0.001427 0.001712
0 0.116866 0.078125 0.001998 0.006421
0 0.007991 0.852526 0.003425 0.001284
0 0.488156 0.824700 0.005993 0.010702
