0 0.099808 0.892694 0.026871 0.031963
0 0.634357 0.530822 0.017274 0.034247
0 0.294626 0.252283 0.009597 0.006849
0 0.331094 0.731735 0.009597 0.015982
0 0.507678 0.570776 0.013436 0.018265
0 0.944338 0.340183 0.023033 0.027397
0 0.181382 0.037671 0.028791 0.025114
0 0.699616 0.953196 0.001919 0.011416
0 0.826296 0.416667 0.021113 0.047945
0 0.908829 0.460046 0.013436 0.011416
0 0.429942 0.938356 0.007678 0.018265
0 0.891555 0.095890 0.005758 0.009132
0 0.887716 0.360731 0.001919 0.009132
0 0.669866 0.208904 0.034549 0.029680
0 0.951056 0.901826 0.005758 0.004566
0 0.231286 0.401826 0.009597 0.013699
0 0.048944 0.977169 0.013436 0.018265
0 0.178503 0.657534 0.034549 0.045662
0 0.014395 0.081050 0.001919 0.006849
0 0.337812 0.970320 0.007678 0.027397
0 0.206334 0.689498 0.017274 0.036530
0 0.052783 0.557078 0.009597 0.013699
0 0.456814 0.412100 0.069098 0.029680
0 0.366603 0.084475 0.015355 0.027397
0 0.762956 0.391553 0.032630 0.015982
0 0.827255 0.373288 0.015355 0.034247
0 0.493282 0.585616 0.011516 0.034247
0 0.540307 0.908676 0.044146 0.050228
0 0.776392 0.689498 0.036468 0.059361
0 0.891555 0.386986 0.055662 0.038813
0 0.257198 0.530822 0.003839 0.006849
