0 0.731120 0.734954 0.032552 0.048611
0 0.531901 0.935185 0.011719 0.046296
0 0.225260 0.501157 0.007812 0.020833
0 0.684245 0.076389 0.035156 0.041667
0 0.885417 0.326389 0.007812 0.023148
0 0.516927 0.337963 0.010417 0.023148
0 0.123047 0.177083 0.003906 0.020833
0 0.912109 0.055556 0.006510 0.027778
0 0.021484 0.482639 0.014323 0.030093
0 0.123047 0.611111 0.037760 0.027778
0 0.331380 0.927083 0.009115 0.006944
0 0.277995 0.253472 0.014323 0.057870
0 0.100911 0.924769 0.003906 0.016204
0 0.170573 0.321759 0.007812 0.018519
0 0.122396 0.091435 0.023438 0.039352
0 0.563151 0.304398 0.037760 0.039352
0 0.118490 0.517361 0.036458 0.034722
0 0.924479 0.408565 0.044271 0.034722
0 0.162109 0.570602 0.006510 0.011574
0 0.389323 0.486111 0.007812 0.018519
0 0.518229 0.096065 0.018229 0.039352
0 0.388672 0.630787 0.009115 0.020833
0 0.992188 0.920139 0.005208 0.011574
0 0.147786 0.832176 0.037760 0.039352
0 0.826172 0.133102 0.006510 0.020833
0 0.535156 0.837963 0.005208 0.013889
0 0.216146 0.187500 0.018229 0.083333
0 0.115885 0.959491 0.005208 0.030093
0 0.411458 0.891204 0.036458 0.041667
0 0.434896 0.952546 0.007812 0.057870
0 0.191406 0.843750 0.031250 0.048611
0 0.122396 0.328704 0.005208 0.018519
0 0.482422 0.479167 0.024740 0.064815
0 0.505208 0.246528 0.031250 0.048611
0 0.230469 0.420139 0.005208 0.020833
0 0.834635 0.545139 0.015625 0.030093
0 0.590495 0.917824 0.035156 0.039352
