0 0.257500 0.432500 0.155000 0.085000
0 0.500000 0.385000 0.040000 0.070000
0 0.022500 0.945000 0.025000 0.020000
0 0.277500 0.655000 0.035000 0.050000
0 0.135000 0.427500 0.020000 0.025000
0 0.375000 0.200000 0.110000 0.120000
0 0.912500 0.495000 0.015000 0.030000
0 0.572500 0.060000 0.035000 0.080000
0 0.360000 0.580000 0.030000 0.080000
0 0.845000 0.670000 0.100000 0.130000
0 0.375000 0.497500 0.190000 0.065000
0 0.885000 0.222500 0.110000 0.115000
0 0.095000 0.425000 0.130000 0.100000
0 0.087500 0.355000 0.125000 0.080000
0 0.367500 0.675000 0.135000 0.100000
0 0.292500 0.807500 0.135000 0.095000
0 0.202500 0.250000 0.095000 0.130000
0 0.975000 0.722500 0.040000 0.105000
0 0.265000 0.405000 0.120000 0.110000
0 0.360000 0.612500 0.040000 0.015000
0 0.672500 0.715000 0.185000 0.070000
0 0.107500 0.547500 0.105000 0.125000
0 0.462500 0.420000 0.165000 0.080000
0 0.327500 0.355000 0.095000 0.130000
0 0.295000 0.270000 0.040000 0.030000
0 0.495000 0.877500 0.010000 0.045000
0 0.480000 0.560000 0.020000 0.030000
0 0.670000 0.647500 0.200000 0.055000
0 0.887500 0.475000 0.015000 0.030000
0 0.827500 0.382500 0.015000 0.035000
0 0.495000 0.500000 0.160000 0.080000
0 0.030000 0.007500 0.030000 0.015000
0 0.527500 0.635000 0.015000 0.030000
