0 0.802867 0.312766 0.010753 0.008511
0 0.961470 0.541489 0.001792 0.006383
0 0.203405 0.974468 0.016129 0.008511
0 0.097670 0.775532 0.023297 0.070213
0 0.649642 0.892553 0.012545 0.044681
0 0.072581 0.427660 0.048387 0.038298
0 0.562724 0.190426 0.010753 0.010638
0 0.304659 0.197872 0.007168 0.012766
0 0.439964 0.238298 0.008961 0.008511
0 0.426523 0.941489 0.010753 0.006383
0 0.259857 0.689362 0.003584 0.008511
0 0.461470 0.109574 0.069892 0.027660
0 0.245520 0.368085 0.007168 0.008511
0 0.325269 0.180851 0.001792 0.008511
0 0.743728 0.853191 0.003584 0.008511
0 0.704301 0.743617 0.043011 0.031915
0 0.799283 0.272340 0.003584 0.008511
0 0.699821 0.634043 0.001792 0.008511
0 0.159498 0.844681 0.017921 0.017021
0 0.337814 0.293617 0.012545 0.012766
0 0.903226 0.870213 0.025090 0.021277
0 0.500000 0.440426 0.028674 0.038298
0 0.302867 0.282979 0.046595 0.038298
0 0.725806 0.051064 0.017921 0.017021
0 0.917563 0.204255 0.017921 0.034043
0 0.688172 0.175532 0.057348 0.027660
0 0.392473 0.623404 0.021505 0.021277
