0 0.728170 0.370610 0.009356 0.027726
0 0.320686 0.839187 0.013514 0.025878
0 0.851871 0.044362 0.017672 0.025878
0 0.990644 0.536969 0.002079 0.005545
0 0.465696 0.756007 0.022869 0.018484
0 0.679314 0.782810 0.001040 0.005545
0 0.918919 0.478743 0.018711 0.025878
0 0.904886 0.118299 0.013514 0.070240
0 0.901767 0.289279 0.001040 0.005545
0 0.639813 0.865989 0.017672 0.016636
0 0.224532 0.936229 0.004158 0.005545
0 0.051455 0.302218 0.001040 0.001848
0 0.429314 0.322551 0.002079 0.012939
0 0.308732 0.072089 0.022869 0.029575
0 0.852391 0.738447 0.006237 0.012939
0 0.323285 0.621072 0.014553 0.029575
0 0.224012 0.826248 0.001040 0.003697
0 0.899168 0.433457 0.035343 0.027726
0 0.228170 0.988909 0.007277 0.011091
0 0.575884 0.266174 0.002079 0.003697
0 0.036383 0.034196 0.008316 0.027726
0 0.359148 0.478743 0.001040 0.007394
0 0.788462 0.037893 0.019751 0.027726
0 0.024428 0.407579 0.013514 0.005545
0 0.692827 0.598891 0.001040 0.003697
0 0.184511 0.878928 0.007277 0.027726
0 0.151247 0.032348 0.005198 0.016636
0 0.722973 0.243068 0.003119 0.005545
0 0.691788 0.105360 0.017672 0.033272
0 0.834200 0.728281 0.025988 0.036969
0 0.075884 0.335490 0.022869 0.042514
0 0.216216 0.115527 0.022869 0.005545
0 0.082640 0.878004 0.017672 0.029575
0 0.304054 0.445471 0.011435 0.014787
0 0.380977 0.611830 0.009356 0.025878
