0 0.841304 0.928571 0.013043 0.025210
0 0.743478 0.336134 0.086957 0.042017
0 0.184783 0.128151 0.100000 0.096639
0 0.052174 0.262605 0.017391 0.021008
0 0.578261 0.027311 0.017391 0.021008
0 0.121739 0.792017 0.078261 0.071429
0 0.452174 0.472689 0.017391 0.021008
0 0.484783 0.363445 0.065217 0.071429
0 0.882609 0.794118 0.069565 0.117647
0 0.578261 0.296218 0.086957 0.113445
0 0.876087 0.462185 0.013043 0.033613
0 0.489130 0.058824 0.056522 0.092437
0 0.871739 0.653361 0.065217 0.046218
0 0.678261 0.060924 0.052174 0.071429
0 0.628261 0.037815 0.039130 0.008403
0 0.695652 0.165966 0.017391 0.021008
0 0.715217 0.296218 0.030435 0.029412
0 0.497826 0.932773 0.030435 0.025210
0 0.100000 0.628151 0.130435 0.071429
0 0.832609 0.386555 0.056522 0.134454
0 0.489130 0.201681 0.013043 0.025210
0 0.293478 0.189076 0.091304 0.109244
0 0.576087 0.882353 0.039130 0.075630
0 0.191304 0.783613 0.043478 0.054622
0 0.019565 0.184874 0.013043 0.025210
0 0.491304 0.821429 0.121739 0.054622
0 0.454348 0.735294 0.100000 0.092437
0 0.191304 0.418067 0.104348 0.088235
0 0.323913 0.764706 0.039130 0.092437
0 0.400000 0.144958 0.078261 0.046218
0 0.680435 0.241597 0.134783 0.071429
0 0.745652 0.716387 0.108696 0.088235
0 0.100000 0.373950 0.069565 0.117647
0 0.106522 0.197479 0.021739 0.016807
0 0.856522 0.605042 0.043478 0.042017
0 0.382609 0.394958 0.086957 0.058824
0 0.330435 0.485294 0.095652 0.105042
0 0.689130 0.113445 0.143478 0.067227
0 0.404348 0.063025 0.078261 0.092437
0 0.528261 0.539916 0.065217 0.138655
0 0.202174 0.420168 0.134783 0.067227
