0 0.215976 0.119195 0.041420 0.052632
0 0.581361 0.591331 0.026627 0.012384
0 0.878698 0.650155 0.053254 0.068111
0 0.723373 0.852941 0.062130 0.071207
0 0.177515 0.281734 0.023669 0.024768
0 0.272189 0.569659 0.011834 0.012384
0 0.261834 0.665635 0.008876 0.012384
0 0.437870 0.975232 0.035503 0.024768
0 0.511834 0.253870 0.023669 0.030960
0 0.841716 0.219814 0.026627 0.061920
0 0.417160 0.085139 0.047337 0.027864
0 0.900888 0.879257 0.008876 0.012384
0 0.150888 0.335913 0.029586 0.021672
0 0.678994 0.726006 0.079882 0.058824
0 0.483728 0.879257 0.085799 0.055728
0 0.525148 0.948916 0.020710 0.046440
0 0.122781 0.537152 0.020710 0.046440
0 0.733728 0.325077 0.023669 0.018576
0 0.266272 0.396285 0.076923 0.061920
0 0.579882 0.148607 0.005917 0.018576
0 0.149408 0.373065 0.008876 0.009288
0 0.460059 0.046440 0.014793 0.006192
0 0.254438 0.547988 0.017751 0.037152
0 0.519231 0.609907 0.085799 0.055728
0 0.449704 0.402477 0.041420 0.030960
0 0.463018 0.917957 0.097633 0.046440
0 0.235207 0.337461 0.044379 0.049536
0 0.470414 0.834365 0.005917 0.015480
