0 0.583661 0.575935 0.033465 0.016355
0 0.683071 0.417056 0.055118 0.044393
0 0.135827 0.299065 0.035433 0.018692
0 0.830709 0.081776 0.043307 0.042056
0 0.509843 0.711449 0.007874 0.011682
0 0.483268 0.537383 0.005906 0.014019
0 0.642717 0.042056 0.041339 0.051402
0 0.621063 0.442757 0.013780 0.021028
0 0.469488 0.679907 0.005906 0.014019
0 0.423228 0.720794 0.003937 0.011682
0 0.862205 0.158879 0.019685 0.042056
0 0.076772 0.758178 0.015748 0.016355
0 0.610236 0.428738 0.003937 0.011682
0 0.644685 0.392523 0.017717 0.037383
0 0.874016 0.801402 0.011811 0.032710
0 0.944882 0.905374 0.011811 0.030374
0 0.325787 0.950935 0.017717 0.032710
0 0.525591 0.867991 0.003937 0.011682
0 0.126969 0.754673 0.049213 0.042056
0 0.935039 0.475467 0.011811 0.025701
0 0.814961 0.968458 0.003937 0.011682
0 0.040354 0.359813 0.037402 0.065421
0 0.062008 0.622664 0.033465 0.044393
0 0.421260 0.933411 0.055118 0.044393
0 0.772638 0.267523 0.005906 0.007009
0 0.513780 0.690421 0.007874 0.007009
0 0.456693 0.580607 0.011811 0.007009
0 0.778543 0.698598 0.009843 0.037383
0 0.232283 0.494159 0.023622 0.077103
0 0.249016 0.327103 0.025591 0.028037
0 0.034449 0.596963 0.017717 0.053738
0 0.153543 0.929907 0.027559 0.014019
