0 0.268220 0.137048 0.002542 0.009036
0 0.353814 0.122741 0.004237 0.007530
0 0.909322 0.817018 0.003390 0.007530
0 0.344068 0.060241 0.025424 0.027108
0 0.223305 0.820783 0.005932 0.006024
0 0.260593 0.214608 0.019492 0.034639
0 0.438983 0.637048 0.018644 0.009036
0 0.790678 0.515813 0.023729 0.028614
0 0.640254 0.512801 0.012712 0.052711
0 0.878390 0.518825 0.005932 0.013554
0 0.788136 0.448795 0.025424 0.027108
0 0.588136 0.552711 0.005085 0.015060
0 0.016525 0.689006 0.021186 0.031627
0 0.518220 0.863705 0.007627 0.019578
0 0.135169 0.978916 0.022881 0.027108
0 0.007627 0.414157 0.003390 0.012048
0 0.731780 0.856175 0.011017 0.031627
0 0.126695 0.041416 0.014407 0.028614
0 0.658475 0.354669 0.003390 0.019578
0 0.760169 0.133283 0.011864 0.016566
0 0.504237 0.821536 0.022034 0.031627
0 0.280085 0.335090 0.014407 0.037651
0 0.614407 0.628765 0.011864 0.016566
0 0.320763 0.025602 0.002542 0.009036
0 0.445763 0.427711 0.018644 0.036145
0 0.905085 0.323042 0.005085 0.019578
0 0.940254 0.564006 0.002542 0.010542
0 0.969068 0.297440 0.002542 0.010542
0 0.647458 0.045934 0.011864 0.040663
0 0.022034 0.457078 0.022034 0.031627
0 0.336864 0.498494 0.011017 0.015060
0 0.181780 0.242470 0.021186 0.021084
0 0.718644 0.832078 0.008475 0.007530
0 0.310593 0.170181 0.004237 0.021084
0 0.703390 0.345633 0.005085 0.007530
0 0.526271 0.894578 0.011864 0.027108
0 0.615678 0.104669 0.005932 0.004518
0 0.663983 0.291416 0.005932 0.022590
0 0.725000 0.753765 0.024576 0.022590
0 0.671610 0.483434 0.017797 0.033133
