0 0.974237 0.165392 0.001908 0.001912
0 0.966603 0.628107 0.005725 0.024857
0 0.327290 0.177820 0.009542 0.007648
0 0.057252 0.660612 0.011450 0.017208
0 0.779580 0.746654 0.028626 0.028681
0 0.375954 0.822180 0.011450 0.022945
0 0.989504 0.107075 0.005725 0.007648
0 0.774809 0.314532 0.003817 0.009560
0 0.041031 0.360421 0.036260 0.051625
0 0.596374 0.487572 0.001908 0.007648
0 0.916985 0.554493 0.013359 0.026769
0 0.958015 0.285851 0.022901 0.028681
0 0.196565 0.210325 0.007634 0.015296
0 0.268130 0.299235 0.013359 0.013384
0 0.884542 0.543977 0.043893 0.032505
0 0.213740 0.857553 0.053435 0.032505
0 0.619275 0.691205 0.020992 0.013384
0 0.558206 0.627151 0.005725 0.003824
0 0.823473 0.485660 0.017176 0.022945
0 0.500000 0.704589 0.015267 0.013384
0 0.894084 0.417782 0.020992 0.036329
0 0.868321 0.894837 0.007634 0.022945
0 0.098282 0.754302 0.001908 0.005736
