0 0.851724 0.975352 0.006897 0.011737
0 0.904598 0.523474 0.057471 0.046948
0 0.428736 0.663146 0.020690 0.011737
0 0.651724 0.982394 0.048276 0.021127
0 0.918391 0.822770 0.075862 0.030516
0 0.019540 0.273474 0.016092 0.011737
0 0.772414 0.696009 0.027586 0.039906
0 0.009195 0.780516 0.004598 0.007042
0 0.764368 0.279343 0.016092 0.018779
0 0.657471 0.812207 0.004598 0.009390
0 0.068966 0.207746 0.004598 0.007042
0 0.062069 0.819249 0.013793 0.004695
0 0.244828 0.035211 0.089655 0.028169
0 0.731034 0.678404 0.045977 0.023474
0 0.870115 0.241784 0.006897 0.004695
0 0.501149 0.757042 0.068966 0.016432
0 0.832184 0.321596 0.022989 0.051643
0 0.500000 0.555164 0.066667 0.039906
0 0.744828 0.253521 0.018391 0.042254
0 0.249425 0.964789 0.006897 0.018779
0 0.829885 0.630282 0.027586 0.021127
0 0.848276 0.840376 0.013793 0.014085
0 0.286207 0.131455 0.011494 0.004695
0 0.670115 0.246479 0.029885 0.028169
0 0.688506 0.731221 0.020690 0.025822
0 0.005747 0.711268 0.011494 0.014085
0 0.888506 0.363850 0.062069 0.042254
0 0.974713 0.381455 0.013793 0.007042
0 0.826437 0.254695 0.006897 0.007042
