0 0.646309 0.619444 0.014765 0.013889
0 0.812081 0.163889 0.013423 0.022222
0 0.864430 0.424306 0.002685 0.012500
0 0.844295 0.818750 0.026846 0.037500
0 0.773826 0.889583 0.014765 0.004167
0 0.225503 0.260417 0.005369 0.006944
0 0.602685 0.385417 0.024161 0.037500
0 0.879195 0.590972 0.016107 0.018056
0 0.091275 0.081250 0.005369 0.006944
0 0.159060 0.195139 0.012081 0.031944
0 0.422819 0.122917 0.002685 0.012500
0 0.524161 0.940278 0.009396 0.008333
0 0.731544 0.670833 0.029530 0.033333
0 0.744295 0.441667 0.004027 0.011111
0 0.165101 0.129861 0.013423 0.026389
0 0.673154 0.969444 0.033557 0.030556
0 0.208054 0.265972 0.010738 0.009722
0 0.261745 0.342361 0.021477 0.040278
0 0.792617 0.552083 0.012081 0.012500
0 0.909396 0.981250 0.009396 0.020833
0 0.936242 0.333333 0.004027 0.008333
0 0.589933 0.722917 0.033557 0.029167
0 0.973154 0.320833 0.005369 0.013889
0 0.528859 0.159028 0.005369 0.009722
0 0.320805 0.793056 0.026846 0.008333
0 0.392617 0.452778 0.004027 0.008333
0 0.746980 0.506944 0.036242 0.027778
0 0.701342 0.200694 0.004027 0.012500
0 0.582550 0.198611 0.008054 0.013889
0 0.638255 0.977778 0.033557 0.027778
0 0.104027 0.891667 0.006711 0.008333
0 0.814765 0.942361 0.024161 0.034722
0 0.955034 0.796528 0.012081 0.018056
0 0.502013 0.393750 0.005369 0.006944
0 0.833557 0.284028 0.010738 0.015278
0 0.828188 0.256944 0.029530 0.033333
0 0.152349 0.300694 0.030872 0.031944
