0 0.916230 0.292373 0.010471 0.014124
0 0.494764 0.358757 0.015707 0.039548
0 0.464660 0.799435 0.007853 0.016949
0 0.891361 0.508475 0.013089 0.033898
0 0.715969 0.021186 0.023560 0.031073
0 0.401832 0.088983 0.007853 0.019774
0 0.930628 0.610169 0.018325 0.022599
0 0.299738 0.817797 0.049738 0.064972
0 0.492147 0.446328 0.010471 0.022599
0 0.068063 0.490113 0.036649 0.059322
0 0.034031 0.690678 0.010471 0.014124
0 0.956806 0.251412 0.007853 0.016949
0 0.891361 0.878531 0.028796 0.056497
0 0.222513 0.247175 0.057592 0.036723
0 0.332461 0.588983 0.020942 0.059322
0 0.637435 0.039548 0.044503 0.079096
0 0.747382 0.201977 0.007853 0.019774
0 0.341623 0.425141 0.007853 0.019774
0 0.840314 0.073446 0.010471 0.022599
0 0.778796 0.710452 0.023560 0.031073
0 0.183246 0.210452 0.010471 0.019774
0 0.408377 0.422316 0.052356 0.031073
0 0.277487 0.694915 0.073298 0.050847
0 0.709424 0.419492 0.020942 0.031073
0 0.188482 0.692090 0.089005 0.045198
0 0.437173 0.238701 0.031414 0.042373
0 0.619110 0.231638 0.007853 0.016949
0 0.163613 0.103107 0.023560 0.059322
0 0.106021 0.144068 0.065445 0.062147
0 0.085079 0.289548 0.034031 0.036723
0 0.107330 0.067797 0.031414 0.079096
0 0.536649 0.586158 0.026178 0.048023
0 0.628272 0.966102 0.026178 0.016949
0 0.430628 0.009887 0.028796 0.019774
0 0.861257 0.826271 0.094241 0.042373
0 0.848168 0.158192 0.089005 0.045198
0 0.926702 0.704802 0.068063 0.053672
0 0.048429 0.098870 0.039267 0.067797
