0 0.320850 0.239295 0.030364 0.090680
0 0.452429 0.450882 0.006073 0.020151
0 0.891700 0.269521 0.046559 0.055416
0 0.881579 0.579345 0.022267 0.055416
0 0.149798 0.306045 0.008097 0.022670
0 0.140688 0.544081 0.054656 0.050378
0 0.332996 0.425693 0.066802 0.040302
0 0.559717 0.823678 0.066802 0.040302
0 0.248988 0.612091 0.044534 0.055416
0 0.697368 0.506297 0.030364 0.085642
0 0.285425 0.557935 0.028340 0.047859
0 0.799595 0.379093 0.060729 0.042821
0 0.096154 0.498741 0.010121 0.030227
0 0.490891 0.413098 0.006073 0.015113
0 0.634615 0.372796 0.010121 0.040302
0 0.560729 0.222922 0.008097 0.012594
0 0.841093 0.250630 0.050607 0.052897
0 0.858300 0.328715 0.024291 0.017632
0 0.777328 0.297229 0.008097 0.025189
0 0.413968 0.061713 0.054656 0.037783
0 0.109312 0.969773 0.048583 0.055416
0 0.369433 0.743073 0.034413 0.040302
0 0.633603 0.414358 0.068826 0.037783
0 0.137652 0.301008 0.008097 0.012594
0 0.182186 0.366499 0.032389 0.042821
0 0.938259 0.293451 0.022267 0.068010
0 0.664980 0.464736 0.030364 0.037783
0 0.604251 0.833753 0.010121 0.025189
0 0.316802 0.850126 0.010121 0.017632
0 0.541498 0.948363 0.022267 0.022670
0 0.152834 0.667506 0.0101215 0.0251889
0 0.0870445 0.532746 0.0121457 0.02267
0 0.00708502 0.609572 0.0101215 0.0251889
0 0.0121457 0.609572 0.00809717 0.0251889
