0 0.586177 0.351429 0.042662 0.032381
0 0.527304 0.655238 0.010239 0.003810
0 0.956485 0.457143 0.046075 0.038095
0 0.790956 0.689524 0.015358 0.015238
0 0.822526 0.021905 0.003413 0.009524
0 0.775597 0.965714 0.011945 0.022857
0 0.717577 0.653333 0.005119 0.011429
0 0.935154 0.633333 0.034130 0.051429
0 0.775597 0.674286 0.011945 0.015238
0 0.687713 0.866667 0.034130 0.007619
0 0.667235 0.527619 0.010239 0.022857
0 0.632253 0.725714 0.005119 0.011429
0 0.264505 0.902857 0.013652 0.015238
0 0.002560 0.634286 0.005119 0.007619
0 0.536689 0.209524 0.008532 0.026667
0 0.605802 0.731429 0.044369 0.038095
0 0.430887 0.647619 0.005119 0.007619
0 0.246587 0.524762 0.032423 0.040000
0 0.639932 0.352381 0.010239 0.011429
0 0.251706 0.031429 0.005119 0.009524
0 0.295222 0.297143 0.023891 0.045714
