0 0.093421 0.767105 0.065789 0.055263
0 0.926316 0.119737 0.021053 0.018421
0 0.369737 0.778947 0.023684 0.042105
0 0.882895 0.952632 0.007895 0.015789
0 0.777632 0.892105 0.071053 0.052632
0 0.764474 0.165789 0.007895 0.015789
0 0.975000 0.513158 0.018421 0.031579
0 0.932895 0.519737 0.055263 0.044737
0 0.314474 0.564474 0.007895 0.018421
0 0.021053 0.382895 0.010526 0.013158
0 0.081579 0.450000 0.010526 0.015789
0 0.235526 0.280263 0.007895 0.018421
0 0.686842 0.238158 0.015789 0.023684
0 0.655263 0.932895 0.036842 0.044737
0 0.884211 0.418421 0.031579 0.036842
0 0.373684 0.842105 0.057895 0.057895
0 0.323684 0.653947 0.010526 0.013158
0 0.242105 0.157895 0.068421 0.052632
0 0.313158 0.214474 0.015789 0.007895
0 0.096053 0.150000 0.060526 0.026316
0 0.625000 0.736842 0.018421 0.031579
0 0.128947 0.294737 0.026316 0.063158
0 0.550000 0.792105 0.026316 0.052632
0 0.196053 0.823684 0.023684 0.015789
0 0.705263 0.964474 0.026316 0.028947
0 0.928947 0.806579 0.010526 0.013158
0 0.590789 0.144737 0.013158 0.010526
0 0.425000 0.226316 0.065789 0.057895
0 0.543421 0.569737 0.013158 0.013158
