0 0.506739 0.696133 0.040431 0.033149
0 0.643531 0.709945 0.004043 0.012891
0 0.468329 0.089319 0.012129 0.023941
0 0.075472 0.742173 0.029650 0.033149
0 0.301887 0.170350 0.013477 0.034991
0 0.354447 0.244936 0.005391 0.011050
0 0.986523 0.402394 0.010782 0.005525
0 0.082884 0.837017 0.014825 0.020258
0 0.186658 0.150092 0.009434 0.027624
0 0.373989 0.702578 0.030997 0.038674
0 0.448113 0.674954 0.033693 0.027624
0 0.793801 0.446593 0.016173 0.027624
0 0.480458 0.269797 0.022911 0.057090
0 0.784367 0.494475 0.021563 0.060773
0 0.351078 0.050645 0.020216 0.049724
0 0.487197 0.575506 0.006739 0.012891
0 0.754043 0.386740 0.004043 0.011050
0 0.870620 0.145488 0.032345 0.025783
0 0.552561 0.801105 0.016173 0.029466
0 0.039757 0.323204 0.012129 0.016575
0 0.944744 0.804788 0.056604 0.022099
0 0.737197 0.207182 0.008086 0.027624
0 0.407682 0.123389 0.039084 0.033149
0 0.249326 0.015654 0.056604 0.023941
0 0.485849 0.461326 0.009434 0.005525
0 0.621294 0.398711 0.005391 0.012891
0 0.468329 0.847145 0.052561 0.025783
0 0.079515 0.531308 0.005391 0.009208
0 0.415094 0.287293 0.029650 0.044199
0 0.890836 0.819521 0.016173 0.077348
0 0.139488 0.952118 0.004043 0.011050
