0 0.051618 0.746867 0.004622 0.020050
0 0.142527 0.780702 0.044684 0.032581
0 0.541602 0.061404 0.047766 0.042607
0 0.603236 0.373434 0.044684 0.045113
0 0.734977 0.479950 0.003082 0.022556
0 0.765023 0.606516 0.004622 0.015038
0 0.043914 0.577694 0.007704 0.027569
0 0.741911 0.746867 0.004622 0.020050
0 0.053929 0.293233 0.018490 0.030075
0 0.260401 0.147870 0.049307 0.040100
0 0.288906 0.284461 0.032357 0.062657
0 0.815871 0.283208 0.026194 0.075188
0 0.953775 0.607769 0.030817 0.047619
0 0.521572 0.418546 0.007704 0.045113
0 0.133282 0.240602 0.044684 0.045113
0 0.008475 0.431078 0.016949 0.025063
0 0.523883 0.933584 0.040062 0.052632
0 0.978428 0.888471 0.006163 0.012531
0 0.306626 0.634085 0.027735 0.070175
0 0.223421 0.147870 0.021572 0.060150
0 0.496918 0.231830 0.016949 0.057644
0 0.081664 0.926065 0.021572 0.062657
0 0.647149 0.142857 0.027735 0.015038
0 0.456857 0.174185 0.041602 0.047619
0 0.891371 0.917293 0.029276 0.050125
0 0.858243 0.857143 0.058552 0.035088
0 0.352851 0.567669 0.012327 0.047619
0 0.852851 0.558897 0.029276 0.025063
0 0.031587 0.639098 0.013867 0.035088
0 0.123267 0.377193 0.006163 0.012531
0 0.665639 0.334586 0.006163 0.012531
