0 0.090376 0.756501 0.007042 0.014184
0 0.771127 0.858156 0.068075 0.042553
0 0.084507 0.575650 0.023474 0.063830
0 0.257042 0.104019 0.030516 0.028369
0 0.106808 0.795508 0.058685 0.030733
0 0.274648 0.716312 0.032864 0.037825
0 0.538732 0.036643 0.025822 0.026005
0 0.419014 0.548463 0.007042 0.014184
0 0.132629 0.343972 0.035211 0.011820
0 0.625587 0.040189 0.007042 0.014184
0 0.762911 0.087470 0.028169 0.047281
0 0.187793 0.815603 0.046948 0.061466
0 0.470657 0.939716 0.072770 0.040189
0 0.552817 0.788416 0.021127 0.021277
0 0.198357 0.145390 0.035211 0.082742
0 0.133803 0.583924 0.070423 0.042553
0 0.529343 0.453901 0.049296 0.056738
0 0.089202 0.579196 0.014085 0.033097
0 0.672535 0.508274 0.030516 0.028369
0 0.193662 0.066194 0.058685 0.047281
0 0.821596 0.700946 0.009390 0.011820
0 0.154930 0.894799 0.065728 0.044917
0 0.076291 0.323877 0.063380 0.042553
0 0.995305 0.891253 0.009390 0.014184
0 0.130282 0.768322 0.058685 0.052009
0 0.296948 0.614657 0.030516 0.056738
0 0.066901 0.161939 0.021127 0.049645
0 0.049296 0.628842 0.037559 0.052009
0 0.474178 0.732861 0.051643 0.056738
0 0.049296 0.037825 0.042254 0.052009
0 0.961268 0.901891 0.049296 0.059102
0 0.951878 0.730496 0.025822 0.014184
0 0.308685 0.024823 0.011737 0.030733
0 0.928404 0.817967 0.007042 0.014184
0 0.913146 0.205674 0.065728 0.042553
0 0.423709 0.699764 0.021127 0.014184
0 0.232394 0.586288 0.046948 0.061466
0 0.127934 0.055556 0.053991 0.049645
0 0.663146 0.782506 0.058685 0.042553
0 0.338028 0.608747 0.046948 0.030733
0 0.416667 0.761229 0.058685 0.052009
0 0.537559 0.213948 0.046948 0.054374
0 0.036385 0.575650 0.058685 0.049645
0 0.032864 0.332151 0.018779 0.040189
0 0.469484 0.557920 0.014085 0.014184
0 0.172535 0.122931 0.011737 0.018913
0 0.510563 0.091017 0.039906 0.059102
0 0.387324 0.453901 0.028169 0.037825
