0 0.321292 0.964357 0.002331 0.001004
0 0.862288 0.984772 0.001271 0.005689
0 0.647987 0.118139 0.002331 0.002677
0 0.692479 0.780790 0.001907 0.002677
0 0.529979 0.961513 0.004873 0.007363
0 0.909216 0.274933 0.001483 0.005689
0 0.785487 0.100736 0.004873 0.007363
0 0.126801 0.126506 0.004873 0.003347
0 0.418220 0.174197 0.005932 0.006359
0 0.523093 0.463688 0.002542 0.006359
0 0.160487 0.518407 0.004449 0.008701
0 0.787288 0.987617 0.002542 0.003347
0 0.242585 0.870315 0.005932 0.006359
0 0.279661 0.291499 0.003814 0.004685
0 0.330508 0.276104 0.006356 0.005355
0 0.987818 0.807898 0.000636 0.002008
0 0.772458 0.368976 0.005932 0.006359
0 0.080191 0.311245 0.000636 0.002008
0 0.881038 0.879351 0.000636 0.002343
0 0.526059 0.340194 0.002966 0.010375
0 0.462924 0.182898 0.006356 0.005689
0 0.271081 0.901104 0.001483 0.006359
0 0.010805 0.932062 0.001271 0.001339
0 0.262924 0.122992 0.004237 0.007028
0 0.755932 0.124163 0.001695 0.003347
0 0.086970 0.643742 0.001483 0.006359
0 0.727754 0.331325 0.00338983 0.0100402
0 0.704237 0.328313 0.00381356 0.0153949
