0 0.413423 0.658333 0.013423 0.033333
0 0.910067 0.599306 0.042953 0.023611
0 0.073154 0.772917 0.028188 0.034722
0 0.143624 0.779167 0.010738 0.016667
0 0.471812 0.303472 0.036242 0.026389
0 0.701342 0.122917 0.020134 0.015278
0 0.729530 0.510417 0.030872 0.031944
0 0.834899 0.818750 0.024161 0.006944
0 0.482550 0.951389 0.025503 0.036111
0 0.359060 0.495139 0.017450 0.040278
0 0.746309 0.095139 0.010738 0.012500
0 0.712752 0.544444 0.034899 0.027778
0 0.509396 0.238889 0.038926 0.025000
0 0.533557 0.975000 0.004027 0.008333
0 0.212752 0.341667 0.014765 0.013889
0 0.229530 0.027083 0.010738 0.023611
0 0.528859 0.075000 0.021477 0.016667
0 0.966443 0.929167 0.029530 0.030556
0 0.963087 0.230556 0.017450 0.008333
0 0.671812 0.197222 0.033557 0.027778
0 0.768456 0.881944 0.025503 0.022222
0 0.885235 0.220833 0.004027 0.008333
0 0.020805 0.543750 0.006711 0.026389
0 0.537584 0.199306 0.028188 0.034722
0 0.193960 0.644444 0.006711 0.005556
0 0.628188 0.652778 0.026846 0.036111
0 0.905369 0.313194 0.052349 0.018056
0 0.616779 0.262500 0.020134 0.019444
0 0.514765 0.347222 0.025503 0.033333
0 0.122819 0.768056 0.028188 0.019444
0 0.518792 0.821528 0.004027 0.012500
0 0.355034 0.680556 0.022819 0.013889
0 0.526846 0.859028 0.033557 0.029167
0 0.455705 0.634028 0.012081 0.006944
