0 0.657524 0.323333 0.048589 0.037778
0 0.336991 0.771111 0.009404 0.013333
0 0.362853 0.244444 0.007837 0.008889
0 0.194357 0.610000 0.040752 0.037778
0 0.860502 0.951111 0.006270 0.017778
0 0.248433 0.431111 0.010972 0.057778
0 0.646552 0.771111 0.007837 0.013333
0 0.399687 0.533333 0.015674 0.026667
0 0.623041 0.811111 0.004702 0.017778
0 0.668495 0.245556 0.020376 0.055556
0 0.716301 0.867778 0.009404 0.020000
0 0.626176 0.204444 0.042320 0.044444
0 0.588558 0.188889 0.026646 0.048889
0 0.931818 0.880000 0.004702 0.013333
0 0.576803 0.091111 0.037618 0.048889
0 0.445925 0.923333 0.007837 0.015556
0 0.556426 0.441111 0.006270 0.011111
0 0.894201 0.882222 0.007837 0.017778
0 0.265674 0.068889 0.017241 0.044444
0 0.070533 0.858889 0.025078 0.033333
0 0.607367 0.464444 0.004702 0.013333
0 0.801724 0.077778 0.004702 0.017778
0 0.386364 0.063333 0.007837 0.011111
0 0.438871 0.593333 0.028213 0.066667
0 0.644201 0.414444 0.031348 0.015556
0 0.066614 0.902222 0.036050 0.040000
0 0.544671 0.505556 0.017241 0.033333
0 0.557210 0.771111 0.057994 0.031111
0 0.393417 0.032222 0.040752 0.042222
0 0.458464 0.865556 0.007837 0.015556
0 0.750784 0.414444 0.028213 0.033333
0 0.682602 0.433333 0.042320 0.035556
0 0.384013 0.432222 0.018809 0.037778
0 0.466301 0.404444 0.014107 0.026667
0 0.521944 0.030000 0.018809 0.015556
