0 0.023416 0.783582 0.008264 0.022388
0 0.893939 0.917910 0.008264 0.022388
0 0.068871 0.692164 0.055096 0.100746
0 0.046832 0.595149 0.060606 0.085821
0 0.797521 0.675373 0.008264 0.022388
0 0.275482 0.307836 0.011019 0.070896
0 0.410468 0.304104 0.082645 0.063433
0 0.774105 0.434701 0.049587 0.063433
0 0.867769 0.083955 0.011019 0.048507
0 0.373278 0.945896 0.052342 0.078358
0 0.915978 0.072761 0.079890 0.063433
0 0.402204 0.059701 0.088154 0.059701
0 0.190083 0.091418 0.044077 0.115672
0 0.250689 0.401119 0.071625 0.078358
0 0.610193 0.429104 0.024793 0.022388
0 0.421488 0.242537 0.011019 0.022388
0 0.099174 0.376866 0.033058 0.059701
0 0.077135 0.139925 0.011019 0.018657
0 0.019284 0.744403 0.038567 0.041045
0 0.928375 0.018657 0.022039 0.037313
0 0.086777 0.555970 0.008264 0.022388
0 0.745179 0.697761 0.041322 0.097015
0 0.652893 0.175373 0.038567 0.097015
0 0.960055 0.714552 0.057851 0.055970
0 0.837466 0.430970 0.005510 0.033582
0 0.073003 0.835821 0.030303 0.052239
0 0.122590 0.063433 0.008264 0.022388
0 0.873278 0.218284 0.060606 0.018657
