0 0.829710 0.137339 0.030435 0.051502
0 0.941304 0.860515 0.056522 0.030043
0 0.225362 0.800429 0.010145 0.021459
0 0.650000 0.819742 0.030435 0.012876
0 0.721014 0.799356 0.013043 0.036481
0 0.891304 0.366953 0.023188 0.064378
0 0.601449 0.228541 0.031884 0.053648
0 0.081884 0.753219 0.013043 0.012876
0 0.926812 0.084764 0.004348 0.023605
0 0.030435 0.754292 0.008696 0.023605
0 0.274638 0.562232 0.024638 0.064378
0 0.224638 0.614807 0.034783 0.045064
0 0.431884 0.315451 0.020290 0.038627
0 0.894203 0.842275 0.034783 0.027897
0 0.807246 0.468884 0.052174 0.032189
0 0.121739 0.584764 0.043478 0.036481
0 0.110145 0.895923 0.011594 0.015021
0 0.459420 0.454936 0.026087 0.042918
0 0.650000 0.685622 0.010145 0.027897
0 0.032609 0.496781 0.007246 0.015021
0 0.135507 0.690987 0.010145 0.017167
0 0.563768 0.481760 0.046377 0.036481
0 0.428261 0.594421 0.010145 0.008584
0 0.935507 0.812232 0.021739 0.057940
0 0.109420 0.880901 0.018841 0.010730
0 0.549275 0.129828 0.008696 0.006438
0 0.992029 0.645923 0.004348 0.017167
0 0.953623 0.571888 0.005797 0.019313
0 0.894203 0.702790 0.005797 0.015021
0 0.908696 0.475322 0.014493 0.027897
0 0.396377 0.907725 0.007246 0.008584
0 0.165942 0.260730 0.004348 0.023605
0 0.402899 0.820815 0.031884 0.049356
0 0.533333 0.828326 0.011594 0.008584
0 0.924638 0.381974 0.023188 0.042918
0 0.267391 0.754292 0.033333 0.049356
0 0.302899 0.639485 0.034783 0.047210
0 0.713768 0.423820 0.015942 0.023605
0 0.471739 0.418455 0.065217 0.025751
0 0.071739 0.503219 0.004348 0.015021
0 0.125362 0.667382 0.039130 0.025751
0 0.215942 0.252146 0.031884 0.019313
0 0.333333 0.417382 0.008696 0.027897
0 0.478261 0.605150 0.031884 0.051502
