0 0.195238 0.793224 0.047619 0.025701
0 0.232143 0.679907 0.054762 0.051402
0 0.957143 0.824766 0.038095 0.018692
0 0.198810 0.074766 0.002381 0.004673
0 0.150000 0.255841 0.004762 0.007009
0 0.197619 0.501168 0.004762 0.016355
0 0.346429 0.054907 0.050000 0.025701
0 0.348810 0.787383 0.030952 0.065421
0 0.930952 0.184579 0.023810 0.028037
0 0.654762 0.198598 0.004762 0.004673
0 0.134524 0.838785 0.007143 0.009346
0 0.016667 0.887850 0.033333 0.042056
0 0.620238 0.259346 0.045238 0.032710
0 0.325000 0.747664 0.040476 0.009346
0 0.285714 0.101636 0.047619 0.011682
0 0.788095 0.463785 0.014286 0.039720
0 0.139286 0.799065 0.059524 0.046729
0 0.301190 0.115654 0.002381 0.007009
0 0.338095 0.397196 0.038095 0.042056
0 0.580952 0.220794 0.061905 0.039720
0 0.711905 0.239486 0.028571 0.035047
0 0.285714 0.219626 0.057143 0.046729
0 0.209524 0.230140 0.014286 0.025701
0 0.644048 0.170561 0.002381 0.004673
0 0.459524 0.404206 0.042857 0.037383
0 0.395238 0.419393 0.019048 0.030374
0 0.813095 0.790888 0.045238 0.021028
0 0.376190 0.935748 0.047619 0.058411
0 0.816667 0.675234 0.004762 0.009346
0 0.650000 0.059579 0.023810 0.025701
0 0.779762 0.677570 0.064286 0.042056
0 0.252381 0.379673 0.009524 0.011682
