0 0.670984 0.636076 0.036269 0.048523
0 0.476684 0.798523 0.027634 0.040084
0 0.546632 0.949367 0.050086 0.037975
0 0.863558 0.776371 0.010363 0.012658
0 0.813472 0.501055 0.010363 0.014768
0 0.576857 0.618143 0.013817 0.033755
0 0.772021 0.362869 0.024180 0.025316
0 0.306563 0.021097 0.050086 0.037975
0 0.503454 0.888186 0.036269 0.050633
0 0.633851 0.588608 0.048359 0.037975
0 0.826425 0.966245 0.005181 0.012658
0 0.654577 0.305907 0.024180 0.033755
0 0.751295 0.548523 0.017271 0.021097
0 0.394646 0.944093 0.050086 0.035865
0 0.121762 0.367089 0.005181 0.012658
0 0.082038 0.328059 0.032815 0.018987
0 0.677893 0.850211 0.005181 0.016878
0 0.823834 0.198312 0.037997 0.050633
0 0.818653 0.914557 0.006908 0.018987
0 0.823834 0.252110 0.037997 0.031646
0 0.235751 0.273207 0.022453 0.014768
0 0.569948 0.408228 0.006908 0.010549
0 0.869603 0.815401 0.005181 0.023207
0 0.561313 0.817511 0.024180 0.069620
0 0.306563 0.848101 0.005181 0.016878
0 0.121762 0.876582 0.012090 0.027426
0 0.745250 0.111814 0.043178 0.046414
0 0.007772 0.478903 0.008636 0.008439
0 0.874784 0.077004 0.008636 0.010549
0 0.705527 0.421941 0.053541 0.033755
0 0.946459 0.093882 0.044905 0.040084
0 0.233161 0.484177 0.006908 0.014768
0 0.704663 0.215190 0.010363 0.016878
0 0.854059 0.748945 0.012090 0.016878
0 0.881693 0.049578 0.050086 0.035865
