0 0.401544 0.808880 0.015444 0.019305
0 0.745174 0.700772 0.046332 0.042471
0 0.884170 0.552124 0.069498 0.115830
0 0.633205 0.249035 0.123552 0.065637
0 0.658301 0.098456 0.050193 0.096525
0 0.731660 0.189189 0.104247 0.077220
0 0.945946 0.478764 0.038610 0.054054
0 0.922780 0.687259 0.030888 0.023166
0 0.722008 0.604247 0.007722 0.034749
0 0.536680 0.084942 0.061776 0.131274
0 0.708494 0.424710 0.042471 0.069498
0 0.233591 0.949807 0.019305 0.023166
0 0.264479 0.942085 0.011583 0.023166
0 0.681467 0.550193 0.135135 0.057915
0 0.720077 0.891892 0.096525 0.077220
0 0.478764 0.720077 0.023166 0.027027
0 0.803089 0.581081 0.084942 0.096525
0 0.461390 0.100386 0.050193 0.054054
0 0.299228 0.179537 0.057915 0.042471
0 0.034749 0.693050 0.038610 0.027027
0 0.289575 0.584942 0.023166 0.011583
0 0.920849 0.749035 0.034749 0.038610
0 0.542471 0.285714 0.011583 0.030888
0 0.646718 0.814672 0.034749 0.030888
0 0.055985 0.167954 0.027027 0.057915
0 0.550193 0.496139 0.189189 0.042471
0 0.314672 0.140927 0.011583 0.027027
0 0.471042 0.169884 0.054054 0.077220
0 0.370656 0.333977 0.015444 0.042471
0 0.754826 0.077220 0.057915 0.131274
0 0.289575 0.297297 0.030888 0.046332
0 0.787645 0.496139 0.046332 0.065637
0 0.567568 0.555985 0.046332 0.023166
0 0.546332 0.689189 0.065637 0.081081
0 0.374517 0.752896 0.115830 0.069498
