0 0.819030 0.418843 0.014925 0.024254
0 0.101679 0.208955 0.027985 0.029851
0 0.093284 0.044776 0.078358 0.022388
0 0.888993 0.149254 0.024254 0.018657
0 0.298507 0.601679 0.003731 0.009328
0 0.099813 0.272388 0.054104 0.033582
0 0.440299 0.216418 0.037313 0.022388
0 0.977612 0.597948 0.007463 0.013060
0 0.583955 0.313433 0.011194 0.018657
0 0.726679 0.724813 0.013060 0.020522
0 0.424440 0.136194 0.016791 0.014925
0 0.469216 0.956157 0.016791 0.035448
0 0.611940 0.209888 0.026119 0.031716
0 0.583022 0.849813 0.009328 0.016791
0 0.852612 0.525187 0.011194 0.016791
0 0.500933 0.952425 0.013060 0.024254
0 0.295709 0.941231 0.005597 0.005597
0 0.962687 0.667910 0.022388 0.014925
0 0.202425 0.370336 0.005597 0.009328
0 0.029851 0.209888 0.018657 0.020522
0 0.595149 0.737873 0.022388 0.013060
0 0.402985 0.163246 0.007463 0.005597
0 0.041978 0.437500 0.039179 0.039179
0 0.207090 0.526119 0.055970 0.033582
0 0.706157 0.802239 0.016791 0.018657
0 0.713619 0.963619 0.005597 0.005597
0 0.980410 0.348881 0.005597 0.007463
0 0.157649 0.747201 0.016791 0.016791
0 0.109142 0.958955 0.009328 0.029851
0 0.890858 0.554104 0.024254 0.048507
