0 0.254217 0.513605 0.021687 0.040816
0 0.368675 0.812925 0.038554 0.040816
0 0.049398 0.459184 0.021687 0.013605
0 0.734940 0.294218 0.053012 0.057823
0 0.832530 0.163265 0.007229 0.027211
0 0.862651 0.284014 0.062651 0.071429
0 0.380723 0.942177 0.033735 0.047619
0 0.681928 0.661565 0.009639 0.017007
0 0.749398 0.219388 0.048193 0.085034
0 0.369880 0.518707 0.016867 0.037415
0 0.083133 0.219388 0.074699 0.057823
0 0.044578 0.137755 0.055422 0.078231
0 0.933735 0.836735 0.021687 0.013605
0 0.154217 0.744898 0.077108 0.054422
0 0.974699 0.523810 0.031325 0.047619
0 0.324096 0.812925 0.045783 0.095238
0 0.674699 0.369048 0.077108 0.057823
0 0.260241 0.921769 0.053012 0.074830
0 0.607229 0.863946 0.043373 0.047619
0 0.034940 0.824830 0.045783 0.078231
0 0.212048 0.102041 0.019277 0.020408
0 0.598795 0.034014 0.007229 0.020408
0 0.286747 0.202381 0.009639 0.037415
0 0.521687 0.843537 0.055422 0.034014
0 0.263855 0.870748 0.007229 0.020408
0 0.191566 0.421769 0.040964 0.102041
0 0.062651 0.056122 0.028916 0.023810
0 0.208434 0.210884 0.036145 0.115646
