0 0.645161 0.791667 0.014337 0.027778
0 0.994624 0.647222 0.010753 0.038889
0 0.383513 0.880556 0.014337 0.027778
0 0.879928 0.094444 0.096774 0.111111
0 0.136201 0.855556 0.078853 0.077778
0 0.084229 0.566667 0.068100 0.144444
0 0.836918 0.450000 0.039427 0.044444
0 0.731183 0.786111 0.086022 0.061111
0 0.491039 0.038889 0.014337 0.033333
0 0.356631 0.794444 0.082437 0.122222
0 0.584229 0.130556 0.007168 0.050000
0 0.005376 0.922222 0.010753 0.033333
0 0.856631 0.686111 0.136201 0.072222
0 0.290323 0.405556 0.086022 0.122222
0 0.137993 0.322222 0.010753 0.033333
0 0.881720 0.394444 0.014337 0.033333
0 0.575269 0.494444 0.010753 0.033333
0 0.908602 0.894444 0.096774 0.111111
0 0.340502 0.136111 0.014337 0.027778
0 0.419355 0.825000 0.028674 0.072222
0 0.562724 0.083333 0.028674 0.055556
0 0.724014 0.600000 0.114695 0.088889
0 0.732975 0.733333 0.053763 0.033333
0 0.648746 0.130556 0.035842 0.161111
0 0.050179 0.391667 0.043011 0.061111
0 0.655914 0.541667 0.014337 0.027778
0 0.046595 0.322222 0.028674 0.066667
0 0.813620 0.788889 0.028674 0.066667
0 0.437276 0.297222 0.035842 0.105556
0 0.501792 0.319444 0.014337 0.061111
0 0.310036 0.591667 0.0179211 0.0722222
0 0.378136 0.572222 0.0179211 0.0555556
0 0.33871 0.572222 0.0179211 0.0666667
0 0.345878 0.75 0.0250896 0.0777778
0 0.467742 0.741667 0.0322581 0.105556
0 0.290323 0.6 0.0143369 0.0666667
0 0.310036 0.755556 0.0250896 0.0888889
0 0.4319 0.738889 0.0250896 0.1
0 0.349462 0.663889 0.0250896 0.0833333
