0 0.507205 0.820285 0.057637 0.088968
0 0.577810 0.192171 0.025937 0.064057
0 0.285303 0.862989 0.023055 0.024911
0 0.474063 0.233096 0.037464 0.081851
0 0.760807 0.097865 0.040346 0.017794
0 0.713256 0.268683 0.025937 0.032028
0 0.498559 0.713523 0.046110 0.117438
0 0.753602 0.051601 0.054755 0.060498
0 0.736311 0.727758 0.048991 0.110320
0 0.347262 0.327402 0.008646 0.021352
0 0.543228 0.761566 0.008646 0.021352
0 0.786744 0.772242 0.046110 0.120996
0 0.025937 0.887900 0.005764 0.032028
0 0.736311 0.841637 0.020173 0.032028
0 0.540346 0.151246 0.037464 0.088968
0 0.925072 0.261566 0.040346 0.067616
0 0.063401 0.772242 0.069164 0.078292
0 0.289625 0.583630 0.054755 0.099644
0 0.855908 0.300712 0.063401 0.088968
0 0.824207 0.208185 0.046110 0.088968
0 0.283862 0.185053 0.008646 0.021352
0 0.069164 0.597865 0.063401 0.085409
0 0.252161 0.855872 0.037464 0.067616
0 0.430836 0.491103 0.020173 0.028470
0 0.364553 0.795374 0.014409 0.060498
0 0.857349 0.418149 0.066282 0.039146
0 0.838617 0.044484 0.017291 0.032028
0 0.609510 0.444840 0.008646 0.021352
0 0.675793 0.895018 0.020173 0.024911
0 0.914986 0.503559 0.008646 0.032028
0 0.393372 0.649466 0.008646 0.032028
0 0.704611 0.451957 0.037464 0.071174
0 0.177233 0.048043 0.043228 0.053381
0 0.507205 0.919929 0.046110 0.053381
0 0.223343 0.286477 0.014409 0.039146
0 0.834294 0.012456 0.008646 0.024911
