0 0.966231 0.774005 0.015251 0.039813
0 0.214597 0.096019 0.010893 0.023419
0 0.751634 0.966042 0.008715 0.011710
0 0.184096 0.418033 0.015251 0.021077
0 0.546841 0.703747 0.061002 0.044496
0 0.508715 0.642857 0.028322 0.035129
0 0.941176 0.275176 0.039216 0.035129
0 0.018519 0.348946 0.037037 0.042155
0 0.765795 0.597190 0.041394 0.060890
0 0.316993 0.386417 0.067538 0.037471
0 0.055556 0.011710 0.028322 0.018735
0 0.617647 0.757611 0.041394 0.035129
0 0.991285 0.750585 0.013072 0.039813
0 0.741830 0.507026 0.006536 0.016393
0 0.462963 0.740047 0.015251 0.042155
0 0.892157 0.929742 0.010893 0.028103
0 0.076253 0.121780 0.052288 0.028103
0 0.148148 0.558548 0.061002 0.044496
0 0.786492 0.827869 0.061002 0.039813
0 0.449891 0.396956 0.019608 0.021077
0 0.183007 0.318501 0.008715 0.014052
0 0.871460 0.364169 0.017429 0.021077
0 0.546841 0.194379 0.026144 0.046838
0 0.697168 0.292740 0.008715 0.014052
0 0.990196 0.250585 0.006536 0.014052
0 0.876906 0.546838 0.010893 0.011710
0 0.538126 0.586651 0.030501 0.049180
0 0.599129 0.628806 0.026144 0.049180
0 0.489107 0.696721 0.063181 0.039813
0 0.260349 0.274005 0.037037 0.046838
0 0.880174 0.641686 0.056645 0.046838
0 0.649237 0.266979 0.061002 0.042155
0 0.742919 0.455504 0.034858 0.035129
0 0.836601 0.155738 0.052288 0.049180
0 0.416122 0.070258 0.047930 0.023419
0 0.824619 0.968384 0.063181 0.039813
0 0.705882 0.366511 0.052288 0.049180
0 0.732026 0.943794 0.026144 0.042155
0 0.904139 0.055035 0.017429 0.021077
0 0.263617 0.777518 0.056645 0.046838
0 0.776688 0.142857 0.063181 0.042155
