0 0.517241 0.748139 0.039409 0.027295
0 0.374384 0.802730 0.014778 0.017370
0 0.608374 0.256824 0.014778 0.022333
0 0.873153 0.450372 0.012315 0.022333
0 0.506158 0.952854 0.036946 0.049628
0 0.337438 0.311414 0.014778 0.012407
0 0.415025 0.736973 0.007389 0.009926
0 0.158867 0.327543 0.022167 0.009926
0 0.633005 0.385856 0.004926 0.012407
0 0.197044 0.509926 0.019704 0.022333
0 0.305419 0.825062 0.004926 0.012407
0 0.114532 0.777916 0.027094 0.027295
0 0.722906 0.542184 0.066502 0.047146
0 0.284483 0.712159 0.007389 0.009926
0 0.470443 0.435484 0.009852 0.027295
0 0.681034 0.518610 0.012315 0.019851
0 0.625616 0.202233 0.059113 0.047146
0 0.778325 0.758065 0.004926 0.012407
0 0.208128 0.637717 0.120690 0.024814
0 0.146552 0.404467 0.007389 0.009926
0 0.982759 0.130273 0.004926 0.012407
0 0.268473 0.060794 0.004926 0.012407
0 0.315271 0.503722 0.019704 0.019851
0 0.439655 0.153846 0.007389 0.009926
