0 0.517448 0.635185 0.017188 0.014815
0 0.385417 0.418519 0.013542 0.018519
0 0.418229 0.907407 0.015625 0.016667
0 0.448437 0.228704 0.004167 0.012963
0 0.234635 0.216667 0.002604 0.007407
0 0.358333 0.843981 0.014583 0.015741
0 0.076302 0.950463 0.010937 0.023148
0 0.786458 0.117130 0.007292 0.012037
0 0.626042 0.424074 0.014583 0.016667
0 0.050000 0.708796 0.004167 0.017593
0 0.112760 0.328704 0.004687 0.011111
0 0.271875 0.980093 0.001042 0.008333
0 0.617969 0.828704 0.006771 0.005556
0 0.232813 0.528241 0.002083 0.004630
0 0.248438 0.268056 0.016667 0.013889
0 0.381250 0.487037 0.013542 0.012963
0 0.568490 0.723148 0.016146 0.014815
0 0.124219 0.412500 0.003646 0.017593
0 0.047917 0.360648 0.009375 0.012037
0 0.128125 0.345833 0.002083 0.004630
0 0.894531 0.783796 0.005729 0.015741
0 0.749479 0.064815 0.002083 0.005556
0 0.848698 0.485648 0.015104 0.015741
0 0.534635 0.015741 0.007812 0.031481
0 0.470052 0.321296 0.015104 0.016667
0 0.865625 0.167130 0.003125 0.010185
0 0.187760 0.121296 0.011979 0.011111
0 0.764323 0.934722 0.007812 0.026852
0 0.493750 0.967593 0.010417 0.024074
0 0.211719 0.868519 0.001563 0.007407
0 0.236198 0.789352 0.006771 0.013889
0 0.477083 0.525000 0.002083 0.007407
0 0.173958 0.567593 0.011458 0.020370
0 0.519792 0.826852 0.010417 0.016667
0 0.245052 0.373148 0.013021 0.020370
