0 0.311667 0.518333 0.070000 0.083333
0 0.941667 0.503333 0.076667 0.073333
0 0.268333 0.741667 0.116667 0.050000
0 0.323333 0.605000 0.053333 0.043333
0 0.963333 0.573333 0.013333 0.020000
0 0.655000 0.835000 0.036667 0.030000
0 0.548333 0.176667 0.010000 0.020000
0 0.500000 0.183333 0.040000 0.040000
0 0.545000 0.603333 0.070000 0.080000
0 0.415000 0.890000 0.130000 0.046667
0 0.866667 0.630000 0.046667 0.026667
0 0.918333 0.830000 0.016667 0.026667
0 0.581667 0.896667 0.016667 0.026667
0 0.225000 0.513333 0.096667 0.060000
0 0.275000 0.443333 0.090000 0.060000
0 0.230000 0.693333 0.020000 0.033333
0 0.476667 0.458333 0.013333 0.016667
0 0.498333 0.460000 0.010000 0.020000
0 0.193333 0.603333 0.086667 0.066667
0 0.965000 0.443333 0.023333 0.040000
0 0.770000 0.365000 0.026667 0.023333
0 0.678333 0.746667 0.083333 0.073333
0 0.705000 0.368333 0.076667 0.070000
0 0.463333 0.153333 0.026667 0.060000
0 0.845000 0.206667 0.010000 0.020000
0 0.521667 0.741667 0.043333 0.023333
0 0.271667 0.976667 0.016667 0.040000
0 0.333333 0.441667 0.013333 0.030000
0 0.556667 0.826667 0.113333 0.053333
0 0.373333 0.366667 0.040000 0.033333
0 0.420000 0.751667 0.086667 0.063333
0 0.851667 0.956667 0.016667 0.013333
0 0.735000 0.958333 0.103333 0.056667
0 0.725000 0.281667 0.050000 0.083333
0 0.850000 0.558333 0.086667 0.063333
0 0.065000 0.595000 0.023333 0.050000
0 0.491667 0.730000 0.010000 0.020000
0 0.178333 0.708333 0.056667 0.056667
