0 0.395294 0.383803 0.023529 0.039906
0 0.042353 0.732394 0.004706 0.004695
0 0.108235 0.881455 0.009412 0.011737
0 0.474118 0.423709 0.040000 0.068075
0 0.428235 0.085681 0.023529 0.011737
0 0.632941 0.419014 0.004706 0.007042
0 0.149412 0.137324 0.068235 0.039906
0 0.030588 0.896714 0.009412 0.004695
0 0.224706 0.238263 0.016471 0.021127
0 0.365882 0.254695 0.002353 0.007042
0 0.960000 0.471831 0.018824 0.018779
0 0.912941 0.145540 0.042353 0.028169
0 0.297647 0.981221 0.016471 0.014085
0 0.147059 0.744131 0.035294 0.023474
0 0.358824 0.084507 0.035294 0.018779
0 0.290588 0.174883 0.035294 0.021127
0 0.649412 0.049296 0.014118 0.009390
0 0.705882 0.286385 0.065882 0.042254
0 0.545882 0.866197 0.028235 0.079812
0 0.370588 0.273474 0.007059 0.007042
0 0.317647 0.228873 0.018824 0.030516
0 0.720000 0.578638 0.051765 0.049296
0 0.892941 0.104460 0.025882 0.049296
0 0.127059 0.494131 0.004706 0.011737
0 0.535294 0.819249 0.016471 0.009390
0 0.942353 0.058685 0.049412 0.056338
0 0.157647 0.469484 0.009412 0.023474
0 0.240000 0.161972 0.056471 0.046948
0 0.869412 0.575117 0.030588 0.009390
