0 0.035897 0.466197 0.005128 0.014085
0 0.046154 0.822535 0.025641 0.039437
0 0.882051 0.346479 0.020513 0.022535
0 0.465385 0.973239 0.017949 0.008451
0 0.475641 0.543662 0.048718 0.045070
0 0.608974 0.256338 0.033333 0.067606
0 0.183333 0.922535 0.033333 0.019718
0 0.600000 0.146479 0.020513 0.011268
0 0.628205 0.077465 0.015385 0.019718
0 0.662821 0.863380 0.028205 0.019718
0 0.251282 0.154930 0.025641 0.073239
0 0.332051 0.212676 0.012821 0.008451
0 0.565385 0.563380 0.064103 0.061972
0 0.260256 0.222535 0.012821 0.016901
0 0.429487 0.878873 0.012821 0.016901
0 0.638462 0.609859 0.025641 0.030986
0 0.556410 0.205634 0.015385 0.039437
0 0.093590 0.725352 0.023077 0.014085
0 0.971795 0.711268 0.051282 0.076056
0 0.252564 0.954930 0.023077 0.016901
0 0.561538 0.314085 0.010256 0.008451
0 0.352564 0.926761 0.053846 0.033803
0 0.307692 0.418310 0.061538 0.036620
0 0.317949 0.692958 0.015385 0.016901
0 0.260256 0.492958 0.043590 0.028169
0 0.525641 0.198592 0.030769 0.008451
0 0.582051 0.711268 0.107692 0.036620
0 0.700000 0.094366 0.020513 0.047887
0 0.946154 0.198592 0.005128 0.014085
0 0.678205 0.932394 0.023077 0.039437
0 0.188462 0.250704 0.023077 0.028169
0 0.516667 0.626761 0.007692 0.008451
0 0.512821 0.588732 0.041026 0.056338
0 0.185897 0.783099 0.053846 0.073239
0 0.398718 0.209859 0.012821 0.014085
0 0.053846 0.604225 0.056410 0.064789
