0 0.244780 0.938372 0.011601 0.034884
0 0.573086 0.375581 0.046404 0.062791
0 0.451276 0.739535 0.011601 0.009302
0 0.044084 0.788372 0.051044 0.041860
0 0.495360 0.945349 0.011601 0.016279
0 0.117169 0.354651 0.006961 0.016279
0 0.882831 0.112791 0.058005 0.048837
0 0.148492 0.447674 0.032483 0.034884
0 0.368910 0.918605 0.009281 0.013953
0 0.315545 0.513953 0.055684 0.051163
0 0.988399 0.154651 0.009281 0.011628
0 0.837587 0.676744 0.051044 0.055814
0 0.341067 0.340698 0.041763 0.034884
0 0.831787 0.630233 0.020882 0.032558
0 0.980278 0.486047 0.006961 0.013953
0 0.512761 0.350000 0.069606 0.039535
0 0.444316 0.288372 0.020882 0.041860
0 0.199536 0.424419 0.013921 0.030233
0 0.750580 0.977907 0.048724 0.016279
0 0.134571 0.530233 0.032483 0.037209
0 0.948956 0.417442 0.018561 0.030233
0 0.259861 0.470930 0.051044 0.053488
0 0.909513 0.827907 0.027842 0.051163
0 0.845708 0.443023 0.062645 0.025581
0 0.411833 0.747674 0.025522 0.044186
0 0.191415 0.586047 0.025522 0.027907
0 0.932715 0.768605 0.051044 0.058140
0 0.177494 0.054651 0.011601 0.011628
0 0.339907 0.575581 0.062645 0.044186
0 0.176334 0.459302 0.009281 0.011628
0 0.823666 0.287209 0.018561 0.011628
0 0.568445 0.418605 0.018561 0.013953
0 0.759861 0.163953 0.011601 0.020930
0 0.192575 0.650000 0.074246 0.039535
0 0.209977 0.519767 0.044084 0.062791
0 0.671694 0.918605 0.011601 0.032558
0 0.632251 0.219767 0.006961 0.016279
0 0.416473 0.553488 0.071926 0.037209
0 0.880510 0.563953 0.030162 0.039535
