0 0.101459 0.223846 0.011936 0.029231
0 0.698939 0.037692 0.021220 0.032308
0 0.445623 0.286923 0.021220 0.038462
0 0.488727 0.197692 0.011936 0.020000
0 0.052387 0.215385 0.033156 0.030769
0 0.234085 0.193077 0.003979 0.007692
0 0.383289 0.040769 0.007958 0.010769
0 0.978780 0.264615 0.013263 0.030769
0 0.850796 0.720000 0.001326 0.006154
0 0.462865 0.396154 0.002653 0.004615
0 0.498674 0.659231 0.005305 0.007692
0 0.034483 0.111538 0.039788 0.026154
0 0.742706 0.475385 0.005305 0.006154
0 0.683687 0.881538 0.001326 0.006154
0 0.413793 0.193846 0.010610 0.012308
0 0.734748 0.159231 0.042440 0.023077
0 0.572944 0.780000 0.010610 0.015385
0 0.807029 0.271538 0.038462 0.026154
0 0.645225 0.131538 0.009284 0.016923
0 0.992042 0.917692 0.007958 0.007692
0 0.708886 0.927692 0.003979 0.009231
0 0.848143 0.059231 0.025199 0.010769
0 0.757958 0.739231 0.009284 0.016923
0 0.912467 0.928462 0.029178 0.035385
0 0.326923 0.660000 0.009284 0.024615
