0 0.478351 0.440402 0.026804 0.026316
0 0.922680 0.234520 0.020619 0.020124
0 0.446392 0.519350 0.012371 0.010836
0 0.804124 0.883127 0.016495 0.013932
0 0.367010 0.750774 0.004124 0.012384
0 0.337629 0.116099 0.003093 0.009288
0 0.098454 0.104489 0.013402 0.035604
0 0.225773 0.407121 0.004124 0.009288
0 0.390722 0.231424 0.020619 0.020124
0 0.947423 0.772446 0.012371 0.018576
0 0.887113 0.658669 0.011340 0.041796
0 0.369588 0.181115 0.005155 0.015480
0 0.125258 0.287926 0.005155 0.006192
0 0.303093 0.127709 0.026804 0.029412
0 0.785567 0.794892 0.004124 0.007740
0 0.867010 0.332043 0.010309 0.023220
0 0.075258 0.558824 0.032990 0.024768
0 0.423711 0.462848 0.010309 0.034056
0 0.051546 0.597523 0.006186 0.027864
0 0.013402 0.409443 0.006186 0.007740
0 0.485567 0.208204 0.006186 0.020124
0 0.419588 0.945820 0.004124 0.009288
0 0.074742 0.493034 0.034021 0.023220
0 0.329381 0.538700 0.003093 0.009288
0 0.838660 0.283282 0.003093 0.009288
0 0.412887 0.551858 0.029897 0.023220
0 0.601546 0.975232 0.003093 0.009288
0 0.717526 0.167183 0.0103093 0.0154799
0 0.0237113 0.653251 0.00618557 0.0154799
0 0.930928 0.671053 0.00618557 0.0139319
0 0.987629 0.775542 0.00618557 0.0154799
