0 0.414118 0.401408 0.014118 0.051643
0 0.335294 0.312207 0.007059 0.014085
0 0.045882 0.096244 0.054118 0.028169
0 0.771765 0.510563 0.009412 0.011737
0 0.754118 0.846244 0.025882 0.016432
0 0.429412 0.951878 0.011765 0.016432
0 0.290588 0.572770 0.030588 0.046948
0 0.718824 0.931925 0.030588 0.061033
0 0.489412 0.590376 0.032941 0.082160
0 0.118824 0.024648 0.030588 0.021127
0 0.776471 0.968310 0.070588 0.039906
0 0.335294 0.786385 0.011765 0.018779
0 0.057647 0.032864 0.007059 0.014085
0 0.447059 0.501174 0.037647 0.053991
0 0.712941 0.848592 0.014118 0.016432
0 0.517647 0.347418 0.009412 0.023474
0 0.410588 0.296948 0.044706 0.063380
0 0.931765 0.517606 0.047059 0.063380
0 0.749412 0.765258 0.007059 0.014085
0 0.405882 0.761737 0.077647 0.035211
0 0.067059 0.900235 0.054118 0.030516
0 0.248235 0.575117 0.030588 0.028169
0 0.096471 0.723005 0.032941 0.018779
0 0.648235 0.212441 0.016471 0.030516
0 0.178824 0.258216 0.018824 0.014085
0 0.291765 0.953052 0.061176 0.046948
0 0.469412 0.652582 0.021176 0.037559
0 0.494118 0.458920 0.009412 0.016432
0 0.391765 0.470657 0.040000 0.068075
0 0.540000 0.954225 0.035294 0.030516
0 0.608235 0.967136 0.007059 0.014085
0 0.743529 0.598592 0.009412 0.014085
0 0.587059 0.254695 0.016471 0.030516
0 0.330588 0.731221 0.063529 0.044601
0 0.482353 0.181925 0.070588 0.039906
0 0.501176 0.659624 0.018824 0.023474
0 0.290588 0.909624 0.011765 0.035211
0 0.441176 0.625587 0.030588 0.025822
0 0.628235 0.447183 0.009412 0.011737
0 0.888235 0.492958 0.035294 0.084507
0 0.238824 0.049296 0.096471 0.028169
0 0.252941 0.713615 0.007059 0.014085
0 0.380000 0.526995 0.082353 0.035211
0 0.064706 0.575117 0.082353 0.032864
