0 0.390511 0.810345 0.003128 0.009404
0 0.337331 0.891850 0.011470 0.006270
0 0.543796 0.365204 0.011470 0.012539
0 0.215328 0.173197 0.003128 0.010972
0 0.087070 0.097179 0.019812 0.025078
0 0.346194 0.081505 0.035454 0.025078
0 0.610010 0.947492 0.025026 0.032915
0 0.507821 0.428683 0.025026 0.017241
0 0.614703 0.770376 0.028154 0.029781
0 0.422836 0.131661 0.011470 0.034483
0 0.092284 0.510188 0.042753 0.020376
0 0.949948 0.950627 0.031283 0.026646
0 0.963504 0.616771 0.004171 0.007837
0 0.454119 0.073668 0.032325 0.025078
0 0.622002 0.237461 0.034411 0.023511
0 0.606882 0.485893 0.012513 0.040752
0 0.350886 0.179467 0.003128 0.010972
0 0.722106 0.206113 0.017727 0.010972
0 0.090198 0.956113 0.028154 0.031348
0 0.673097 0.355799 0.005214 0.009404
0 0.932742 0.724138 0.026069 0.018809
0 0.797185 0.833072 0.007299 0.004702
0 0.159020 0.096395 0.019812 0.042320
0 0.386861 0.835423 0.022941 0.037618
0 0.495308 0.958464 0.014599 0.023511
0 0.122002 0.362853 0.018770 0.045455
0 0.825339 0.945925 0.007299 0.029781
0 0.375391 0.676332 0.016684 0.017241
0 0.714286 0.719436 0.010428 0.012539
0 0.751303 0.189655 0.015641 0.031348
0 0.051616 0.044671 0.011470 0.017241
0 0.427007 0.043887 0.021898 0.025078
0 0.024505 0.948276 0.003128 0.009404
0 0.954119 0.489812 0.027112 0.029781
0 0.808133 0.498433 0.031283 0.028213
0 0.981230 0.500000 0.022941 0.037618
0 0.664755 0.661442 0.013556 0.028213
0 0.688738 0.281348 0.019812 0.042320
0 0.470803 0.923197 0.009385 0.021944
