0 0.339375 0.515556 0.026250 0.057778
0 0.088750 0.447778 0.010000 0.028889
0 0.991250 0.740000 0.017500 0.017778
0 0.530625 0.846667 0.011250 0.066667
0 0.997500 0.304444 0.005000 0.017778
0 0.813750 0.733333 0.010000 0.035556
0 0.651250 0.854444 0.017500 0.046667
0 0.656250 0.618889 0.037500 0.037778
0 0.103125 0.325556 0.043750 0.033333
0 0.050625 0.331111 0.031250 0.044444
0 0.820625 0.226667 0.011250 0.048889
0 0.048125 0.117778 0.003750 0.013333
0 0.448125 0.164444 0.041250 0.035556
0 0.169375 0.306667 0.018750 0.040000
0 0.945000 0.518889 0.037500 0.037778
0 0.928750 0.474444 0.010000 0.033333
0 0.901875 0.183333 0.008750 0.015556
0 0.773125 0.187778 0.008750 0.020000
0 0.591250 0.163333 0.007500 0.011111
0 0.192500 0.072222 0.007500 0.011111
0 0.155000 0.894444 0.005000 0.011111
0 0.694375 0.640000 0.003750 0.013333
0 0.456875 0.574444 0.061250 0.024444
0 0.753750 0.651111 0.005000 0.031111
0 0.938125 0.850000 0.061250 0.024444
0 0.682500 0.370000 0.037500 0.037778
0 0.571875 0.220000 0.018750 0.035556
0 0.873750 0.174444 0.030000 0.042222
0 0.724375 0.222222 0.023750 0.048889
0 0.868750 0.118889 0.022500 0.064444
0 0.243750 0.331111 0.037500 0.022222
0 0.524375 0.116667 0.036250 0.037778
