0 0.393836 0.124130 0.029680 0.011601
0 0.672374 0.170534 0.011416 0.011601
0 0.223744 0.853828 0.041096 0.041763
0 0.787671 0.790023 0.013699 0.039443
0 0.309361 0.699536 0.057078 0.044084
0 0.099315 0.364269 0.057078 0.018561
0 0.863014 0.877030 0.041096 0.064965
0 0.141553 0.258701 0.054795 0.044084
0 0.823059 0.742459 0.047945 0.023202
0 0.730594 0.899072 0.022831 0.020882
0 0.882420 0.515081 0.006849 0.013921
0 0.723744 0.414153 0.027397 0.020882
0 0.134703 0.614849 0.013699 0.027842
0 0.323059 0.046404 0.057078 0.032483
0 0.953196 0.211137 0.043379 0.032483
0 0.495434 0.947796 0.004566 0.020882
0 0.388128 0.636891 0.013699 0.034803
0 0.150685 0.668213 0.054795 0.051044
0 0.738584 0.757541 0.011416 0.011601
0 0.598174 0.916473 0.027397 0.009281
0 0.260274 0.190255 0.059361 0.046404
0 0.815068 0.687935 0.027397 0.081206
0 0.763699 0.863109 0.011416 0.013921
0 0.221461 0.143852 0.068493 0.041763
0 0.134703 0.466357 0.009132 0.013921
0 0.837900 0.779582 0.063927 0.041763
0 0.410959 0.103248 0.004566 0.020882
0 0.694064 0.415313 0.027397 0.013921
0 0.545662 0.612529 0.068493 0.041763
0 0.546804 0.986079 0.011416 0.009281
0 0.495434 0.709977 0.031963 0.055684
0 0.472603 0.918794 0.082192 0.032483
0 0.517123 0.645012 0.006849 0.018561
0 0.665525 0.255220 0.029680 0.060325
0 0.899543 0.624130 0.082192 0.032483
0 0.190639 0.882831 0.006849 0.016241
