0 0.701422 0.417892 0.052133 0.056373
0 0.529621 0.735294 0.035545 0.053922
0 0.571090 0.605392 0.056872 0.053922
0 0.588863 0.276961 0.007109 0.019608
0 0.370853 0.625000 0.063981 0.044118
0 0.887441 0.069853 0.082938 0.036765
0 0.399289 0.156863 0.035545 0.049020
0 0.640995 0.938725 0.016588 0.024510
0 0.059242 0.840686 0.042654 0.049020
0 0.056872 0.215686 0.009479 0.024510
0 0.325829 0.488971 0.030806 0.022059
0 0.508294 0.615196 0.063981 0.044118
0 0.864929 0.294118 0.075829 0.039216
0 0.451422 0.580882 0.040284 0.034314
0 0.445498 0.862745 0.037915 0.068627
0 0.139810 0.834559 0.009479 0.012255
0 0.447867 0.296569 0.071090 0.044118
0 0.247630 0.378676 0.011848 0.022059
0 0.099526 0.454657 0.028436 0.051471
0 0.571090 0.238971 0.028436 0.017157
0 0.857820 0.871324 0.009479 0.017157
0 0.501185 0.117647 0.026066 0.034314
0 0.404028 0.236520 0.016588 0.007353
0 0.973934 0.088235 0.037915 0.044118
0 0.122038 0.034314 0.007109 0.014706
0 0.667062 0.648284 0.011848 0.036765
0 0.786730 0.974265 0.033175 0.017157
0 0.242891 0.542892 0.026066 0.071078
0 0.372038 0.578431 0.052133 0.019608
0 0.684834 0.133578 0.023697 0.051471
