0 0.922414 0.778889 0.020376 0.037778
0 0.909091 0.900000 0.015674 0.031111
0 0.432602 0.275556 0.028213 0.062222
0 0.566614 0.426667 0.039185 0.048889
0 0.171630 0.064444 0.010972 0.022222
0 0.803292 0.952222 0.054859 0.033333
0 0.313480 0.821111 0.037618 0.046667
0 0.257837 0.881111 0.036050 0.033333
0 0.032915 0.890000 0.021944 0.033333
0 0.130094 0.303333 0.012539 0.042222
0 0.635580 0.273333 0.042320 0.040000
0 0.439655 0.332222 0.007837 0.028889
0 0.076019 0.472222 0.020376 0.046667
0 0.352665 0.078889 0.028213 0.064444
0 0.118339 0.252222 0.023511 0.051111
0 0.813480 0.237778 0.006270 0.022222
0 0.365204 0.726667 0.059561 0.031111
0 0.047806 0.541111 0.010972 0.006667
0 0.248433 0.074444 0.048589 0.037778
0 0.536834 0.107778 0.007837 0.015556
0 0.757053 0.343333 0.028213 0.064444
0 0.307210 0.885556 0.018809 0.037778
0 0.490596 0.963333 0.059561 0.028889
0 0.188871 0.382222 0.004702 0.013333
0 0.464734 0.397778 0.004702 0.013333
0 0.816614 0.527778 0.040752 0.046667
0 0.796238 0.291111 0.009404 0.026667
0 0.944357 0.803333 0.007837 0.015556
0 0.727273 0.354444 0.028213 0.037778
0 0.253918 0.585556 0.028213 0.042222
0 0.159091 0.801111 0.004702 0.015556
0 0.858934 0.723333 0.009404 0.006667
0 0.678683 0.407778 0.034483 0.055556
0 0.384796 0.350000 0.039185 0.046667
0 0.238245 0.274444 0.006270 0.011111
0 0.212382 0.135556 0.070533 0.026667
0 0.347179 0.865556 0.054859 0.033333
0 0.365204 0.816667 0.012539 0.037778
0 0.311912 0.940000 0.037618 0.048889
0 0.344828 0.378889 0.031348 0.060000
0 0.837774 0.696667 0.048589 0.037778
0 0.765674 0.531111 0.007837 0.013333
