0 0.176692 0.487500 0.072682 0.030000
0 0.568922 0.126250 0.010025 0.037500
0 0.630326 0.428750 0.017544 0.017500
0 0.899749 0.475000 0.005013 0.020000
0 0.483709 0.658750 0.005013 0.007500
0 0.050125 0.148750 0.010025 0.017500
0 0.291980 0.945000 0.007519 0.010000
0 0.843358 0.491250 0.012531 0.017500
0 0.080201 0.751250 0.035088 0.017500
0 0.859649 0.241250 0.055138 0.032500
0 0.849624 0.988750 0.005013 0.012500
0 0.682957 0.473750 0.072682 0.042500
0 0.466165 0.503750 0.015038 0.047500
0 0.147870 0.691250 0.020050 0.027500
0 0.259398 0.043750 0.017544 0.032500
0 0.518797 0.936250 0.005013 0.007500
0 0.144110 0.312500 0.002506 0.005000
0 0.203008 0.780000 0.020050 0.020000
0 0.417293 0.267500 0.007519 0.010000
0 0.216792 0.445000 0.012531 0.020000
0 0.516291 0.248750 0.025063 0.022500
0 0.548872 0.911250 0.025063 0.017500
