0 0.968205 0.533333 0.002051 0.008889
0 0.241026 0.233333 0.026667 0.031111
0 0.494359 0.025185 0.028718 0.026667
0 0.805128 0.954074 0.012308 0.011852
0 0.342051 0.864444 0.003077 0.004444
0 0.971795 0.619259 0.029744 0.026667
0 0.343590 0.811111 0.004103 0.013333
0 0.406667 0.685185 0.007179 0.013333
0 0.635897 0.685185 0.002051 0.007407
0 0.295897 0.776296 0.023590 0.032593
0 0.688718 0.819259 0.007179 0.020741
0 0.104615 0.224444 0.006154 0.022222
0 0.280000 0.017778 0.024615 0.026667
0 0.605128 0.406667 0.004103 0.010370
0 0.463590 0.404444 0.002051 0.008889
0 0.594872 0.334815 0.004103 0.011852
0 0.309231 0.131852 0.003077 0.005926
0 0.202564 0.911111 0.025641 0.023704
0 0.747692 0.334815 0.014359 0.017778
0 0.499487 0.057778 0.008205 0.029630
