0 0.403614 0.685484 0.060241 0.067742
0 0.932530 0.588710 0.019277 0.048387
0 0.813253 0.180645 0.021687 0.032258
0 0.954217 0.185484 0.014458 0.035484
0 0.477108 0.888710 0.081928 0.048387
0 0.081928 0.124194 0.014458 0.048387
0 0.809639 0.587097 0.014458 0.019355
0 0.061446 0.193548 0.007229 0.012903
0 0.336145 0.209677 0.007229 0.012903
0 0.771084 0.711290 0.067470 0.061290
0 0.968675 0.682258 0.004819 0.016129
0 0.927711 0.322581 0.053012 0.070968
0 0.312048 0.900000 0.007229 0.012903
0 0.275904 0.296774 0.007229 0.019355
0 0.742169 0.512903 0.024096 0.019355
0 0.609639 0.987097 0.024096 0.025806
0 0.321687 0.130645 0.007229 0.016129
0 0.108434 0.053226 0.004819 0.016129
0 0.026506 0.029032 0.014458 0.045161
0 0.563855 0.180645 0.038554 0.032258
0 0.890361 0.574194 0.060241 0.064516
0 0.897590 0.382258 0.012048 0.022581
0 0.866265 0.272581 0.065060 0.061290
0 0.127711 0.919355 0.009639 0.019355
0 0.653012 0.788710 0.043373 0.080645
0 0.110843 0.920968 0.009639 0.022581
0 0.327711 0.503226 0.014458 0.006452
0 0.198795 0.506452 0.00722892 0.0258065
0 0.183133 0.583871 0.00963855 0.0322581
0 0.16988 0.604839 0.0120482 0.0290323
0 0.118072 0.514516 0.00963855 0.0290323
0 0.274699 0.635484 0.00963855 0.0258065
0 0.286747 0.632258 0.00963855 0.0258065
0 0.112048 0.746774 0.0216867 0.0612903
