0 0.703125 0.460280 0.035714 0.018692
0 0.147321 0.877336 0.008929 0.011682
0 0.145089 0.838785 0.093750 0.028037
0 0.962054 0.554907 0.075893 0.035047
0 0.453125 0.648364 0.058036 0.021028
0 0.625000 0.552570 0.022321 0.016355
0 0.282366 0.981308 0.020089 0.014019
0 0.170759 0.619159 0.011161 0.009346
0 0.566964 0.174065 0.017857 0.063084
0 0.823661 0.265187 0.040179 0.044393
0 0.816964 0.453271 0.035714 0.042056
0 0.668527 0.460280 0.024554 0.009346
0 0.024554 0.408879 0.035714 0.051402
0 0.906250 0.610981 0.022321 0.021028
0 0.129464 0.633178 0.022321 0.009346
0 0.175223 0.519860 0.037946 0.067757
0 0.601562 0.917056 0.006696 0.016355
0 0.786830 0.981308 0.006696 0.014019
0 0.933036 0.516355 0.017857 0.018692
0 0.683036 0.313084 0.008929 0.023364
0 0.920759 0.810748 0.006696 0.014019
0 0.044643 0.735981 0.017857 0.009346
0 0.914062 0.682243 0.029018 0.051402
0 0.907366 0.500000 0.006696 0.014019
0 0.027902 0.550234 0.015625 0.049065
0 0.313616 0.162383 0.037946 0.063084
0 0.438616 0.906542 0.006696 0.018692
0 0.429688 0.224299 0.060268 0.042056
0 0.915179 0.635514 0.053571 0.023364
0 0.359375 0.685748 0.022321 0.039720
0 0.802455 0.372664 0.046875 0.058411
0 0.570312 0.809579 0.006696 0.021028
0 0.088170 0.783879 0.033482 0.077103
0 0.133929 0.494159 0.035714 0.053738
0 0.032366 0.399533 0.060268 0.023364
0 0.610491 0.165888 0.006696 0.014019
0 0.632812 0.221963 0.015625 0.032710
0 0.505580 0.869159 0.060268 0.042056
