0 0.580435 0.413043 0.082609 0.052174
0 0.967391 0.713043 0.021739 0.017391
0 0.967391 0.234783 0.056522 0.173913
0 0.371739 0.169565 0.021739 0.017391
0 0.991304 0.700000 0.017391 0.034783
0 0.595652 0.697826 0.130435 0.073913
0 0.676087 0.973913 0.021739 0.017391
0 0.278261 0.445652 0.060870 0.065217
0 0.865217 0.106522 0.139130 0.073913
0 0.615217 0.615217 0.013043 0.039130
0 0.778261 0.810870 0.043478 0.091304
0 0.217391 0.504348 0.104348 0.043478
0 0.960870 0.106522 0.043478 0.056522
0 0.210870 0.923913 0.013043 0.039130
0 0.330435 0.852174 0.034783 0.026087
0 0.160870 0.408696 0.095652 0.069565
0 0.280435 0.134783 0.013043 0.060870
0 0.036957 0.708696 0.030435 0.017391
0 0.139130 0.097826 0.017391 0.021739
0 0.591304 0.110870 0.121739 0.082609
0 0.019565 0.245652 0.021739 0.021739
0 0.834783 0.415217 0.017391 0.021739
0 0.750000 0.491304 0.082609 0.069565
0 0.189130 0.328261 0.056522 0.082609
0 0.478261 0.697826 0.060870 0.100000
0 0.263043 0.306522 0.073913 0.073913
0 0.543478 0.565217 0.121739 0.078261
0 0.313043 0.115217 0.043478 0.082609
0 0.473913 0.389130 0.121739 0.082609
0 0.300000 0.054348 0.017391 0.030435
0 0.143478 0.732609 0.034783 0.056522
0 0.717391 0.636957 0.052174 0.082609
0 0.134783 0.682609 0.078261 0.034783
0 0.300000 0.932609 0.043478 0.082609
0 0.680435 0.445652 0.047826 0.047826
