0 0.340909 0.344749 0.020661 0.031963
0 0.588843 0.547945 0.078512 0.063927
0 0.049587 0.180365 0.057851 0.159817
0 0.206612 0.773973 0.107438 0.050228
0 0.485537 0.680365 0.037190 0.018265
0 0.615702 0.691781 0.049587 0.031963
0 0.400826 0.696347 0.107438 0.086758
0 0.080579 0.892694 0.028926 0.077626
0 0.898760 0.038813 0.020661 0.022831
0 0.884298 0.922374 0.033058 0.054795
0 0.919421 0.232877 0.012397 0.018265
0 0.126033 0.899543 0.004132 0.009132
0 0.497934 0.431507 0.012397 0.050228
0 0.138430 0.767123 0.020661 0.063927
0 0.760331 0.372146 0.008264 0.013699
0 0.772727 0.070776 0.057851 0.068493
0 0.291322 0.066210 0.012397 0.031963
0 0.316116 0.157534 0.004132 0.013699
0 0.266529 0.271689 0.095041 0.068493
0 0.274793 0.639269 0.012397 0.018265
0 0.836777 0.671233 0.136364 0.073059
0 0.446281 0.036530 0.041322 0.027397
0 0.754132 0.616438 0.020661 0.027397
0 0.572314 0.481735 0.128099 0.059361
0 0.177686 0.525114 0.008264 0.009132
0 0.497934 0.043379 0.004132 0.013699
0 0.489669 0.926941 0.020661 0.054795
0 0.126033 0.047945 0.045455 0.059361
0 0.020661 0.342466 0.033058 0.036530
0 0.931818 0.874429 0.020661 0.059361
