0 0.814844 0.955556 0.010937 0.011111
0 0.579688 0.920139 0.001563 0.004167
0 0.104688 0.636806 0.007812 0.006944
0 0.355469 0.186806 0.001563 0.004167
0 0.042188 0.929861 0.007812 0.009722
0 0.602734 0.775694 0.000781 0.004167
0 0.265625 0.926389 0.021875 0.025000
0 0.119922 0.200000 0.021094 0.025000
0 0.325391 0.068750 0.007031 0.018056
0 0.638672 0.588889 0.016406 0.011111
0 0.166797 0.088194 0.003906 0.012500
0 0.431250 0.045833 0.007812 0.013889
0 0.548828 0.804167 0.027344 0.019444
0 0.817578 0.747917 0.007031 0.018056
0 0.833984 0.613889 0.024219 0.022222
0 0.408203 0.104861 0.008594 0.020833
0 0.532813 0.974306 0.001563 0.004167
0 0.109375 0.051389 0.001563 0.011111
0 0.330078 0.769444 0.007031 0.011111
0 0.618750 0.375000 0.007812 0.011111
0 0.169531 0.261806 0.006250 0.037500
0 0.646094 0.090278 0.001563 0.008333
0 0.107422 0.790278 0.008594 0.013889
0 0.282422 0.127778 0.002344 0.013889
0 0.360156 0.054861 0.001563 0.006944
0 0.611719 0.033333 0.006250 0.022222
0 0.544531 0.575000 0.025000 0.022222
0 0.637500 0.304861 0.020313 0.026389
0 0.580859 0.153472 0.022656 0.023611
0 0.741016 0.471528 0.008594 0.012500
0 0.531250 0.664583 0.009375 0.012500
