0 0.202160 0.666012 0.006173 0.027505
0 0.867284 0.545187 0.052469 0.029470
0 0.651235 0.592338 0.006173 0.009823
0 0.646605 0.851670 0.043210 0.037328
0 0.841821 0.914538 0.007716 0.017682
0 0.368056 0.591356 0.004630 0.015717
0 0.177469 0.462672 0.006173 0.009823
0 0.675926 0.586444 0.040123 0.033399
0 0.167438 0.673870 0.047840 0.031434
0 0.149691 0.444990 0.040123 0.041257
0 0.084105 0.127701 0.004630 0.015717
0 0.588735 0.200393 0.013889 0.003929
0 0.820216 0.247544 0.038580 0.043222
0 0.672840 0.329077 0.012346 0.033399
0 0.343364 0.771120 0.016975 0.029470
0 0.300154 0.055992 0.016975 0.029470
0 0.625772 0.170923 0.016975 0.015717
0 0.804012 0.541257 0.037037 0.041257
0 0.590278 0.707269 0.032407 0.023576
0 0.993827 0.588409 0.009259 0.013752
0 0.262346 0.975442 0.006173 0.009823
0 0.029321 0.809430 0.024691 0.047151
0 0.487654 0.217092 0.015432 0.029470
0 0.456790 0.120825 0.027778 0.041257
0 0.129630 0.407662 0.009259 0.029470
0 0.307099 0.909627 0.006173 0.011788
0 0.439815 0.976424 0.021605 0.035363
0 0.918981 0.908644 0.016975 0.041257
0 0.692130 0.939096 0.004630 0.011788
0 0.701389 0.699411 0.013889 0.031434
0 0.434414 0.359528 0.050926 0.031434
0 0.615741 0.798625 0.027778 0.056974
0 0.104167 0.650295 0.007716 0.019646
0 0.225309 0.825147 0.015432 0.019646
0 0.706790 0.794695 0.009259 0.017682
0 0.951389 0.978389 0.007716 0.007859
0 0.565586 0.806483 0.063272 0.025540
0 0.059414 0.919450 0.047840 0.031434
0 0.111111 0.556974 0.012346 0.025540
0 0.896605 0.810413 0.024691 0.013752
0 0.194444 0.361493 0.024691 0.031434
0 0.787809 0.755403 0.029321 0.021611
0 0.516204 0.810413 0.020062 0.021611
