0 0.736000 0.081633 0.068000 0.036281
0 0.626000 0.150794 0.012000 0.029478
0 0.741000 0.298186 0.006000 0.015873
0 0.782000 0.632653 0.044000 0.045351
0 0.756000 0.268707 0.008000 0.011338
0 0.156000 0.562358 0.020000 0.036281
0 0.692000 0.064626 0.016000 0.043084
0 0.729000 0.054422 0.006000 0.013605
0 0.657000 0.885488 0.022000 0.020408
0 0.889000 0.311791 0.018000 0.011338
0 0.045000 0.541950 0.018000 0.040816
0 0.453000 0.630385 0.018000 0.018141
0 0.833000 0.557823 0.026000 0.009070
0 0.739000 0.651927 0.022000 0.034014
0 0.703000 0.740363 0.082000 0.029478
0 0.242000 0.227891 0.020000 0.052154
0 0.500000 0.428571 0.036000 0.040816
0 0.128000 0.289116 0.008000 0.011338
0 0.541000 0.317460 0.054000 0.013605
0 0.074000 0.258503 0.032000 0.040816
0 0.176000 0.837868 0.020000 0.011338
0 0.203000 0.685941 0.054000 0.043084
0 0.629000 0.651927 0.010000 0.020408
0 0.497000 0.107710 0.026000 0.056689
0 0.086000 0.836735 0.016000 0.031746
0 0.307000 0.069161 0.034000 0.047619
0 0.094000 0.787982 0.004000 0.020408
0 0.675000 0.160998 0.034000 0.072562
0 0.260000 0.740363 0.060000 0.038549
0 0.556000 0.146259 0.020000 0.034014
0 0.797000 0.277778 0.006000 0.015873
0 0.889000 0.672336 0.078000 0.029478
0 0.512000 0.834467 0.012000 0.045351
0 0.383000 0.202948 0.018000 0.024943
0 0.961000 0.896825 0.022000 0.020408
0 0.962000 0.488662 0.068000 0.034014
0 0.764000 0.843537 0.044000 0.054422
0 0.226000 0.784580 0.008000 0.031746
0 0.419000 0.941043 0.014000 0.031746
0 0.652000 0.851474 0.056000 0.043084
0 0.870000 0.218821 0.012000 0.015873
0 0.557000 0.963719 0.014000 0.018141
0 0.624000 0.332200 0.040000 0.052154
0 0.112000 0.270975 0.008000 0.029478
0 0.765000 0.306122 0.014000 0.009070
0 0.291000 0.530612 0.050000 0.049887
0 0.657000 0.663265 0.010000 0.024943
0 0.958000 0.653061 0.048000 0.049887
