0 0.333333 0.966253 0.003693 0.006887
0 0.126039 0.905647 0.002770 0.004132
0 0.917821 0.838843 0.011080 0.011019
0 0.131117 0.280303 0.005540 0.015152
0 0.390120 0.138430 0.019391 0.026171
0 0.712373 0.424242 0.006464 0.016529
0 0.355032 0.960744 0.008310 0.017906
0 0.198523 0.441460 0.003693 0.004132
0 0.101570 0.887741 0.007387 0.009642
0 0.357802 0.104683 0.024931 0.027548
0 0.511542 0.544766 0.001847 0.006887
0 0.738227 0.855372 0.023084 0.019284
0 0.818098 0.348485 0.005540 0.008264
0 0.901200 0.563361 0.022161 0.019284
0 0.073407 0.545455 0.012004 0.016529
0 0.743767 0.051653 0.015697 0.009642
0 0.610803 0.165978 0.002770 0.009642
0 0.042475 0.603306 0.001847 0.008264
0 0.012465 0.912534 0.002770 0.004132
0 0.644968 0.758953 0.004617 0.005510
0 0.680055 0.181818 0.019391 0.033058
0 0.715605 0.310606 0.029548 0.023416
0 0.525854 0.579890 0.015697 0.019284
0 0.451985 0.189394 0.012004 0.017906
0 0.221607 0.092975 0.016620 0.017906
0 0.233149 0.012397 0.017544 0.019284
0 0.806556 0.235537 0.004617 0.005510
0 0.268698 0.717631 0.007387 0.008264
0 0.215605 0.984848 0.023084 0.030303
0 0.479224 0.907713 0.016620 0.013774
0 0.210065 0.379477 0.002770 0.004132
0 0.272392 0.098485 0.001847 0.009642
