0 0.597414 0.075153 0.043103 0.064417
0 0.017241 0.098160 0.017241 0.024540
0 0.706897 0.369632 0.034483 0.039877
0 0.030172 0.549080 0.022414 0.085890
0 0.093103 0.246933 0.020690 0.015337
0 0.952586 0.815951 0.056897 0.049080
0 0.702586 0.417178 0.005172 0.024540
0 0.750000 0.717791 0.031034 0.085890
0 0.011207 0.384969 0.012069 0.046012
0 0.118103 0.078221 0.032759 0.082822
0 0.930172 0.484663 0.046552 0.061350
0 0.663793 0.346626 0.048276 0.055215
0 0.025000 0.659509 0.036207 0.079755
0 0.195690 0.539877 0.025862 0.055215
0 0.188793 0.677914 0.008621 0.042945
0 0.624138 0.863497 0.037931 0.076687
0 0.404310 0.308282 0.053448 0.052147
0 0.669828 0.877301 0.039655 0.067485
0 0.695690 0.825153 0.008621 0.012270
0 0.549138 0.113497 0.015517 0.042945
0 0.512931 0.406442 0.053448 0.052147
0 0.980172 0.553681 0.036207 0.070552
0 0.006897 0.668712 0.013793 0.030675
0 0.653448 0.697853 0.037931 0.070552
0 0.737931 0.099693 0.017241 0.070552
0 0.646552 0.785276 0.024138 0.073620
0 0.183621 0.369632 0.039655 0.070552
0 0.127586 0.834356 0.044828 0.061350
0 0.890517 0.567485 0.025862 0.036810
0 0.660345 0.532209 0.006897 0.015337
0 0.849138 0.263804 0.043103 0.061350
0 0.266379 0.653374 0.032759 0.042945
0 0.131034 0.311350 0.037931 0.076687
0 0.430172 0.519939 0.005172 0.021472
0 0.087069 0.889571 0.032759 0.079755
0 0.414655 0.892638 0.050000 0.055215
0 0.711207 0.716258 0.043103 0.064417
0 0.073276 0.153374 0.029310 0.036810
0 0.640517 0.650307 0.005172 0.018405
