0 0.650714 0.287885 0.000857 0.002997
0 0.015000 0.438356 0.000286 0.000856
0 0.094429 0.750642 0.004286 0.006421
0 0.781143 0.408176 0.008571 0.007277
0 0.559000 0.326413 0.003143 0.008990
0 0.513429 0.760274 0.004000 0.003425
0 0.018571 0.695848 0.000571 0.001284
0 0.737571 0.901969 0.000286 0.001712
0 0.504714 0.313998 0.002000 0.005565
0 0.826714 0.709974 0.003143 0.007277
0 0.748000 0.900043 0.001143 0.002140
0 0.575857 0.396190 0.001429 0.002140
0 0.365000 0.084118 0.002000 0.003853
0 0.234429 0.572346 0.000857 0.000856
0 0.239000 0.665882 0.000857 0.002140
0 0.475000 0.647902 0.000857 0.005565
0 0.877000 0.376498 0.004857 0.009846
0 0.283857 0.217680 0.008286 0.007277
0 0.455429 0.979024 0.008000 0.007705
0 0.203286 0.986087 0.009429 0.005565
0 0.651429 0.165882 0.001714 0.002997
0 0.382714 0.327483 0.006000 0.003425
0 0.174429 0.584974 0.004857 0.008134
0 0.587429 0.343964 0.006857 0.008990
0 0.649571 0.357663 0.00428571 0.00813356
0 0.296 0.494435 0.00342857 0.0111301
0 0.890143 0.907962 0.00371429 0.0111301
0 0.307143 0.502997 0.00342857 0.00856164
0 0.351 0.769478 0.00314286 0.00813356
0 0.603286 0.463185 0.00314286 0.00770548
0 0.203857 0.104452 0.00371429 0.00856164
0 0.651 0.371575 0.00371429 0.00770548
0 0.203429 0.0535103 0.00457143 0.00941781
0 0.370286 0.47774 0.00285714 0.00856164
