0 0.121993 0.618794 0.024055 0.039007
0 0.362543 0.058511 0.065292 0.053191
0 0.692440 0.374113 0.030928 0.039007
0 0.513746 0.471631 0.051546 0.063830
0 0.168385 0.501773 0.109966 0.053191
0 0.243986 0.609929 0.103093 0.049645
0 0.616838 0.271277 0.003436 0.010638
0 0.156357 0.097518 0.085911 0.039007
0 0.783505 0.721631 0.013746 0.024823
0 0.420962 0.166667 0.003436 0.007092
0 0.857388 0.879433 0.003436 0.014184
0 0.761168 0.251773 0.024055 0.049645
0 0.257732 0.113475 0.041237 0.063830
0 0.085911 0.411348 0.006873 0.021277
0 0.097938 0.156028 0.051546 0.049645
0 0.158076 0.168440 0.006873 0.010638
0 0.673540 0.581560 0.048110 0.063830
0 0.189003 0.234043 0.013746 0.028369
0 0.225086 0.049645 0.024055 0.056738
0 0.835052 0.773050 0.006873 0.021277
0 0.893471 0.865248 0.034364 0.035461
0 0.783505 0.762411 0.020619 0.007092
0 0.969072 0.824468 0.061856 0.081560
0 0.972509 0.406028 0.020619 0.046099
0 0.580756 0.556738 0.061856 0.078014
0 0.761168 0.187943 0.092784 0.063830
0 0.173540 0.437943 0.037801 0.046099
0 0.353952 0.203901 0.013746 0.003546
0 0.292096 0.890071 0.0137457 0.0283688
0 0.362543 0.921986 0.0103093 0.0283688
0 0.376289 0.921986 0.0103093 0.0283688
