0 0.263514 0.798283 0.016517 0.021459
0 0.246997 0.761803 0.049550 0.034335
0 0.119369 0.763948 0.019520 0.021459
0 0.846847 0.107296 0.006006 0.017167
0 0.361111 0.881974 0.004505 0.012876
0 0.100601 0.665236 0.012012 0.012876
0 0.643393 0.833691 0.016517 0.036481
0 0.550300 0.305794 0.004505 0.015021
0 0.932432 0.417382 0.006006 0.010730
0 0.904655 0.731760 0.037538 0.042918
0 0.554805 0.890558 0.031532 0.055794
0 0.821321 0.472103 0.021021 0.021459
0 0.612613 0.549356 0.012012 0.008584
0 0.715465 0.027897 0.013514 0.021459
0 0.814565 0.413090 0.022523 0.027897
0 0.747748 0.659871 0.048048 0.036481
0 0.668168 0.495708 0.045045 0.030043
0 0.395646 0.839056 0.004505 0.021459
0 0.322823 0.744635 0.024024 0.068670
0 0.764264 0.592275 0.006006 0.012876
0 0.926426 0.331545 0.009009 0.010730
0 0.756006 0.610515 0.004505 0.019313
0 0.063063 0.054721 0.009009 0.015021
0 0.963213 0.070815 0.040541 0.042918
0 0.210961 0.578326 0.034535 0.049356
0 0.167417 0.154506 0.004505 0.017167
0 0.111862 0.357296 0.037538 0.045064
0 0.128378 0.877682 0.004505 0.012876
0 0.724474 0.383047 0.028529 0.040773
0 0.087838 0.747854 0.040541 0.040773
0 0.918168 0.363734 0.019520 0.023605
0 0.969219 0.747854 0.019520 0.049356
0 0.839339 0.134120 0.006006 0.019313
0 0.578078 0.325107 0.009009 0.023605
0 0.772523 0.063305 0.034535 0.049356
0 0.978228 0.946352 0.037538 0.030043
0 0.042042 0.706009 0.018018 0.012876
0 0.617868 0.135193 0.004505 0.017167
0 0.210961 0.193133 0.025526 0.042918
0 0.680931 0.434549 0.034535 0.045064
0 0.431682 0.355150 0.004505 0.015021
0 0.190691 0.767167 0.039039 0.019313
0 0.089339 0.478541 0.025526 0.021459
0 0.472222 0.035408 0.007508 0.010730
0 0.207207 0.522532 0.015015 0.049356
0 0.156156 0.896996 0.030030 0.047210
0 0.858108 0.810086 0.043544 0.027897
0 0.436937 0.954936 0.042042 0.038627
0 0.518018 0.940987 0.018018 0.040773
0 0.132132 0.537554 0.009009 0.027897
