0 0.115732 0.925316 0.039783 0.037975
0 0.584991 0.177215 0.048825 0.050633
0 0.810127 0.253165 0.054250 0.035443
0 0.047920 0.411392 0.012658 0.037975
0 0.224231 0.973418 0.043400 0.048101
0 0.627486 0.937975 0.054250 0.032911
0 0.741410 0.063291 0.039783 0.060759
0 0.516275 0.901266 0.023508 0.050633
0 0.696203 0.272152 0.010850 0.007595
0 0.643761 0.332911 0.007233 0.012658
0 0.149186 0.132911 0.009042 0.012658
0 0.485533 0.488608 0.016275 0.015190
0 0.152803 0.530380 0.041591 0.058228
0 0.242315 0.472152 0.028933 0.053165
0 0.275769 0.756962 0.048825 0.030380
0 0.822785 0.694937 0.018083 0.073418
0 0.739602 0.511392 0.014467 0.020253
0 0.223327 0.848101 0.005425 0.015190
0 0.205244 0.049367 0.027125 0.083544
0 0.120253 0.875949 0.045208 0.055696
0 0.496383 0.445570 0.005425 0.015190
0 0.444846 0.488608 0.007233 0.015190
0 0.182640 0.740506 0.054250 0.043038
0 0.162749 0.264557 0.021700 0.063291
0 0.891501 0.869620 0.018083 0.022785
0 0.825497 0.888608 0.005425 0.015190
0 0.079566 0.924051 0.028933 0.081013
0 0.964738 0.956962 0.027125 0.050633
0 0.230561 0.546835 0.005425 0.015190
0 0.080470 0.349367 0.016275 0.040506
0 0.320072 0.117722 0.007233 0.017722
0 0.188065 0.326582 0.043400 0.055696
0 0.945750 0.298734 0.032550 0.065823
0 0.687161 0.853165 0.010850 0.035443
0 0.037071 0.416456 0.005425 0.017722
0 0.754973 0.244304 0.023508 0.017722
0 0.841772 0.620253 0.034358 0.045570
