0 0.809172 0.820339 0.056213 0.074576
0 0.417160 0.535593 0.029586 0.067797
0 0.686391 0.871186 0.029586 0.027119
0 0.202663 0.040678 0.014793 0.061017
0 0.857988 0.815254 0.005917 0.016949
0 0.057692 0.771186 0.014793 0.010169
0 0.247041 0.786441 0.014793 0.040678
0 0.288462 0.716949 0.014793 0.023729
0 0.443787 0.835593 0.005917 0.016949
0 0.227811 0.777966 0.005917 0.023729
0 0.770710 0.645763 0.026627 0.030508
0 0.889053 0.150847 0.008876 0.010169
0 0.183432 0.106780 0.017751 0.023729
0 0.034024 0.684746 0.014793 0.013559
0 0.649408 0.845763 0.020710 0.016949
0 0.773669 0.232203 0.008876 0.010169
0 0.488166 0.684746 0.029586 0.054237
0 0.406805 0.645763 0.014793 0.010169
0 0.881657 0.437288 0.088757 0.061017
0 0.400888 0.720339 0.014793 0.016949
0 0.161243 0.557627 0.008876 0.010169
0 0.578402 0.925424 0.050296 0.047458
0 0.476331 0.035593 0.005917 0.016949
0 0.402367 0.60678 0.00591716 0.020339
0 0.399408 0.60678 0.00591716 0.020339
