0 0.250471 0.904878 0.033898 0.053659
0 0.268362 0.813415 0.058380 0.041463
0 0.738230 0.037805 0.022599 0.031707
0 0.046139 0.700000 0.024482 0.034146
0 0.143126 0.929268 0.056497 0.043902
0 0.960452 0.412195 0.041431 0.053659
0 0.842750 0.917073 0.028249 0.043902
0 0.234463 0.163415 0.035782 0.068293
0 0.545198 0.053659 0.013183 0.029268
0 0.116761 0.421951 0.041431 0.029268
0 0.120527 0.157317 0.007533 0.021951
0 0.366290 0.209756 0.009416 0.019512
0 0.457627 0.523171 0.037665 0.051220
0 0.781544 0.714634 0.003766 0.024390
0 0.488701 0.541463 0.005650 0.014634
0 0.866290 0.581707 0.011299 0.007317
0 0.596045 0.404878 0.009416 0.019512
0 0.706215 0.837805 0.041431 0.056098
0 0.116761 0.776829 0.064030 0.036585
0 0.979284 0.710976 0.015066 0.036585
0 0.367232 0.732927 0.015066 0.007317
0 0.782486 0.762195 0.016949 0.007317
0 0.516008 0.093902 0.037665 0.060976
0 0.530132 0.951220 0.032015 0.063415
0 0.029190 0.434146 0.024482 0.014634
0 0.338041 0.293902 0.013183 0.036585
0 0.083804 0.131707 0.062147 0.039024
0 0.680791 0.054878 0.028249 0.021951
0 0.842750 0.302439 0.054614 0.043902
0 0.803202 0.953659 0.005650 0.014634
0 0.632768 0.829268 0.037665 0.019512
0 0.870056 0.840244 0.052731 0.046341
0 0.197740 0.171951 0.003766 0.021951
0 0.154426 0.429268 0.022599 0.043902
0 0.822034 0.569512 0.065913 0.026829
0 0.885122 0.114634 0.015066 0.043902
0 0.356874 0.828049 0.050847 0.046341
0 0.052731 0.612195 0.045198 0.048780
0 0.304143 0.324390 0.050847 0.048780
0 0.401130 0.348780 0.026365 0.043902
0 0.613936 0.889024 0.033898 0.026829
0 0.114878 0.019512 0.026365 0.034146
0 0.628060 0.448780 0.028249 0.019512
0 0.259887 0.862195 0.018832 0.051220
0 0.112994 0.259756 0.015066 0.036585
0 0.676083 0.770732 0.056497 0.043902
0 0.566855 0.550000 0.011299 0.046341
