0 0.453010 0.114423 0.004405 0.005769
0 0.781204 0.807692 0.014684 0.046154
0 0.939060 0.424038 0.004405 0.005769
0 0.668135 0.414423 0.020558 0.021154
0 0.853891 0.750000 0.004405 0.007692
0 0.104993 0.721154 0.016153 0.023077
0 0.572687 0.923077 0.014684 0.019231
0 0.988253 0.652885 0.002937 0.009615
0 0.398678 0.179808 0.004405 0.005769
0 0.441263 0.592308 0.022026 0.019231
0 0.265786 0.396154 0.005874 0.011538
0 0.473568 0.704808 0.019090 0.013462
0 0.749633 0.821154 0.042584 0.034615
0 0.530103 0.671154 0.029369 0.050000
0 0.328194 0.688462 0.010279 0.015385
0 0.444934 0.094231 0.038179 0.030769
0 0.043319 0.743269 0.007342 0.009615
0 0.546990 0.472115 0.004405 0.013462
0 0.541850 0.339423 0.002937 0.009615
0 0.106461 0.900962 0.019090 0.040385
0 0.184288 0.272115 0.019090 0.017308
0 0.636564 0.131731 0.042584 0.032692
0 0.488987 0.219231 0.026432 0.042308
0 0.743759 0.775000 0.019090 0.023077
0 0.514684 0.217308 0.022026 0.034615
0 0.533774 0.773077 0.010279 0.026923
0 0.604258 0.672115 0.045521 0.032692
0 0.816446 0.547115 0.032305 0.044231
0 0.817915 0.119231 0.041116 0.034615
0 0.191630 0.165385 0.004405 0.007692
0 0.820852 0.299038 0.002937 0.009615
0 0.450808 0.483654 0.011747 0.017308
