0 0.863208 0.877647 0.014151 0.018824
0 0.202830 0.041176 0.018868 0.011765
0 0.878538 0.440000 0.016509 0.051765
0 0.732311 0.249412 0.016509 0.032941
0 0.812500 0.422353 0.011792 0.016471
0 0.242925 0.255294 0.014151 0.030588
0 0.175708 0.135294 0.007075 0.011765
0 0.295991 0.512941 0.044811 0.037647
0 0.977594 0.129412 0.044811 0.061176
0 0.034198 0.894118 0.021226 0.023529
0 0.976415 0.549412 0.004717 0.016471
0 0.579009 0.224706 0.068396 0.040000
0 0.008255 0.771765 0.011792 0.032941
0 0.338443 0.485882 0.030660 0.030588
0 0.295991 0.928235 0.040094 0.044706
0 0.693396 0.558824 0.018868 0.030588
0 0.832547 0.518824 0.009434 0.025882
0 0.788915 0.191765 0.007075 0.007059
0 0.660377 0.765882 0.061321 0.040000
0 0.198113 0.608235 0.023585 0.021176
0 0.349057 0.205882 0.004717 0.011765
0 0.685142 0.532941 0.030660 0.016471
0 0.045991 0.378824 0.025943 0.018824
0 0.161557 0.505882 0.087264 0.032941
0 0.659198 0.398824 0.044811 0.011765
0 0.732311 0.222353 0.030660 0.016471
0 0.390330 0.111765 0.049528 0.025882
0 0.395047 0.422353 0.030660 0.025882
0 0.566038 0.528235 0.004717 0.016471
0 0.735849 0.032941 0.061321 0.047059
0 0.742925 0.127059 0.028302 0.018824
