0 0.833037 0.855364 0.007105 0.009579
0 0.561279 0.154215 0.024867 0.017241
0 0.354352 0.372605 0.023091 0.028736
0 0.588810 0.556513 0.008881 0.009579
0 0.436945 0.963602 0.014210 0.022989
0 0.148313 0.151341 0.005329 0.011494
0 0.852575 0.588123 0.039076 0.045977
0 0.244227 0.473180 0.019538 0.042146
0 0.202487 0.915709 0.014210 0.030651
0 0.904085 0.986590 0.007105 0.015326
0 0.427176 0.601533 0.005329 0.011494
0 0.963588 0.128352 0.026643 0.022989
0 0.637655 0.645594 0.031972 0.045977
0 0.842806 0.247126 0.055062 0.030651
0 0.108348 0.827586 0.021314 0.065134
0 0.754885 0.025862 0.014210 0.005747
0 0.236234 0.143678 0.031972 0.053640
0 0.985790 0.082375 0.017762 0.045977
0 0.869449 0.174330 0.019538 0.011494
0 0.755773 0.326628 0.026643 0.055556
0 0.626998 0.867816 0.014210 0.030651
0 0.547957 0.590038 0.076377 0.022989
0 0.520426 0.410920 0.010657 0.021073
