0 0.682813 0.236806 0.035937 0.012500
0 0.961328 0.613889 0.007031 0.036111
0 0.893359 0.230556 0.002344 0.011111
0 0.514844 0.952083 0.028125 0.020833
0 0.114062 0.924306 0.006250 0.020833
0 0.702734 0.513889 0.002344 0.008333
0 0.846484 0.578472 0.002344 0.009722
0 0.271484 0.728472 0.007031 0.023611
0 0.343359 0.605556 0.002344 0.008333
0 0.534766 0.531944 0.008594 0.030556
0 0.708594 0.120139 0.015625 0.015278
0 0.661328 0.307639 0.014844 0.037500
0 0.385547 0.575000 0.003906 0.005556
0 0.539062 0.720139 0.009375 0.020833
0 0.334766 0.273611 0.016406 0.027778
0 0.298438 0.568056 0.020313 0.027778
0 0.365234 0.117361 0.019531 0.029167
0 0.074219 0.309722 0.023438 0.025000
0 0.739062 0.243750 0.003125 0.015278
0 0.392969 0.461111 0.006250 0.013889
0 0.027734 0.581250 0.005469 0.023611
0 0.423438 0.668056 0.014063 0.019444
0 0.875391 0.841667 0.010156 0.011111
0 0.806641 0.708333 0.002344 0.011111
0 0.631250 0.588889 0.009375 0.011111
0 0.125000 0.047917 0.004687 0.004167
0 0.574219 0.443750 0.007812 0.015278
0 0.897266 0.101389 0.002344 0.008333
0 0.322656 0.737500 0.007812 0.016667
0 0.217187 0.323611 0.003125 0.0138889
0 0.0644531 0.4 0.00546875 0.0166667
0 0.707812 0.63125 0.009375 0.0319444
0 0.860156 0.534722 0.009375 0.0194444
0 0.219531 0.296528 0.003125 0.0125
0 0.224219 0.296528 0.003125 0.0125
0 0.034375 0.399306 0.0046875 0.0152778
0 0.936328 0.632639 0.00859375 0.0236111
