0 0.797160 0.638480 0.024341 0.046569
0 0.816430 0.025735 0.030426 0.017157
0 0.123732 0.567402 0.056795 0.026961
0 0.219067 0.400735 0.012170 0.017157
0 0.029412 0.356618 0.034483 0.012255
0 0.780933 0.723039 0.016227 0.024510
0 0.569980 0.535539 0.032454 0.046569
0 0.678499 0.960784 0.002028 0.009804
0 0.940162 0.296569 0.006085 0.009804
0 0.316430 0.921569 0.028398 0.024510
0 0.145030 0.503676 0.002028 0.007353
0 0.913793 0.219363 0.010142 0.022059
0 0.292089 0.905637 0.016227 0.046569
0 0.628803 0.240196 0.004057 0.009804
0 0.920892 0.269608 0.064909 0.039216
0 0.342799 0.447304 0.028398 0.026961
0 0.121704 0.612745 0.036511 0.039216
0 0.908722 0.400735 0.032454 0.046569
0 0.800203 0.220588 0.006085 0.009804
0 0.200811 0.104167 0.012170 0.036765
0 0.992901 0.057598 0.002028 0.007353
0 0.234280 0.348039 0.022312 0.014706
0 0.041582 0.333333 0.054767 0.029412
0 0.503043 0.219363 0.004057 0.012255
0 0.830629 0.481618 0.018256 0.031863
