0 0.837100 0.741830 0.005650 0.006536
0 0.172316 0.391068 0.054614 0.037037
0 0.062147 0.889978 0.022599 0.028322
0 0.374765 0.406318 0.015066 0.028322
0 0.506591 0.812636 0.041431 0.052288
0 0.304143 0.551198 0.009416 0.013072
0 0.777778 0.741830 0.030132 0.019608
0 0.507533 0.028322 0.005650 0.013072
0 0.709981 0.751634 0.045198 0.047930
0 0.607345 0.630719 0.020716 0.023965
0 0.413371 0.535948 0.009416 0.021786
0 0.469868 0.894336 0.005650 0.006536
0 0.180791 0.805011 0.018832 0.015251
0 0.839925 0.269063 0.033898 0.063181
0 0.940678 0.553377 0.035782 0.034858
0 0.052731 0.615468 0.007533 0.006536
0 0.602637 0.604575 0.041431 0.023965
0 0.555556 0.034858 0.030132 0.021786
0 0.202448 0.737473 0.013183 0.015251
0 0.816384 0.404139 0.024482 0.050109
0 0.461394 0.380174 0.030132 0.037037
0 0.316384 0.802832 0.022599 0.028322
0 0.458569 0.442266 0.020716 0.047930
0 0.176083 0.045752 0.054614 0.039216
0 0.681733 0.980392 0.007533 0.008715
