0 0.944776 0.611570 0.008955 0.033058
0 0.265672 0.733471 0.071642 0.086777
0 0.800000 0.830579 0.059701 0.107438
0 0.210448 0.270661 0.062687 0.095041
0 0.438806 0.799587 0.119403 0.053719
0 0.564179 0.652893 0.029851 0.041322
0 0.116418 0.533058 0.047761 0.132231
0 0.146269 0.404959 0.083582 0.074380
0 0.850746 0.223140 0.029851 0.090909
0 0.458209 0.500000 0.062687 0.090909
0 0.326866 0.516529 0.110448 0.057851
0 0.179104 0.590909 0.041791 0.107438
0 0.070149 0.863636 0.008955 0.024793
0 0.729851 0.820248 0.074627 0.061983
0 0.653731 0.750000 0.095522 0.070248
0 0.920896 0.921488 0.074627 0.082645
0 0.770149 0.103306 0.029851 0.016529
0 0.076119 0.477273 0.026866 0.078512
0 0.665672 0.382231 0.017910 0.012397
0 0.646269 0.419421 0.014925 0.020661
0 0.583582 0.223140 0.008955 0.024793
0 0.625373 0.917355 0.008955 0.024793
0 0.332836 0.033058 0.008955 0.024793
0 0.773134 0.508264 0.029851 0.016529
0 0.431343 0.729339 0.032836 0.078512
0 0.182090 0.663223 0.011940 0.020661
0 0.114925 0.024793 0.008955 0.024793
0 0.723881 0.041322 0.038806 0.066116
0 0.246269 0.834711 0.062687 0.049587
0 0.392537 0.402893 0.032836 0.119835
0 0.708955 0.900826 0.044776 0.041322
0 0.050746 0.760331 0.065672 0.049587
0 0.125373 0.173554 0.053731 0.049587
0 0.901493 0.547521 0.083582 0.078512
0 0.938806 0.456612 0.074627 0.086777
0 0.011940 0.336777 0.017910 0.045455
0 0.553731 0.163223 0.020896 0.028926
0 0.908955 0.258264 0.014925 0.037190
0 0.295522 0.925620 0.017910 0.033058
0 0.317910 0.119835 0.008955 0.024793
0 0.759701 0.223140 0.062687 0.049587
0 0.091045 0.293388 0.020896 0.049587
0 0.653731 0.882231 0.053731 0.095041
0 0.665672 0.219008 0.017910 0.033058
0 0.728358 0.134298 0.035821 0.020661
