0 0.424074 0.698148 0.062963 0.033333
0 0.550000 0.705556 0.092593 0.070370
0 0.774074 0.407407 0.044444 0.044444
0 0.422222 0.755556 0.096296 0.074074
0 0.546296 0.077778 0.055556 0.029630
0 0.955556 0.716667 0.044444 0.062963
0 0.348148 0.657407 0.155556 0.040741
0 0.440741 0.120370 0.037037 0.055556
0 0.564815 0.664815 0.003704 0.003704
0 0.390741 0.020370 0.070370 0.040741
0 0.374074 0.220370 0.022222 0.033333
0 0.701852 0.038889 0.040741 0.040741
0 0.785185 0.318519 0.007407 0.014815
0 0.100000 0.109259 0.029630 0.062963
0 0.955556 0.392593 0.029630 0.044444
0 0.357407 0.181481 0.040741 0.037037
0 0.859259 0.129630 0.059259 0.051852
0 0.253704 0.190741 0.003704 0.011111
0 0.216667 0.105556 0.011111 0.033333
0 0.253704 0.468519 0.011111 0.025926
0 0.818519 0.362963 0.051852 0.022222
0 0.907407 0.029630 0.096296 0.044444
0 0.242593 0.175926 0.011111 0.011111
0 0.668519 0.388889 0.025926 0.029630
0 0.501852 0.627778 0.092593 0.070370
0 0.379630 0.703704 0.018519 0.022222
0 0.790741 0.240741 0.100000 0.066667
0 0.574074 0.874074 0.059259 0.059259
0 0.407407 0.142593 0.014815 0.018519
0 0.174074 0.338889 0.037037 0.040741
0 0.812963 0.124074 0.025926 0.033333
0 0.175926 0.783333 0.033333 0.018519
