0 0.571719 0.193130 0.010173 0.019847
0 0.644964 0.260305 0.028484 0.019847
0 0.083418 0.175573 0.020346 0.012214
0 0.060020 0.053435 0.020346 0.012214
0 0.157681 0.612214 0.018311 0.036641
0 0.354018 0.409924 0.006104 0.029008
0 0.718718 0.957252 0.011190 0.015267
0 0.174975 0.431298 0.020346 0.029008
0 0.094100 0.226718 0.013225 0.029008
0 0.599695 0.851145 0.003052 0.007634
0 0.746185 0.926718 0.023398 0.015267
0 0.979654 0.579389 0.002035 0.010687
0 0.696338 0.074046 0.003052 0.004580
0 0.284334 0.533588 0.005086 0.007634
0 0.116989 0.149618 0.024415 0.018321
0 0.226857 0.832824 0.036623 0.022901
0 0.320956 0.893130 0.003052 0.009160
0 0.569685 0.329008 0.032553 0.025954
0 0.510682 0.199237 0.002035 0.007634
0 0.340793 0.814504 0.028484 0.029008
