0 0.787097 0.512903 0.038710 0.083871
0 0.290323 0.312903 0.012903 0.032258
0 0.741935 0.267742 0.012903 0.032258
0 0.877419 0.251613 0.038710 0.129032
0 0.667742 0.748387 0.109677 0.077419
0 0.487097 0.167742 0.058065 0.051613
0 0.109677 0.822581 0.012903 0.032258
0 0.654839 0.393548 0.083871 0.116129
0 0.577419 0.787097 0.045161 0.051613
0 0.490323 0.932258 0.193548 0.109677
0 0.706452 0.909677 0.083871 0.064516
0 0.190323 0.487097 0.148387 0.148387
0 0.570968 0.235484 0.045161 0.070968
0 0.880645 0.764516 0.161290 0.083871
0 0.296774 0.703226 0.012903 0.038710
0 0.800000 0.635484 0.051613 0.161290
0 0.858065 0.158065 0.038710 0.045161
0 0.848387 0.406452 0.212903 0.103226
0 0.248387 0.216129 0.019355 0.058065
0 0.493548 0.293548 0.070968 0.174194
0 0.380645 0.958065 0.012903 0.032258
0 0.200000 0.735484 0.154839 0.141935
0 0.229032 0.138710 0.058065 0.070968
0 0.735484 0.848387 0.025806 0.045161
0 0.767742 0.300000 0.116129 0.096774
0 0.667742 0.819355 0.070968 0.090323
0 0.406452 0.190323 0.038710 0.032258
0 0.380645 0.854839 0.012903 0.032258
0 0.248387 0.022581 0.019355 0.019355
