0 0.805664 0.708211 0.009766 0.011730
0 0.210938 0.867302 0.031250 0.024927
0 0.449707 0.149560 0.002930 0.008798
0 0.391602 0.082111 0.009766 0.023460
0 0.980469 0.537390 0.003906 0.007331
0 0.579102 0.469941 0.011719 0.039589
0 0.900391 0.635630 0.003906 0.007331
0 0.986328 0.508798 0.017578 0.041056
0 0.857422 0.148094 0.007812 0.020528
0 0.375488 0.655425 0.002930 0.008798
0 0.895996 0.848240 0.020508 0.027859
0 0.259277 0.696481 0.010742 0.014663
0 0.124023 0.017595 0.001953 0.014663
0 0.967285 0.859238 0.032227 0.023460
0 0.958008 0.175953 0.023438 0.023460
0 0.217773 0.688416 0.019531 0.024927
0 0.333984 0.567449 0.015625 0.017595
0 0.256348 0.649560 0.016602 0.043988
0 0.524414 0.560850 0.025391 0.030792
0 0.090332 0.480205 0.020508 0.027859
0 0.082031 0.353372 0.003906 0.011730
0 0.745605 0.587243 0.002930 0.010264
0 0.285645 0.659824 0.002930 0.008798
0 0.772949 0.105572 0.032227 0.023460
0 0.732422 0.135630 0.015625 0.013196
0 0.157227 0.603372 0.015625 0.048387
0 0.349121 0.489003 0.014648 0.024927
0 0.137695 0.596041 0.019531 0.039589
0 0.537598 0.675953 0.002930 0.008798
0 0.897461 0.367302 0.017578 0.021994
0 0.882812 0.642962 0.003906 0.007331
0 0.863770 0.027859 0.002930 0.011730
