0 0.155925 0.124805 0.014553 0.015601
0 0.748441 0.577223 0.016632 0.021841
0 0.578482 0.666147 0.023909 0.021841
0 0.652287 0.966459 0.015593 0.039002
0 0.688150 0.620125 0.004158 0.017161
0 0.660603 0.223089 0.023909 0.034321
0 0.606029 0.758190 0.020790 0.037441
0 0.442308 0.714509 0.019751 0.031201
0 0.021310 0.018721 0.025988 0.028081
0 0.707900 0.058502 0.002079 0.004680
0 0.811331 0.471139 0.015593 0.015601
0 0.152287 0.860374 0.023909 0.029641
0 0.497401 0.631825 0.003119 0.009360
0 0.836279 0.534321 0.001040 0.007800
0 0.733888 0.592044 0.002079 0.004680
0 0.863306 0.827613 0.003119 0.004680
0 0.200624 0.503900 0.002079 0.006240
0 0.266112 0.307332 0.012474 0.009360
0 0.666840 0.876755 0.011435 0.021841
0 0.720894 0.059282 0.001040 0.006240
0 0.685551 0.819813 0.001040 0.004680
0 0.786902 0.286271 0.016632 0.023401
0 0.445946 0.304212 0.031185 0.024961
0 0.455821 0.806552 0.003119 0.009360
0 0.472973 0.169267 0.008316 0.017161
0 0.0701663 0.362714 0.00519751 0.0140406
0 0.699584 0.222309 0.004158 0.0140406
0 0.0680873 0.365835 0.00519751 0.0140406
0 0.726611 0.310452 0.004158 0.0124805
0 0.924636 0.356474 0.0031185 0.0140406
0 0.758316 0.282371 0.00519751 0.0124805
0 0.725052 0.296412 0.0031185 0.0124805
0 0.704782 0.219189 0.004158 0.0140406
