0 0.348086 0.595716 0.002392 0.004558
0 0.319777 0.693254 0.001595 0.002735
0 0.442584 0.032361 0.022329 0.015497
0 0.898325 0.671376 0.008772 0.006381
0 0.122408 0.201459 0.021531 0.016408
0 0.314195 0.098450 0.015949 0.012762
0 0.147129 0.766636 0.027911 0.012762
0 0.053828 0.288970 0.000797 0.003646
0 0.361643 0.233364 0.002392 0.005469
0 0.329745 0.418870 0.013557 0.008204
0 0.596491 0.836828 0.004785 0.003646
0 0.736443 0.818140 0.005582 0.011851
0 0.109250 0.019599 0.015949 0.011851
0 0.882376 0.729717 0.008772 0.011851
0 0.484450 0.906108 0.024721 0.014585
0 0.651515 0.696445 0.001595 0.003646
0 0.265152 0.538742 0.010367 0.021878
0 0.010766 0.316317 0.002392 0.009116
0 0.391148 0.804923 0.002392 0.009116
0 0.399522 0.496809 0.009569 0.007293
0 0.688596 0.822242 0.003987 0.005469
0 0.401515 0.370100 0.015152 0.005469
0 0.833333 0.891978 0.004785 0.011851
0 0.163876 0.512762 0.019936 0.017320
0 0.363238 0.648131 0.007177 0.009116
0 0.151914 0.398815 0.003987 0.008204
0 0.617225 0.263902 0.003190 0.008204
0 0.698166 0.658159 0.021531 0.016408
0 0.775518 0.281222 0.011962 0.006381
0 0.547847 0.594804 0.00637959 0.01732
0 0.495215 0.342753 0.00478469 0.0127621
