0 0.368497 0.970994 0.014451 0.030387
0 0.979769 0.777624 0.028902 0.069061
0 0.104046 0.738950 0.011561 0.008287
0 0.926301 0.901934 0.020231 0.024862
0 0.280347 0.770718 0.011561 0.016575
0 0.082370 0.803867 0.072254 0.055249
0 0.722543 0.587017 0.011561 0.008287
0 0.508671 0.237569 0.028902 0.027624
0 0.745665 0.588398 0.028902 0.027624
0 0.686416 0.580110 0.043353 0.088398
0 0.222543 0.859116 0.034682 0.033149
0 0.752890 0.758287 0.020231 0.019337
0 0.544798 0.556630 0.066474 0.058011
0 0.156069 0.711326 0.086705 0.046961
0 0.117052 0.139503 0.008671 0.013812
0 0.352601 0.374309 0.075145 0.013812
0 0.440751 0.299724 0.020231 0.052486
0 0.329480 0.198895 0.040462 0.055249
0 0.195087 0.656077 0.072254 0.052486
0 0.689306 0.664365 0.008671 0.008287
0 0.880058 0.164365 0.008671 0.008287
0 0.368497 0.874309 0.020231 0.019337
0 0.085260 0.046961 0.020231 0.016575
0 0.682081 0.512431 0.046243 0.019337
0 0.328035 0.074586 0.002890 0.005525
0 0.647399 0.165746 0.017341 0.038674
