0 0.158465 0.148364 0.021654 0.007009
0 0.071850 0.975467 0.017717 0.016355
0 0.455709 0.257009 0.009843 0.009346
0 0.039370 0.060748 0.007874 0.018692
0 0.911417 0.545561 0.007874 0.021028
0 0.049213 0.586449 0.015748 0.014019
0 0.862205 0.116822 0.043307 0.051402
0 0.904528 0.129673 0.025591 0.021028
0 0.631890 0.623832 0.019685 0.028037
0 0.321850 0.855140 0.005906 0.014019
0 0.531496 0.884346 0.007874 0.011682
0 0.055118 0.435748 0.007874 0.030374
0 0.770669 0.420561 0.021654 0.028037
0 0.880906 0.203271 0.088583 0.028037
0 0.725394 0.365654 0.037402 0.063084
0 0.710630 0.297897 0.043307 0.058411
0 0.268701 0.828271 0.009843 0.016355
0 0.566929 0.622664 0.007874 0.011682
0 0.785433 0.114486 0.011811 0.009346
0 0.182087 0.825935 0.005906 0.016355
0 0.563976 0.286215 0.049213 0.044393
0 0.476378 0.491822 0.007874 0.011682
0 0.325787 0.658879 0.045276 0.051402
0 0.795276 0.171729 0.039370 0.063084
0 0.950787 0.866822 0.059055 0.042056
0 0.063976 0.934579 0.045276 0.032710
0 0.959646 0.053738 0.005906 0.014019
0 0.382874 0.550234 0.041339 0.058411
0 0.004921 0.769860 0.005906 0.016355
0 0.313976 0.891355 0.045276 0.053738
0 0.041339 0.339953 0.039370 0.035047
0 0.893701 0.989486 0.007874 0.011682
0 0.152559 0.758178 0.005906 0.016355
0 0.029528 0.787383 0.035433 0.051402
0 0.254921 0.507009 0.005906 0.014019
0 0.500000 0.364486 0.035433 0.023364
0 0.704724 0.237150 0.043307 0.058411
0 0.811024 0.669393 0.039370 0.058411
0 0.431102 0.133178 0.062992 0.037383
0 0.467520 0.320093 0.005906 0.014019
0 0.019685 0.929907 0.035433 0.028037
0 0.857283 0.691589 0.037402 0.056075
