0 0.806338 0.825678 0.011737 0.022965
0 0.500587 0.881002 0.010563 0.033403
0 0.549883 0.551148 0.010563 0.025052
0 0.315141 0.197286 0.008216 0.027140
0 0.783451 0.429019 0.008216 0.022965
0 0.237676 0.508351 0.010563 0.052192
0 0.220070 0.062630 0.003521 0.012526
0 0.600352 0.846555 0.024648 0.043841
0 0.543427 0.905010 0.007042 0.039666
0 0.275235 0.534447 0.019953 0.012526
0 0.642606 0.191023 0.022300 0.056367
0 0.409624 0.249478 0.014085 0.048017
0 0.046362 0.053236 0.017606 0.031315
0 0.176056 0.632568 0.011737 0.029228
0 0.376761 0.039666 0.025822 0.033403
0 0.620305 0.828810 0.008216 0.016701
0 0.532864 0.395616 0.035211 0.035491
0 0.806338 0.375783 0.018779 0.070981
0 0.888498 0.869520 0.009390 0.006263
0 0.274061 0.217119 0.019953 0.045929
0 0.101526 0.461378 0.012911 0.054280
0 0.618545 0.668058 0.037559 0.033403
0 0.319836 0.814196 0.045775 0.029228
0 0.134390 0.259916 0.008216 0.014614
0 0.855047 0.759916 0.003521 0.012526
0 0.701878 0.083507 0.011737 0.016701
0 0.686620 0.536534 0.007042 0.033403
0 0.041080 0.331942 0.014085 0.070981
