0 0.056386 0.710000 0.004076 0.008000
0 0.826087 0.349000 0.008152 0.006000
0 0.066576 0.015000 0.010870 0.018000
0 0.853940 0.384000 0.028533 0.036000
0 0.189538 0.793000 0.004076 0.006000
0 0.021739 0.212000 0.005435 0.020000
0 0.542120 0.402000 0.046196 0.032000
0 0.125000 0.823000 0.005435 0.018000
0 0.460598 0.555000 0.008152 0.006000
0 0.705842 0.554000 0.014946 0.052000
0 0.730978 0.198000 0.005435 0.016000
0 0.698370 0.012000 0.040761 0.024000
0 0.936141 0.626000 0.029891 0.044000
0 0.257473 0.899000 0.004076 0.010000
0 0.900136 0.600000 0.017663 0.032000
0 0.485054 0.880000 0.005435 0.020000
0 0.166440 0.951000 0.004076 0.006000
0 0.982337 0.411000 0.002717 0.010000
0 0.768342 0.584000 0.033967 0.044000
0 0.682745 0.945000 0.014946 0.014000
0 0.595788 0.726000 0.012228 0.016000
0 0.402853 0.975000 0.004076 0.010000
0 0.575408 0.430000 0.009511 0.016000
0 0.547554 0.857000 0.051630 0.014000
0 0.903533 0.685000 0.035326 0.038000
0 0.180027 0.643000 0.009511 0.018000
0 0.700408 0.057000 0.009511 0.022000
0 0.129076 0.803000 0.024457 0.018000
0 0.294158 0.101000 0.004076 0.018000
0 0.206522 0.319000 0.002717 0.010000
0 0.122283 0.472000 0.010870 0.032000
