0 0.197561 0.426829 0.131707 0.092683
0 0.202439 0.060976 0.102439 0.112195
0 0.670732 0.565854 0.014634 0.019512
0 0.351220 0.512195 0.009756 0.029268
0 0.136585 0.060976 0.097561 0.121951
0 0.965854 0.934146 0.068293 0.082927
0 0.858537 0.526829 0.078049 0.048780
0 0.421951 0.687805 0.063415 0.048780
0 0.436585 0.582927 0.063415 0.092683
0 0.453659 0.163415 0.009756 0.024390
0 0.297561 0.548780 0.009756 0.024390
0 0.943902 0.173171 0.014634 0.024390
0 0.602439 0.563415 0.063415 0.053659
0 0.785366 0.153659 0.019512 0.053659
0 0.163415 0.160976 0.014634 0.019512
0 0.873171 0.685366 0.009756 0.024390
0 0.207317 0.621951 0.053659 0.092683
0 0.158537 0.300000 0.034146 0.063415
0 0.068293 0.934146 0.019512 0.014634
0 0.700000 0.621951 0.014634 0.014634
0 0.509756 0.697561 0.043902 0.039024
0 0.241463 0.943902 0.014634 0.014634
0 0.424390 0.807317 0.146341 0.063415
0 0.829268 0.434146 0.117073 0.087805
0 0.804878 0.212195 0.019512 0.024390
0 0.831707 0.039024 0.024390 0.048780
