0 0.757294 0.031538 0.007958 0.004615
0 0.900531 0.242308 0.013263 0.020000
0 0.648541 0.430769 0.015915 0.015385
0 0.675066 0.964615 0.039788 0.027692
0 0.968833 0.906923 0.014589 0.041538
0 0.256631 0.503077 0.003979 0.009231
0 0.971485 0.301538 0.003979 0.009231
0 0.637268 0.383077 0.033156 0.033846
0 0.755305 0.887692 0.003979 0.009231
0 0.051061 0.383846 0.035809 0.016923
0 0.635279 0.542308 0.034483 0.032308
0 0.472149 0.620769 0.013263 0.038462
0 0.958886 0.666154 0.007958 0.012308
0 0.668435 0.521538 0.015915 0.033846
0 0.809682 0.682308 0.025199 0.038462
0 0.886605 0.799231 0.003979 0.010769
0 0.590849 0.636154 0.014589 0.032308
0 0.425729 0.583846 0.039788 0.026154
0 0.538462 0.030769 0.005305 0.015385
0 0.038462 0.323846 0.002653 0.013846
0 0.637931 0.130769 0.021220 0.012308
0 0.715517 0.445385 0.003979 0.016923
0 0.224801 0.223846 0.006631 0.023077
0 0.629310 0.786923 0.025199 0.020000
0 0.462202 0.656923 0.003979 0.009231
0 0.525199 0.335385 0.026525 0.040000
0 0.358090 0.326923 0.031830 0.032308
0 0.342838 0.981538 0.003979 0.009231
0 0.844164 0.893846 0.006631 0.006154
0 0.783156 0.912308 0.006631 0.015385
0 0.068302 0.766154 0.003979 0.009231
0 0.614721 0.930769 0.011936 0.012308
0 0.645889 0.876923 0.021220 0.018462
0 0.715517 0.546154 0.003979 0.009231
0 0.884615 0.310769 0.023873 0.024615
0 0.588859 0.342308 0.015915 0.026154
0 0.433024 0.887692 0.035809 0.030769
0 0.124668 0.589231 0.015915 0.036923
0 0.287135 0.183077 0.043767 0.024615
0 0.128647 0.414615 0.034483 0.032308
0 0.256631 0.168462 0.003979 0.013846
0 0.511273 0.200000 0.030504 0.033846
0 0.759947 0.898462 0.031830 0.033846
0 0.284483 0.529231 0.035809 0.030769
0 0.248011 0.499231 0.042440 0.026154
0 0.500663 0.302308 0.017241 0.023077
0 0.839523 0.550769 0.013263 0.024615
0 0.381963 0.712308 0.039788 0.027692
0 0.643899 0.624615 0.038462 0.027692
0 0.070292 0.570769 0.039788 0.018462
0 0.667109 0.040000 0.029178 0.036923
0 0.728780 0.280769 0.009284 0.004615
