0 0.446701 0.767016 0.050761 0.036649
0 0.092640 0.099476 0.022843 0.015707
0 0.618020 0.790576 0.017766 0.020942
0 0.686548 0.696335 0.053299 0.041885
0 0.526650 0.637435 0.068528 0.049738
0 0.228426 0.163613 0.071066 0.039267
0 0.296954 0.913613 0.030457 0.047120
0 0.937817 0.649215 0.043147 0.047120
0 0.718274 0.316754 0.030457 0.036649
0 0.899746 0.819372 0.058376 0.041885
0 0.054569 0.164921 0.032995 0.041885
0 0.545685 0.392670 0.050761 0.052356
0 0.095178 0.808901 0.012690 0.015707
0 0.020305 0.414921 0.005076 0.007853
0 0.404822 0.818063 0.032995 0.039267
0 0.663706 0.380890 0.027919 0.023560
0 0.524112 0.585079 0.063452 0.049738
0 0.746193 0.620419 0.035533 0.062827
0 0.795685 0.565445 0.093909 0.036649
0 0.477157 0.695026 0.010152 0.023560
0 0.958122 0.790576 0.017766 0.026178
0 0.786802 0.804974 0.005076 0.007853
0 0.558376 0.219895 0.005076 0.015707
0 0.045685 0.789267 0.035533 0.018325
0 0.659898 0.892670 0.010152 0.020942
0 0.675127 0.568063 0.020305 0.047120
0 0.348985 0.163613 0.017766 0.044503
0 0.458122 0.205497 0.068528 0.049738
0 0.196701 0.121728 0.022843 0.039267
0 0.914975 0.257853 0.027919 0.023560
0 0.375635 0.371728 0.005076 0.010471
