0 0.845052 0.743056 0.044271 0.062500
0 0.066406 0.760417 0.028646 0.090278
0 0.916667 0.286458 0.041667 0.093750
0 0.924479 0.517361 0.026042 0.013889
0 0.541667 0.751736 0.020833 0.010417
0 0.673177 0.456597 0.070312 0.045139
0 0.098958 0.885417 0.036458 0.097222
0 0.526042 0.116319 0.015625 0.059028
0 0.377604 0.279514 0.020833 0.024306
0 0.006510 0.432292 0.007812 0.010417
0 0.311198 0.125000 0.013021 0.013889
0 0.902344 0.861111 0.044271 0.076389
0 0.923177 0.085069 0.033854 0.038194
0 0.050781 0.218750 0.023438 0.062500
0 0.229167 0.118056 0.046875 0.034722
0 0.270833 0.109375 0.026042 0.024306
0 0.924479 0.616319 0.062500 0.052083
0 0.677083 0.588542 0.041667 0.045139
0 0.437500 0.881944 0.010417 0.041667
0 0.690104 0.059028 0.083333 0.034722
0 0.261719 0.939236 0.007812 0.017361
0 0.160156 0.642361 0.013021 0.020833
0 0.475260 0.010417 0.007812 0.013889
0 0.625000 0.564236 0.010417 0.017361
0 0.759115 0.317708 0.033854 0.031250
0 0.903646 0.788194 0.078125 0.062500
0 0.813802 0.897569 0.059896 0.079861
0 0.532552 0.161458 0.013021 0.024306
0 0.723958 0.960069 0.046875 0.065972
