0 0.256917 0.079284 0.011858 0.010230
0 0.280632 0.488491 0.007905 0.035806
0 0.260870 0.443734 0.023715 0.074169
0 0.908103 0.808184 0.045455 0.040921
0 0.635375 0.873402 0.013834 0.017903
0 0.448617 0.398977 0.015810 0.030691
0 0.336957 0.269821 0.021739 0.038363
0 0.646245 0.338875 0.039526 0.069054
0 0.617589 0.713555 0.005929 0.015345
0 0.953557 0.859335 0.009881 0.015345
0 0.918972 0.528133 0.011858 0.033248
0 0.568182 0.237852 0.009881 0.015345
0 0.530632 0.433504 0.033597 0.079284
0 0.336957 0.622762 0.029644 0.074169
0 0.335968 0.714834 0.019763 0.023018
0 0.209486 0.934783 0.015810 0.048593
0 0.628458 0.947570 0.063241 0.043478
0 0.324111 0.906650 0.011858 0.017903
0 0.943676 0.652174 0.025692 0.010230
0 0.099802 0.874680 0.057312 0.046036
0 0.603755 0.286445 0.041502 0.061381
0 0.214427 0.691816 0.021739 0.053708
0 0.611660 0.202046 0.057312 0.046036
0 0.990119 0.067775 0.007905 0.012788
0 0.642292 0.586957 0.055336 0.048593
0 0.696640 0.299233 0.037549 0.025575
0 0.928854 0.759591 0.007905 0.015345
0 0.676877 0.531969 0.005929 0.020460
0 0.901186 0.563939 0.051383 0.033248
0 0.625494 0.537084 0.065217 0.040921
0 0.916996 0.402813 0.059289 0.043478
0 0.284585 0.049872 0.059289 0.043478
0 0.919960 0.746803 0.005929 0.015345
0 0.607708 0.478261 0.013834 0.035806
0 0.671937 0.983376 0.011858 0.033248
