0 0.160550 0.357477 0.036697 0.032710
0 0.167431 0.164720 0.018349 0.030374
0 0.207569 0.373832 0.016055 0.032710
0 0.503440 0.557243 0.052752 0.053738
0 0.045872 0.619159 0.022936 0.009346
0 0.759174 0.352804 0.036697 0.032710
0 0.802752 0.608645 0.013761 0.039720
0 0.216743 0.546729 0.006881 0.014019
0 0.202982 0.348131 0.006881 0.014019
0 0.697248 0.702103 0.027523 0.016355
0 0.813073 0.325935 0.016055 0.011682
0 0.667431 0.952103 0.059633 0.049065
0 0.966743 0.514019 0.029817 0.037383
0 0.081422 0.505841 0.057339 0.049065
0 0.415138 0.278037 0.018349 0.014019
0 0.943807 0.198598 0.043578 0.018692
0 0.705275 0.162383 0.020642 0.030374
0 0.493119 0.878505 0.064220 0.042056
0 0.017202 0.023364 0.006881 0.014019
0 0.192661 0.119159 0.027523 0.046729
0 0.666284 0.192757 0.020642 0.049065
0 0.436927 0.135514 0.011468 0.032710
0 0.613532 0.697430 0.071101 0.039720
0 0.801606 0.931075 0.057339 0.049065
0 0.779817 0.481308 0.032110 0.042056
0 0.376147 0.550234 0.036697 0.011682
0 0.696101 0.273364 0.071101 0.037383
0 0.271789 0.857477 0.038991 0.042056
0 0.672018 0.601636 0.004587 0.021028
0 0.447248 0.290888 0.018349 0.021028
0 0.134174 0.177570 0.043578 0.065421
0 0.597477 0.835280 0.016055 0.030374
0 0.189220 0.625000 0.020642 0.058411
