0 0.907193 0.090698 0.009281 0.027907
0 0.690255 0.651163 0.011601 0.018605
0 0.024362 0.890698 0.006961 0.023256
0 0.150812 0.525581 0.004640 0.013953
0 0.626450 0.789535 0.041763 0.034884
0 0.517401 0.651163 0.027842 0.055814
0 0.075406 0.293023 0.067285 0.037209
0 0.662413 0.041860 0.020882 0.041860
0 0.520882 0.704651 0.006961 0.018605
0 0.813225 0.047674 0.002320 0.002326
0 0.435035 0.648837 0.002320 0.004651
0 0.230858 0.868605 0.006961 0.011628
0 0.105568 0.067442 0.062645 0.041860
0 0.682135 0.706977 0.023202 0.013953
0 0.357309 0.834884 0.018561 0.041860
0 0.549884 0.527907 0.032483 0.023256
0 0.352668 0.074419 0.051044 0.023256
0 0.254060 0.473256 0.025522 0.020930
0 0.493039 0.627907 0.006961 0.004651
0 0.738979 0.291860 0.067285 0.039535
0 0.738979 0.034884 0.006961 0.013953
0 0.650812 0.409302 0.006961 0.013953
0 0.441995 0.137209 0.006961 0.018605
0 0.104408 0.809302 0.041763 0.032558
0 0.552204 0.709302 0.051044 0.023256
0 0.735499 0.605814 0.051044 0.053488
0 0.617169 0.238372 0.004640 0.002326
0 0.845708 0.915116 0.067285 0.039535
0 0.720418 0.382558 0.002320 0.006977
0 0.419954 0.525581 0.041763 0.051163
0 0.444316 0.918605 0.039443 0.023256
0 0.269142 0.425581 0.013921 0.018605
0 0.049884 0.161628 0.020882 0.030233
0 0.734339 0.924419 0.053364 0.053488
0 0.419954 0.236047 0.004640 0.011628
