0 0.514876 0.531823 0.002755 0.002157
0 0.256474 0.817152 0.006061 0.011866
0 0.585124 0.360841 0.019835 0.016181
0 0.516529 0.731392 0.001653 0.004315
0 0.657851 0.607335 0.004408 0.002157
0 0.729477 0.488134 0.001102 0.005394
0 0.373278 0.825782 0.017080 0.018339
0 0.588705 0.745955 0.001653 0.003236
0 0.278512 0.285329 0.004959 0.014024
0 0.956198 0.387810 0.010468 0.026969
0 0.446832 0.419094 0.001102 0.005394
0 0.923967 0.221143 0.005510 0.012945
0 0.133333 0.855448 0.002204 0.012945
0 0.832507 0.474649 0.005510 0.006472
0 0.588430 0.030744 0.007713 0.009709
0 0.921488 0.787487 0.004959 0.012945
0 0.825344 0.237864 0.001102 0.005394
0 0.736364 0.291802 0.010468 0.029126
0 0.594215 0.733549 0.014876 0.019417
0 0.161433 0.915318 0.001102 0.005394
0 0.341873 0.396980 0.004959 0.006472
0 0.417906 0.796117 0.001653 0.004315
0 0.182920 0.798274 0.001102 0.006472
0 0.314050 0.284790 0.001102 0.008630
0 0.512948 0.190399 0.001102 0.005394
0 0.604683 0.276699 0.013774 0.022654
0 0.778512 0.633225 0.008815 0.015102
0 0.268871 0.981122 0.0110193 0.0355987
0 0.878788 0.208738 0.00440771 0.0183387
0 0.855372 0.257282 0.00495868 0.0226537
0 0.184022 0.706041 0.00661157 0.0248112
0 0.937466 0.31931 0.00606061 0.0237325
0 0.112672 0.727077 0.0214876 0.0366775
0 0.201653 0.798813 0.0121212 0.0442287
0 0.188981 0.634844 0.0077135 0.0269687
0 0.922314 0.303128 0.0077135 0.030205
0 0.20854 0.632147 0.00826446 0.0323625
0 0.873829 0.242718 0.00550964 0.02589
0 0.198072 0.622977 0.00826446 0.0269687
0 0.109091 0.720604 0.0132231 0.0366775
0 0.210193 0.651564 0.00716253 0.0323625
0 0.0360882 0.700647 0.0115702 0.0399137
0 0.268595 0.771305 0.00936639 0.0517799
0 0.271625 0.778317 0.0110193 0.0442287
0 0.715702 0.736785 0.0077135 0.0323625
0 0.250964 0.721143 0.0104683 0.0399137
0 0.121488 0.563646 0.00936639 0.0291262
0 0.206336 0.650485 0.00716253 0.03452
0 0.165289 0.780475 0.0110193 0.0442287
0 0.227548 0.832794 0.0110193 0.0431499
0 0.136639 0.589536 0.0077135 0.0334412
0 0.176859 0.697411 0.00991736 0.0399137
0 0.270799 0.951996 0.0126722 0.0507012
0 0.104132 0.834412 0.0110193 0.0463862
0 0.251515 0.609493 0.00936639 0.03452
0 0.109642 0.820928 0.0121212 0.0431499
0 0.226171 0.935814 0.014876 0.0528587
0 0.18292 0.856526 0.0132231 0.0474649
0 0.249587 0.912082 0.0132231 0.0528587
