0 0.298644 0.228754 0.003987 0.007082
0 0.096890 0.386686 0.002392 0.005666
0 0.565391 0.512748 0.011164 0.019830
0 0.525518 0.447592 0.004785 0.022663
0 0.958134 0.432011 0.007177 0.008499
0 0.580941 0.016997 0.005582 0.005666
0 0.855662 0.901558 0.009569 0.029745
0 0.588118 0.489377 0.002392 0.004249
0 0.115630 0.985127 0.003190 0.012748
0 0.510367 0.961048 0.014354 0.015581
0 0.004386 0.779745 0.002392 0.012748
0 0.228070 0.533994 0.007974 0.033994
0 0.406699 0.842068 0.014354 0.015581
0 0.551435 0.367564 0.002392 0.007082
0 0.106061 0.789660 0.003190 0.012748
0 0.084530 0.262040 0.030303 0.019830
0 0.474482 0.480878 0.001595 0.007082
0 0.112839 0.683428 0.003987 0.012748
0 0.797448 0.310907 0.003190 0.004249
0 0.585327 0.925637 0.022329 0.026912
0 0.251196 0.112606 0.012759 0.007082
0 0.186204 0.024079 0.023126 0.022663
0 0.185008 0.589943 0.014354 0.018414
0 0.056220 0.572238 0.008772 0.011331
0 0.035486 0.626771 0.007177 0.012748
0 0.238038 0.359773 0.00398724 0.0169972
0 0.703349 0.665722 0.00478469 0.0169972
0 0.744019 0.668555 0.00478469 0.01983
0 0.125199 0.407932 0.00478469 0.01983
0 0.611643 0.232295 0.00478469 0.0169972
0 0.665072 0.181303 0.00478469 0.0169972
0 0.65311 0.725921 0.00478469 0.0184136
0 0.611244 0.71034 0.00558214 0.0212465
0 0.660287 0.725212 0.00478469 0.01983
