0 0.839130 0.850840 0.034783 0.105042
0 0.356522 0.247899 0.069565 0.134454
0 0.945652 0.231092 0.021739 0.016807
0 0.102174 0.970588 0.013043 0.025210
0 0.417391 0.035714 0.017391 0.021008
0 0.686957 0.485294 0.113043 0.088235
0 0.204348 0.834034 0.017391 0.021008
0 0.667391 0.254202 0.056522 0.130252
0 0.326087 0.382353 0.095652 0.100840
0 0.060870 0.067227 0.078261 0.100840
0 0.800000 0.180672 0.017391 0.025210
0 0.276087 0.924370 0.013043 0.025210
0 0.884783 0.867647 0.021739 0.046218
0 0.917391 0.611345 0.026087 0.021008
0 0.580435 0.462185 0.056522 0.142857
0 0.597826 0.842437 0.100000 0.096639
0 0.454348 0.861345 0.021739 0.016807
0 0.589130 0.668067 0.091304 0.058824
0 0.856522 0.123950 0.086957 0.113445
0 0.228261 0.147059 0.013043 0.033613
0 0.482609 0.707983 0.034783 0.029412
0 0.532609 0.363445 0.039130 0.046218
0 0.180435 0.304622 0.134783 0.071429
0 0.491304 0.653361 0.121739 0.063025
0 0.080435 0.199580 0.091304 0.105042
0 0.045652 0.399160 0.091304 0.109244
0 0.160870 0.529412 0.026087 0.058824
0 0.776087 0.806723 0.047826 0.092437
0 0.350000 0.640756 0.117391 0.079832
0 0.304348 0.268908 0.026087 0.042017
0 0.069565 0.808824 0.017391 0.037815
0 0.804348 0.090336 0.008696 0.037815
0 0.036957 0.714286 0.073913 0.134454
