0 0.882031 0.308333 0.004687 0.016667
0 0.804688 0.072222 0.031250 0.038889
0 0.169531 0.441667 0.020313 0.050000
0 0.707031 0.483333 0.007812 0.011111
0 0.386719 0.484722 0.026562 0.086111
0 0.555469 0.209722 0.023438 0.025000
0 0.842969 0.616667 0.048438 0.044444
0 0.151562 0.036111 0.015625 0.016667
0 0.834375 0.525000 0.046875 0.033333
0 0.299219 0.611111 0.004687 0.016667
0 0.875000 0.580556 0.037500 0.022222
0 0.371875 0.190278 0.018750 0.019444
0 0.119531 0.420833 0.064062 0.036111
0 0.600781 0.055556 0.048438 0.033333
0 0.850000 0.820833 0.012500 0.025000
0 0.587500 0.495833 0.046875 0.047222
0 0.408594 0.483333 0.014063 0.044444
0 0.862500 0.102778 0.056250 0.038889
0 0.901563 0.808333 0.015625 0.050000
0 0.670312 0.129167 0.021875 0.069444
0 0.628906 0.762500 0.029687 0.075000
0 0.254688 0.495833 0.006250 0.013889
0 0.825000 0.152778 0.040625 0.055556
0 0.789844 0.626389 0.023438 0.069444
0 0.205469 0.138889 0.017188 0.033333
0 0.834375 0.891667 0.006250 0.022222
0 0.438281 0.286111 0.004687 0.016667
0 0.813281 0.622222 0.007812 0.027778
0 0.500781 0.636111 0.004687 0.016667
0 0.618750 0.187500 0.006250 0.036111
0 0.769531 0.108333 0.026562 0.055556
0 0.459375 0.913889 0.028125 0.061111
0 0.204687 0.427778 0.003125 0.027778
0 0.342969 0.761111 0.042188 0.050000
0 0.406250 0.191667 0.006250 0.016667
0 0.639844 0.673611 0.023438 0.025000
0 0.470313 0.668056 0.056250 0.041667
0 0.029687 0.927778 0.037500 0.061111
0 0.542188 0.680556 0.006250 0.016667
0 0.275781 0.604167 0.039062 0.036111
0 0.855469 0.775000 0.020313 0.055556
0 0.535937 0.522222 0.018750 0.022222
0 0.227344 0.162500 0.020313 0.041667
0 0.435937 0.202778 0.028125 0.072222
0 0.454688 0.577778 0.012500 0.011111
0 0.587500 0.536111 0.009375 0.027778
0 0.742188 0.115278 0.006250 0.013889
0 0.444531 0.0777778 0.0078125 0.0388889
0 0.422656 0.0986111 0.0078125 0.0361111
0 0.43125 0.102778 0.009375 0.0388889
