0 0.732095 0.428404 0.010610 0.007042
0 0.695623 0.251174 0.006631 0.014085
0 0.286472 0.068075 0.018568 0.042254
0 0.864721 0.816901 0.047745 0.032864
0 0.021883 0.833333 0.011936 0.009390
0 0.562997 0.558685 0.019894 0.023474
0 0.661141 0.509390 0.006631 0.018779
0 0.072944 0.610329 0.002653 0.009390
0 0.868700 0.029343 0.002653 0.011737
0 0.355438 0.941315 0.026525 0.056338
0 0.880637 0.053991 0.002653 0.004695
0 0.850133 0.787559 0.023873 0.016432
0 0.171088 0.446009 0.005305 0.014085
0 0.078912 0.303991 0.025199 0.035211
0 0.253316 0.712441 0.026525 0.058685
0 0.836870 0.548122 0.013263 0.025822
0 0.561008 0.609155 0.010610 0.072770
0 0.297082 0.874413 0.002653 0.011737
0 0.671751 0.685446 0.006631 0.018779
0 0.839523 0.613850 0.026525 0.058685
0 0.175729 0.417840 0.001326 0.004695
0 0.842175 0.230047 0.013263 0.014085
0 0.083554 0.160798 0.005305 0.011737
0 0.277188 0.862676 0.007958 0.016432
0 0.409151 0.613850 0.019894 0.044601
0 0.594828 0.927230 0.033156 0.046948
0 0.856101 0.967136 0.035809 0.028169
0 0.910477 0.166667 0.030504 0.051643
0 0.659151 0.362676 0.023873 0.063380
0 0.915782 0.556338 0.033156 0.032864
0 0.43435 0.370892 0.0066313 0.028169
0 0.507958 0.413146 0.00795756 0.0328638
0 0.44496 0.625587 0.0119363 0.0399061
0 0.848806 0.617371 0.00795756 0.028169
0 0.342175 0.474178 0.00795756 0.0375587
0 0.437003 0.375587 0.0066313 0.028169
