0 0.411137 0.621728 0.030806 0.044503
0 0.168246 0.589005 0.042654 0.036649
0 0.151659 0.426702 0.023697 0.026178
0 0.600711 0.629581 0.011848 0.018325
0 0.226303 0.751309 0.035545 0.036649
0 0.476303 0.193717 0.018957 0.031414
0 0.469194 0.955497 0.042654 0.036649
0 0.367299 0.291885 0.071090 0.044503
0 0.766588 0.875654 0.002370 0.007853
0 0.771327 0.841623 0.035545 0.028796
0 0.304502 0.551047 0.007109 0.013089
0 0.144550 0.058901 0.023697 0.060209
0 0.745261 0.285340 0.007109 0.010471
0 0.619668 0.123037 0.007109 0.010471
0 0.305687 0.251309 0.028436 0.015707
0 0.143365 0.205497 0.007109 0.013089
0 0.579384 0.649215 0.011848 0.031414
0 0.774882 0.751309 0.023697 0.036649
0 0.597156 0.250000 0.109005 0.023560
0 0.494076 0.246073 0.030806 0.047120
0 0.187204 0.058901 0.009479 0.007853
0 0.964455 0.193717 0.004739 0.010471
0 0.072275 0.202880 0.073460 0.039267
0 0.145735 0.146597 0.021327 0.031414
0 0.994076 0.447644 0.007109 0.010471
0 0.309242 0.841623 0.007109 0.013089
0 0.917062 0.528796 0.023697 0.020942
0 0.234597 0.708115 0.071090 0.044503
0 0.313981 0.113874 0.002370 0.007853
