0 0.817982 0.898100 0.013158 0.027634
0 0.043129 0.836788 0.065789 0.018998
0 0.801901 0.561313 0.010234 0.024180
0 0.489035 0.676166 0.004386 0.005181
0 0.382310 0.302245 0.019006 0.027634
0 0.904971 0.877375 0.038012 0.034542
0 0.519006 0.016408 0.008772 0.008636
0 0.498538 0.424007 0.005848 0.015544
0 0.687865 0.419689 0.004386 0.006908
0 0.169591 0.099309 0.008772 0.025907
0 0.154240 0.850604 0.030702 0.039724
0 0.709064 0.800518 0.005848 0.005181
0 0.099415 0.262522 0.032164 0.037997
0 0.733918 0.952504 0.032164 0.036269
0 0.171784 0.767703 0.036550 0.036269
0 0.910088 0.924870 0.027778 0.029361
0 0.130848 0.791019 0.019006 0.031088
0 0.261696 0.367012 0.005848 0.008636
0 0.114766 0.390328 0.042398 0.027634
