0 0.387273 0.799803 0.018182 0.021696
0 0.613636 0.831361 0.005455 0.013807
0 0.843636 0.316568 0.036364 0.045365
0 0.215455 0.815582 0.020000 0.061144
0 0.480909 0.639053 0.009091 0.019724
0 0.667273 0.965483 0.036364 0.049310
0 0.708182 0.042406 0.056364 0.033531
0 0.260909 0.685404 0.049091 0.037475
0 0.837273 0.039448 0.020000 0.019724
0 0.049091 0.700197 0.040000 0.039448
0 0.282727 0.176529 0.045455 0.041420
0 0.759091 0.136095 0.027273 0.031558
0 0.346364 0.269231 0.063636 0.025641
0 0.424545 0.746548 0.016364 0.021696
0 0.107273 0.115385 0.003636 0.017751
0 0.264545 0.068047 0.041818 0.033531
0 0.624545 0.314596 0.030909 0.045365
0 0.949091 0.457594 0.054545 0.035503
0 0.786364 0.721893 0.016364 0.015779
0 0.119091 0.134122 0.005455 0.011834
0 0.362727 0.087771 0.041818 0.017751
0 0.464545 0.562130 0.030909 0.035503
0 0.410000 0.155819 0.034545 0.027613
0 0.241818 0.169625 0.032727 0.019724
0 0.176364 0.059172 0.058182 0.031558
0 0.643636 0.742604 0.036364 0.053254
0 0.266364 0.773176 0.012727 0.027613
0 0.940909 0.560158 0.049091 0.035503
0 0.713636 0.515779 0.045455 0.041420
0 0.981818 0.119329 0.021818 0.025641
0 0.120909 0.355030 0.063636 0.027613
0 0.968182 0.945759 0.016364 0.013807
0 0.647273 0.428008 0.021818 0.011834
0 0.383636 0.213018 0.047273 0.039448
