0 0.765957 0.335175 0.029460 0.014733
0 0.013912 0.703499 0.001637 0.011050
0 0.396072 0.012891 0.003273 0.003683
0 0.320786 0.844383 0.009820 0.016575
0 0.383797 0.482505 0.034370 0.040516
0 0.032733 0.518416 0.019640 0.016575
0 0.360065 0.575506 0.013093 0.038674
0 0.599018 0.553407 0.026187 0.038674
0 0.854337 0.761510 0.003273 0.005525
0 0.572831 0.558011 0.019640 0.044199
0 0.929624 0.275322 0.042553 0.034991
0 0.599018 0.588398 0.006547 0.009208
0 0.652209 0.014733 0.001637 0.003683
0 0.718494 0.581952 0.013093 0.018416
0 0.743044 0.957643 0.019640 0.018416
0 0.143208 0.068140 0.024550 0.047882
0 0.450900 0.412523 0.008183 0.022099
0 0.509820 0.665746 0.047463 0.031308
0 0.829787 0.774401 0.009820 0.001842
0 0.500818 0.379374 0.045827 0.033149
0 0.468903 0.483425 0.004910 0.012891
0 0.094926 0.518416 0.042553 0.034991
0 0.463993 0.568140 0.037643 0.020258
0 0.238953 0.105893 0.00981997 0.0165746
0 0.234861 0.232044 0.0114566 0.0220994
0 0.499182 0.0718232 0.00654664 0.0184162
0 0.49018 0.0718232 0.00818331 0.0184162
