0 0.180307 0.507444 0.012788 0.012407
0 0.878517 0.220844 0.012788 0.019851
0 0.700767 0.167494 0.020460 0.032258
0 0.572890 0.526055 0.010230 0.014888
0 0.173913 0.693548 0.025575 0.047146
0 0.121483 0.497519 0.012788 0.022333
0 0.324808 0.100496 0.056266 0.062035
0 0.533248 0.253102 0.084399 0.029777
0 0.800512 0.617866 0.092072 0.034739
0 0.054987 0.564516 0.012788 0.012407
0 0.340153 0.682382 0.081841 0.039702
0 0.400256 0.158809 0.007673 0.014888
0 0.196931 0.321340 0.030691 0.052109
0 0.617647 0.416873 0.079284 0.039702
0 0.230179 0.383375 0.020460 0.022333
0 0.214834 0.485112 0.051151 0.066998
0 0.900256 0.279156 0.051151 0.032258
0 0.219949 0.431762 0.051151 0.034739
0 0.297954 0.811414 0.007673 0.014888
0 0.836317 0.253102 0.071611 0.044665
0 0.923274 0.791563 0.051151 0.064516
0 0.569054 0.511166 0.012788 0.009926
0 0.200767 0.594293 0.023018 0.017370
0 0.250639 0.290323 0.066496 0.049628
0 0.671355 0.619107 0.023018 0.037221
0 0.890026 0.132754 0.020460 0.017370
0 0.939898 0.209677 0.017903 0.032258
0 0.634271 0.743176 0.020460 0.022333
0 0.740409 0.614144 0.023018 0.047146
0 0.529412 0.942928 0.030691 0.054591
0 0.461637 0.771712 0.017903 0.034739
0 0.515345 0.786600 0.069054 0.044665
0 0.173913 0.395782 0.035806 0.091811
0 0.777494 0.456576 0.010230 0.014888
0 0.289003 0.771712 0.066496 0.049628
0 0.721228 0.323821 0.081841 0.042184
0 0.367008 0.280397 0.007673 0.014888
0 0.474425 0.962779 0.063939 0.049628
0 0.873402 0.828784 0.012788 0.009926
0 0.962916 0.405707 0.012788 0.012407
0 0.245524 0.014888 0.010230 0.024814
