0 0.858462 0.426154 0.036923 0.064615
0 0.227692 0.063077 0.006154 0.027692
0 0.650769 0.860000 0.058462 0.070769
0 0.384615 0.766154 0.061538 0.080000
0 0.416923 0.695385 0.009231 0.018462
0 0.718462 0.913846 0.040000 0.043077
0 0.070769 0.212308 0.043077 0.055385
0 0.736923 0.507692 0.015385 0.018462
0 0.367692 0.581538 0.058462 0.055385
0 0.776923 0.547692 0.027692 0.036923
0 0.576923 0.806154 0.046154 0.092308
0 0.558462 0.178462 0.095385 0.049231
0 0.186154 0.649231 0.009231 0.024615
0 0.641538 0.027692 0.052308 0.055385
0 0.346154 0.740000 0.009231 0.033846
0 0.850769 0.627692 0.052308 0.030769
0 0.855385 0.527692 0.110769 0.046154
0 0.041538 0.076923 0.033846 0.055385
0 0.113846 0.204615 0.036923 0.076923
0 0.055385 0.438462 0.061538 0.076923
0 0.273846 0.013846 0.012308 0.021538
0 0.692308 0.212308 0.024615 0.018462
0 0.107692 0.973846 0.018462 0.021538
0 0.853846 0.736923 0.027692 0.046154
0 0.241538 0.338462 0.009231 0.018462
0 0.501538 0.956923 0.061538 0.067692
0 0.446154 0.969231 0.043077 0.061538
0 0.830769 0.440000 0.012308 0.024615
0 0.716923 0.761538 0.018462 0.027692
0 0.164615 0.683077 0.009231 0.024615
0 0.770769 0.229231 0.040000 0.083077
0 0.461538 0.146154 0.043077 0.052308
0 0.670769 0.264615 0.012308 0.018462
0 0.300000 0.115385 0.083077 0.058462
0 0.643077 0.320000 0.024615 0.030769
0 0.232308 0.589231 0.064615 0.076923
0 0.778462 0.644615 0.036923 0.046154
0 0.135385 0.764615 0.055385 0.083077
0 0.021538 0.340000 0.043077 0.113846
0 0.050769 0.169231 0.027692 0.024615
0 0.733846 0.960000 0.009231 0.018462
0 0.249231 0.107692 0.012308 0.030769
0 0.693846 0.518462 0.058462 0.083077
0 0.924615 0.955385 0.015385 0.015385
0 0.360000 0.949231 0.024615 0.009231
