0 0.817048 0.544944 0.020790 0.029963
0 0.709459 0.751873 0.001040 0.005618
0 0.317568 0.382959 0.023909 0.039326
0 0.216216 0.557116 0.010395 0.035581
0 0.824844 0.855805 0.015593 0.033708
0 0.720374 0.647004 0.016632 0.028090
0 0.232328 0.944757 0.021830 0.031835
0 0.393971 0.485955 0.002079 0.009363
0 0.322245 0.950375 0.004158 0.005618
0 0.988565 0.844569 0.002079 0.003745
0 0.679834 0.867041 0.002079 0.011236
0 0.046258 0.834270 0.023909 0.031835
0 0.363825 0.289326 0.020790 0.039326
0 0.645530 0.037453 0.022869 0.014981
0 0.448545 0.880150 0.005198 0.022472
0 0.979730 0.191948 0.013514 0.028090
0 0.410603 0.569288 0.002079 0.007491
0 0.157484 0.294944 0.019751 0.043071
0 0.925156 0.123596 0.014553 0.026217
0 0.532744 0.384831 0.005198 0.028090
0 0.696466 0.743446 0.002079 0.003745
0 0.484927 0.703184 0.030146 0.031835
0 0.513514 0.235019 0.024948 0.039326
0 0.652287 0.967228 0.007277 0.054307
0 0.059252 0.196629 0.002079 0.011236
0 0.408524 0.812734 0.027027 0.033708
0 0.190748 0.448502 0.015593 0.009363
0 0.382017 0.230337 0.00935551 0.0337079
0 0.37474 0.2397 0.0135135 0.0449438
0 0.226091 0.173221 0.0135135 0.0393258
0 0.245842 0.215356 0.0135135 0.0374532
0 0.31185 0.18633 0.014553 0.0355805
0 0.593555 0.598315 0.012474 0.0468165
0 0.305094 0.574906 0.0135135 0.0411985
0 0.337838 0.237828 0.00831601 0.0486891
0 0.143971 0.586142 0.0114345 0.0449438
0 0.20894 0.0543071 0.00831601 0.0374532
0 0.443347 0.610487 0.0114345 0.0374532
0 0.0909563 0.374532 0.0114345 0.0486891
0 0.217256 0.0402622 0.00831601 0.0393258
0 0.222973 0.367978 0.0135135 0.0505618
0 0.358108 0.245318 0.0114345 0.0411985
