0 0.380623 0.758716 0.027682 0.034862
0 0.093426 0.183486 0.027682 0.062385
0 0.916090 0.666055 0.050173 0.033028
0 0.207612 0.340367 0.038062 0.042202
0 0.093426 0.478899 0.044983 0.025688
0 0.612457 0.444037 0.017301 0.011009
0 0.242215 0.610092 0.031142 0.020183
0 0.429066 0.980734 0.044983 0.038532
0 0.495675 0.504587 0.015571 0.025688
0 0.255190 0.126606 0.005190 0.011009
0 0.679931 0.144037 0.027682 0.045872
0 0.808824 0.889908 0.025952 0.033028
0 0.774221 0.737615 0.019031 0.047706
0 0.758651 0.928440 0.005190 0.014679
0 0.599481 0.216514 0.043253 0.036697
0 0.077855 0.568807 0.020761 0.033028
0 0.450692 0.455046 0.005190 0.011009
0 0.064879 0.033945 0.022491 0.056881
0 0.704152 0.068807 0.034602 0.049541
0 0.802768 0.496330 0.006920 0.009174
0 0.580450 0.105505 0.012111 0.031193
0 0.556228 0.580734 0.043253 0.038532
0 0.973183 0.377064 0.005190 0.020183
0 0.565744 0.995413 0.006920 0.009174
0 0.377163 0.229358 0.017301 0.036697
0 0.778547 0.453211 0.024221 0.014679
0 0.980104 0.653211 0.005190 0.011009
0 0.161765 0.341284 0.005190 0.018349
0 0.662630 0.284404 0.031142 0.018349
0 0.038062 0.581651 0.006920 0.025688
0 0.717128 0.498165 0.019031 0.012844
0 0.108131 0.090826 0.053633 0.031193
0 0.108131 0.668807 0.022491 0.016514
0 0.265571 0.542202 0.005190 0.016514
0 0.294118 0.927523 0.024221 0.027523
0 0.794118 0.858716 0.006920 0.018349
0 0.043253 0.797248 0.017301 0.045872
