0 0.075372 0.219101 0.065817 0.044944
0 0.460722 0.491573 0.012739 0.028090
0 0.628450 0.639045 0.067941 0.042135
0 0.411890 0.077247 0.033970 0.087079
0 0.831210 0.662921 0.002123 0.011236
0 0.198514 0.051966 0.019108 0.025281
0 0.557325 0.973315 0.036093 0.030899
0 0.446921 0.172753 0.010616 0.036517
0 0.981953 0.845506 0.002123 0.005618
0 0.118896 0.702247 0.038217 0.067416
0 0.110403 0.140449 0.038217 0.039326
0 0.303609 0.335674 0.016985 0.036517
0 0.552017 0.130618 0.021231 0.042135
0 0.250531 0.369382 0.008493 0.019663
0 0.781316 0.578652 0.012739 0.033708
0 0.921444 0.598315 0.033970 0.084270
0 0.204883 0.352528 0.027601 0.042135
0 0.867304 0.172753 0.019108 0.019663
0 0.671975 0.431180 0.002123 0.008427
0 0.587049 0.094101 0.014862 0.042135
0 0.989384 0.601124 0.016985 0.016854
0 0.684713 0.077247 0.027601 0.042135
0 0.731423 0.352528 0.006369 0.014045
0 0.667728 0.515449 0.061571 0.047753
0 0.197452 0.474719 0.025478 0.028090
0 0.026539 0.612360 0.031847 0.028090
