0 0.272651 0.294171 0.015101 0.005464
0 0.210570 0.823315 0.041946 0.021858
0 0.707215 0.747723 0.038591 0.041894
0 0.078020 0.647541 0.031879 0.049180
0 0.078859 0.279599 0.006711 0.009107
0 0.855705 0.071038 0.043624 0.036430
0 0.191275 0.796903 0.063758 0.023679
0 0.071309 0.418944 0.005034 0.014572
0 0.908557 0.199454 0.041946 0.038251
0 0.402685 0.474499 0.036913 0.041894
0 0.705537 0.626594 0.045302 0.036430
0 0.469799 0.141166 0.020134 0.038251
0 0.500000 0.787796 0.006711 0.016393
0 0.534396 0.377960 0.018456 0.045537
0 0.028523 0.173042 0.036913 0.043716
0 0.041107 0.231330 0.008389 0.014572
0 0.870805 0.232240 0.010067 0.005464
0 0.457215 0.980874 0.018456 0.027322
0 0.974832 0.137523 0.006711 0.016393
0 0.964765 0.152095 0.010067 0.016393
0 0.578020 0.418033 0.025168 0.041894
0 0.722315 0.237705 0.048658 0.030965
0 0.446309 0.602004 0.057047 0.027322
0 0.747483 0.654827 0.031879 0.049180
0 0.195470 0.989071 0.005034 0.010929
0 0.307047 0.081056 0.050336 0.030965
0 0.841443 0.187614 0.005034 0.014572
0 0.895973 0.516393 0.010067 0.005464
0 0.225671 0.383424 0.041946 0.038251
0 0.592282 0.204007 0.016779 0.014572
0 0.516779 0.815118 0.006711 0.009107
0 0.727349 0.551002 0.021812 0.030965
0 0.505034 0.417122 0.023490 0.047359
0 0.342282 0.289617 0.026846 0.043716
0 0.816275 0.864299 0.038591 0.038251
0 0.386745 0.061931 0.005034 0.014572
0 0.104866 0.602004 0.018456 0.034608
0 0.143456 0.767760 0.052013 0.030965
0 0.555369 0.854281 0.046980 0.032787
0 0.453859 0.113843 0.011745 0.012750
0 0.145134 0.828780 0.045302 0.036430
0 0.654362 0.054645 0.036913 0.043716
0 0.215604 0.761384 0.035235 0.043716
0 0.190436 0.768670 0.011745 0.025501
0 0.107383 0.505464 0.043624 0.034608
0 0.770973 0.115665 0.048658 0.030965
