0 0.070218 0.460621 0.019370 0.014320
0 0.722760 0.811456 0.021792 0.057279
0 0.593220 0.505967 0.033898 0.019093
0 0.872881 0.057279 0.075061 0.038186
0 0.369249 0.237470 0.007264 0.016706
0 0.703390 0.775656 0.012107 0.019093
0 0.777240 0.971360 0.004843 0.009547
0 0.485472 0.860382 0.046005 0.021480
0 0.957627 0.331742 0.026634 0.014320
0 0.912833 0.898568 0.043584 0.035800
0 0.128329 0.220764 0.009685 0.026253
0 0.807506 0.270883 0.050847 0.031026
0 0.728814 0.335322 0.009685 0.007160
0 0.112591 0.811456 0.007264 0.009547
0 0.682809 0.270883 0.019370 0.026253
0 0.581114 0.428401 0.043584 0.050119
0 0.864407 0.544153 0.004843 0.009547
0 0.834140 0.859189 0.016949 0.014320
0 0.445521 0.825776 0.043584 0.042959
0 0.027845 0.733890 0.026634 0.040573
0 0.093220 0.929594 0.012107 0.026253
0 0.349879 0.961814 0.060533 0.033413
0 0.743341 0.656325 0.019370 0.023866
0 0.322034 0.285203 0.024213 0.016706
0 0.236077 0.640811 0.021792 0.011933
0 0.635593 0.879475 0.012107 0.026253
0 0.256659 0.958234 0.004843 0.007160
0 0.911622 0.347255 0.012107 0.007160
