0 0.474643 0.718110 0.017433 0.031496
0 0.683043 0.011024 0.015848 0.009449
0 0.709984 0.503150 0.003170 0.004724
0 0.785261 0.393701 0.011094 0.018898
0 0.961173 0.075591 0.004754 0.009449
0 0.391442 0.685827 0.019017 0.026772
0 0.144216 0.195276 0.012678 0.009449
0 0.404913 0.055906 0.001585 0.001575
0 0.384311 0.385039 0.004754 0.007874
0 0.968304 0.915748 0.019017 0.014173
0 0.187797 0.629921 0.004754 0.006299
0 0.405705 0.903937 0.047544 0.025197
0 0.661648 0.762992 0.004754 0.011024
0 0.072108 0.031496 0.014263 0.006299
0 0.737718 0.618898 0.001585 0.006299
0 0.622029 0.292913 0.007924 0.012598
0 0.379556 0.184252 0.007924 0.015748
0 0.301902 0.624409 0.001585 0.004724
0 0.534865 0.192126 0.014263 0.028346
0 0.280507 0.198425 0.003170 0.009449
0 0.752773 0.430709 0.015848 0.029921
0 0.379556 0.427559 0.045959 0.026772
0 0.339144 0.787402 0.003170 0.009449
0 0.599842 0.863780 0.026941 0.045669
0 0.640254 0.514961 0.047544 0.025197
0 0.053090 0.712598 0.017433 0.020472
0 0.062599 0.429921 0.014263 0.018898
