0 0.358293 0.170673 0.004831 0.004808
0 0.505636 0.528846 0.016103 0.019231
0 0.429952 0.766827 0.032206 0.040064
0 0.348631 0.093750 0.053140 0.024038
0 0.927536 0.049679 0.022544 0.025641
0 0.140097 0.292468 0.003221 0.008013
0 0.529791 0.166667 0.009662 0.016026
0 0.913043 0.412660 0.009662 0.017628
0 0.611111 0.380609 0.020934 0.014423
0 0.238325 0.614583 0.012882 0.011218
0 0.896135 0.878205 0.004831 0.009615
0 0.950081 0.377404 0.006441 0.024038
0 0.597424 0.242788 0.041868 0.024038
0 0.336554 0.944712 0.041868 0.033654
0 0.995169 0.760417 0.003221 0.008013
0 0.976651 0.558494 0.011272 0.011218
0 0.463768 0.072115 0.006441 0.012821
0 0.770531 0.108173 0.020934 0.004808
0 0.498390 0.467147 0.004831 0.004808
0 0.977456 0.501603 0.009662 0.016026
0 0.681965 0.947115 0.033816 0.032051
0 0.327697 0.267628 0.008052 0.009615
0 0.320451 0.128205 0.009662 0.016026
0 0.045089 0.681891 0.006441 0.004808
0 0.653784 0.524840 0.038647 0.033654
0 0.979871 0.102564 0.008052 0.009615
0 0.082126 0.131410 0.045089 0.025641
