0 0.191667 0.318182 0.011905 0.009569
0 0.397619 0.509569 0.014286 0.028708
0 0.119048 0.744019 0.076190 0.023923
0 0.720238 0.464115 0.021429 0.014354
0 0.116667 0.266746 0.009524 0.011962
0 0.476190 0.595694 0.014286 0.028708
0 0.109524 0.055024 0.023810 0.009569
0 0.334524 0.852871 0.054762 0.045455
0 0.047619 0.838517 0.019048 0.021531
0 0.908333 0.562201 0.064286 0.047847
0 0.309524 0.706938 0.014286 0.007177
0 0.392857 0.806220 0.061905 0.033493
0 0.827381 0.190191 0.078571 0.035885
0 0.694048 0.830144 0.030952 0.038278
0 0.436905 0.023923 0.064286 0.043062
0 0.676190 0.631579 0.080952 0.038278
0 0.288095 0.388756 0.019048 0.026316
0 0.265476 0.904306 0.021429 0.033493
0 0.982143 0.893541 0.035714 0.074163
0 0.852381 0.503589 0.042857 0.064593
0 0.926190 0.912679 0.042857 0.026316
0 0.055952 0.160287 0.016667 0.023923
0 0.507143 0.648325 0.042857 0.043062
0 0.914286 0.962919 0.014286 0.011962
0 0.675000 0.368421 0.073810 0.014354
0 0.216667 0.051435 0.009524 0.011962
0 0.605952 0.342105 0.092857 0.033493
0 0.242857 0.496411 0.009524 0.021531
0 0.233333 0.470096 0.090476 0.026316
0 0.435714 0.135167 0.009524 0.011962
0 0.194048 0.229665 0.007143 0.014354
0 0.527381 0.434211 0.007143 0.016746
0 0.746429 0.532297 0.045238 0.059809
0 0.878571 0.894737 0.014286 0.023923
0 0.628571 0.212919 0.014286 0.014354
