0 0.325000 0.825600 0.015625 0.009600
0 0.389844 0.207200 0.010937 0.020800
0 0.430469 0.841600 0.020313 0.032000
0 0.623437 0.044000 0.003125 0.008000
0 0.520312 0.474400 0.021875 0.020800
0 0.727344 0.436000 0.032813 0.014400
0 0.521875 0.736800 0.003125 0.008000
0 0.897656 0.204800 0.017188 0.025600
0 0.380469 0.900000 0.032813 0.033600
0 0.252344 0.680000 0.045312 0.028800
0 0.435937 0.127200 0.012500 0.014400
0 0.175000 0.549600 0.031250 0.014400
0 0.679688 0.352000 0.006250 0.009600
0 0.838281 0.382400 0.020313 0.028800
0 0.019531 0.352800 0.017188 0.027200
0 0.870313 0.599200 0.025000 0.011200
0 0.922656 0.328000 0.004687 0.006400
0 0.535156 0.373600 0.010937 0.008000
0 0.148438 0.512000 0.021875 0.035200
0 0.782813 0.247200 0.003125 0.008000
0 0.508594 0.720800 0.026562 0.020800
0 0.167969 0.308800 0.029687 0.044800
0 0.343750 0.848800 0.003125 0.008000
0 0.617188 0.719200 0.015625 0.017600
