0 0.382353 0.782946 0.021672 0.069767
0 0.538700 0.926357 0.030960 0.069767
0 0.044892 0.046512 0.058824 0.031008
0 0.866873 0.713178 0.055728 0.108527
0 0.465944 0.096899 0.065015 0.093023
0 0.803406 0.271318 0.058824 0.054264
0 0.185759 0.500000 0.012384 0.023256
0 0.269350 0.379845 0.030960 0.054264
0 0.489164 0.852713 0.092879 0.069767
0 0.582043 0.736434 0.068111 0.046512
0 0.860681 0.986434 0.030960 0.027132
0 0.804954 0.655039 0.061920 0.100775
0 0.608359 0.905039 0.089783 0.065891
0 0.849845 0.182171 0.021672 0.085271
0 0.399381 0.410853 0.030960 0.062016
0 0.154799 0.461240 0.030960 0.015504
0 0.332817 0.292636 0.034056 0.127907
0 0.335913 0.562016 0.015480 0.023256
0 0.154799 0.517442 0.043344 0.081395
0 0.524768 0.044574 0.040248 0.073643
0 0.814241 0.899225 0.086687 0.069767
0 0.069659 0.693798 0.027864 0.069767
0 0.809598 0.831395 0.027864 0.058140
0 0.952012 0.067829 0.021672 0.034884
0 0.507740 0.312016 0.018576 0.058140
0 0.422601 0.484496 0.027864 0.015504
0 0.931889 0.937984 0.074303 0.085271
0 0.837461 0.027132 0.052632 0.046512
0 0.486068 0.784884 0.037152 0.058140
0 0.368421 0.232558 0.092879 0.069767
0 0.017028 0.864341 0.009288 0.023256
0 0.874613 0.321705 0.034056 0.054264
0 0.527864 0.199612 0.009288 0.027132
0 0.760062 0.503876 0.027864 0.085271
0 0.879257 0.096899 0.092879 0.069767
0 0.461300 0.531008 0.043344 0.062016
0 0.342105 0.155039 0.126935 0.046512
0 0.368421 0.087209 0.086687 0.073643
