0 0.935986 0.584404 0.027682 0.034862
0 0.633218 0.222936 0.006920 0.016514
0 0.480104 0.255046 0.001730 0.007339
0 0.036332 0.541284 0.003460 0.007339
0 0.282872 0.688991 0.050173 0.031193
0 0.749135 0.790826 0.051903 0.029358
0 0.698097 0.479817 0.012111 0.001835
0 0.570069 0.200000 0.005190 0.003670
0 0.407439 0.473394 0.012111 0.022018
0 0.693772 0.462385 0.031142 0.018349
0 0.666955 0.722936 0.008651 0.014679
0 0.955882 0.480734 0.005190 0.007339
0 0.783737 0.606422 0.048443 0.031193
0 0.491349 0.068807 0.038062 0.042202
0 0.890138 0.433028 0.001730 0.007339
0 0.322664 0.459633 0.025952 0.031193
0 0.462803 0.709174 0.053633 0.027523
0 0.718858 0.529358 0.005190 0.005505
0 0.033737 0.830275 0.012111 0.027523
0 0.181661 0.167890 0.006920 0.009174
0 0.068339 0.885321 0.015571 0.012844
0 0.895329 0.501835 0.039792 0.038532
0 0.414360 0.411009 0.012111 0.033028
0 0.121972 0.044037 0.019031 0.018349
0 0.209343 0.247706 0.031142 0.014679
0 0.090830 0.507339 0.019031 0.016514
0 0.875433 0.284404 0.038062 0.011009
0 0.029412 0.702752 0.027682 0.033028
