0 0.427797 0.507491 0.005137 0.007277
0 0.332192 0.437928 0.003425 0.005993
0 0.404538 0.104452 0.003710 0.005993
0 0.047232 0.939212 0.007135 0.007705
0 0.967894 0.044307 0.003710 0.006421
0 0.256849 0.801370 0.006849 0.005993
0 0.552226 0.235231 0.001142 0.002997
0 0.344749 0.038099 0.005137 0.004281
0 0.528396 0.406464 0.007705 0.007277
0 0.664812 0.004281 0.000285 0.000856
0 0.242152 0.635274 0.004852 0.005993
0 0.532106 0.041096 0.004852 0.005993
0 0.010559 0.027825 0.008562 0.006849
0 0.977312 0.556721 0.000856 0.001284
0 0.275828 0.079837 0.003710 0.006421
0 0.495148 0.450985 0.006849 0.008990
0 0.669806 0.700557 0.005708 0.003853
0 0.055080 0.863014 0.000571 0.002568
0 0.545519 0.417166 0.004281 0.003853
0 0.366296 0.570205 0.006564 0.009418
0 0.980308 0.966610 0.007991 0.007705
0 0.415525 0.311216 0.002283 0.004281
0 0.768122 0.114084 0.003139 0.003853
0 0.443208 0.379281 0.002854 0.005137
0 0.678653 0.152611 0.002854 0.007277
0 0.713328 0.932791 0.002568 0.005137
