0 0.164013 0.782378 0.003185 0.010616
0 0.353503 0.113588 0.003185 0.014862
0 0.402866 0.643312 0.031847 0.042463
0 0.154459 0.099788 0.019108 0.029724
0 0.463376 0.830149 0.003185 0.012739
0 0.180732 0.340764 0.042994 0.040340
0 0.227707 0.153928 0.003185 0.010616
0 0.398089 0.869427 0.003185 0.010616
0 0.909236 0.498938 0.022293 0.033970
0 0.911624 0.418259 0.020701 0.021231
0 0.488854 0.220807 0.019108 0.055202
0 0.514331 0.474522 0.003185 0.010616
0 0.479299 0.359873 0.003185 0.010616
0 0.167994 0.161359 0.030255 0.008493
0 0.696656 0.792994 0.004777 0.014862
0 0.232484 0.381104 0.025478 0.036093
0 0.885350 0.964968 0.022293 0.023355
0 0.756369 0.905520 0.009554 0.036093
0 0.368631 0.585987 0.007962 0.012739
0 0.550159 0.511677 0.004777 0.008493
0 0.029459 0.761146 0.039809 0.044586
0 0.324841 0.754777 0.012739 0.027601
0 0.047771 0.204883 0.022293 0.053079
0 0.824841 0.850318 0.038217 0.031847
0 0.917994 0.125265 0.014331 0.029724
0 0.155255 0.345011 0.004777 0.006369
0 0.193471 0.433121 0.020701 0.021231
