0 0.569231 0.455556 0.004103 0.007407
0 0.529231 0.143704 0.010256 0.011852
0 0.193846 0.870370 0.022564 0.034074
0 0.026154 0.746667 0.007179 0.023704
0 0.420000 0.348889 0.003077 0.010370
0 0.950769 0.713333 0.034872 0.022222
0 0.149231 0.765185 0.033846 0.022222
0 0.420000 0.779259 0.007179 0.020741
0 0.330769 0.677778 0.003077 0.010370
0 0.380513 0.288148 0.022564 0.037037
0 0.624103 0.177778 0.029744 0.026667
0 0.460000 0.396296 0.033846 0.022222
0 0.228205 0.708148 0.003077 0.011852
0 0.185641 0.982222 0.032821 0.023704
0 0.581538 0.157778 0.006154 0.007407
0 0.611282 0.237778 0.020513 0.040000
0 0.886667 0.474815 0.027692 0.028148
0 0.223077 0.962222 0.003077 0.010370
0 0.296410 0.229630 0.016410 0.017778
0 0.070769 0.820000 0.028718 0.028148
0 0.012308 0.805185 0.004103 0.007407
0 0.953333 0.108889 0.035897 0.022222
0 0.693333 0.580000 0.026667 0.031111
0 0.510256 0.471852 0.005128 0.007407
0 0.428205 0.753333 0.015385 0.025185
0 0.924103 0.971852 0.018462 0.032593
0 0.157436 0.813333 0.017436 0.047407
0 0.145641 0.359259 0.018462 0.037037
0 0.893333 0.277778 0.026667 0.031111
0 0.503077 0.904444 0.005128 0.007407
0 0.805641 0.056296 0.027692 0.029630
0 0.412308 0.665185 0.006154 0.005926
0 0.615385 0.016296 0.004103 0.011852
0 0.182564 0.554815 0.030769 0.025185
0 0.161538 0.866667 0.015385 0.053333
0 0.873333 0.617778 0.003077 0.011852
0 0.637436 0.493333 0.007179 0.020741
0 0.116410 0.176296 0.029744 0.026667
0 0.947179 0.785185 0.005128 0.005926
0 0.777949 0.034815 0.023590 0.034074
