0 0.919622 0.232311 0.014184 0.007075
0 0.143026 0.456368 0.030733 0.082547
0 0.037825 0.721698 0.037825 0.018868
0 0.048463 0.617925 0.007092 0.018868
0 0.055556 0.410377 0.007092 0.014151
0 0.091017 0.466981 0.016548 0.037736
0 0.482270 0.689858 0.023641 0.021226
0 0.522459 0.373821 0.047281 0.025943
0 0.497636 0.622642 0.054374 0.051887
0 0.921986 0.490566 0.023641 0.009434
0 0.424350 0.320755 0.035461 0.028302
0 0.015366 0.451651 0.016548 0.030660
0 0.650118 0.338443 0.004728 0.021226
0 0.593381 0.232311 0.033097 0.035377
0 0.213948 0.825472 0.035461 0.066038
0 0.018913 0.948113 0.033097 0.051887
0 0.765957 0.089623 0.018913 0.037736
0 0.554374 0.215802 0.035461 0.021226
0 0.833333 0.191038 0.007092 0.014151
0 0.666667 0.891509 0.009456 0.014151
0 0.212766 0.774764 0.014184 0.030660
0 0.066194 0.762972 0.009456 0.016509
0 0.531915 0.793632 0.047281 0.044811
0 0.790780 0.387972 0.049645 0.054245
0 0.880615 0.731132 0.026005 0.028302
0 0.239953 0.933962 0.021277 0.047170
0 0.055556 0.382075 0.078014 0.037736
0 0.407801 0.689858 0.026005 0.021226
0 0.612293 0.663915 0.004728 0.021226
0 0.185579 0.733491 0.049645 0.023585
0 0.678487 0.316038 0.047281 0.061321
0 0.868794 0.781840 0.007092 0.016509
0 0.762411 0.329009 0.035461 0.054245
0 0.020095 0.123821 0.011820 0.016509
