0 0.192637 0.575095 0.005137 0.013308
0 0.280822 0.673004 0.058219 0.030418
0 0.374144 0.069392 0.005137 0.013308
0 0.182363 0.099810 0.008562 0.020913
0 0.593322 0.672053 0.011986 0.020913
0 0.238014 0.961977 0.047945 0.030418
0 0.586473 0.310837 0.056507 0.028517
0 0.262842 0.019962 0.022260 0.020913
0 0.839041 0.218631 0.044521 0.038023
0 0.976884 0.280418 0.018836 0.043726
0 0.142123 0.349810 0.037671 0.022814
0 0.457192 0.770913 0.044521 0.032319
0 0.386986 0.235741 0.027397 0.019011
0 0.626712 0.170152 0.023973 0.013308
0 0.090753 0.454373 0.006849 0.011407
0 0.160959 0.911597 0.034247 0.051331
0 0.770548 0.229087 0.030822 0.055133
0 0.559075 0.288023 0.005137 0.013308
0 0.672089 0.268061 0.008562 0.007605
0 0.033390 0.638783 0.022260 0.030418
0 0.592466 0.194867 0.037671 0.043726
0 0.565925 0.252852 0.008562 0.022814
0 0.525685 0.580798 0.006849 0.009506
0 0.897260 0.746198 0.054795 0.032319
0 0.357021 0.823194 0.063356 0.026616
0 0.970890 0.128327 0.010274 0.005703
0 0.619863 0.406844 0.017123 0.030418
0 0.785103 0.178707 0.039384 0.041825
0 0.246575 0.522814 0.041096 0.034221
0 0.528253 0.877376 0.018836 0.062738
0 0.495719 0.667300 0.015411 0.041825
0 0.642123 0.050380 0.010274 0.013308
0 0.636986 0.275665 0.054795 0.030418
0 0.559932 0.098859 0.030822 0.011407
0 0.444349 0.366920 0.029110 0.026616
0 0.326199 0.769962 0.005137 0.011407
0 0.178938 0.255703 0.018836 0.051331
0 0.108733 0.481939 0.029110 0.028517
