0 0.519712 0.987288 0.010577 0.022599
0 0.176442 0.502119 0.006731 0.004237
0 0.350481 0.653955 0.027885 0.025424
0 0.011538 0.887006 0.011538 0.056497
0 0.620192 0.312147 0.019231 0.036723
0 0.654327 0.213277 0.016346 0.022599
0 0.887019 0.244350 0.002885 0.011299
0 0.056731 0.810734 0.009615 0.008475
0 0.357212 0.146893 0.002885 0.008475
0 0.297115 0.050141 0.017308 0.040960
0 0.721154 0.057910 0.003846 0.016949
0 0.582212 0.240113 0.025962 0.028249
0 0.904808 0.182203 0.017308 0.033898
0 0.049519 0.478814 0.025962 0.028249
0 0.409615 0.282486 0.025000 0.028249
0 0.537019 0.781780 0.002885 0.009887
0 0.633173 0.271186 0.002885 0.008475
0 0.356731 0.759887 0.023077 0.031073
0 0.982212 0.195621 0.008654 0.007062
0 0.749038 0.228107 0.005769 0.009887
0 0.264904 0.836864 0.010577 0.018362
0 0.977404 0.862288 0.018269 0.021186
0 0.697115 0.125000 0.017308 0.024011
0 0.184135 0.413842 0.002885 0.008475
0 0.347115 0.382062 0.003846 0.009887
0 0.405769 0.757062 0.026923 0.025424
0 0.033654 0.562147 0.015385 0.025424
0 0.251923 0.076271 0.021154 0.033898
0 0.032212 0.033898 0.020192 0.022599
0 0.831731 0.284605 0.003846 0.007062
0 0.907212 0.497881 0.006731 0.009887
0 0.306731 0.811441 0.015385 0.043785
0 0.613942 0.611582 0.020192 0.033898
0 0.588462 0.973870 0.005769 0.004237
