0 0.056399 0.814619 0.065076 0.036017
0 0.120390 0.166314 0.058568 0.040254
0 0.920824 0.958686 0.071584 0.031780
0 0.368764 0.200212 0.008677 0.010593
0 0.244035 0.514831 0.015184 0.012712
0 0.302603 0.737288 0.006508 0.012712
0 0.209328 0.688559 0.032538 0.025424
0 0.622560 0.752119 0.021692 0.021186
0 0.199566 0.055085 0.021692 0.025424
0 0.463124 0.936441 0.006508 0.012712
0 0.720174 0.697034 0.039046 0.063559
0 0.361171 0.504237 0.080260 0.029661
0 0.584599 0.495763 0.019523 0.038136
0 0.495662 0.754237 0.015184 0.025424
0 0.208243 0.486229 0.047722 0.048729
0 0.529284 0.442797 0.013015 0.033898
0 0.501085 0.699153 0.039046 0.063559
0 0.229935 0.604873 0.017354 0.019068
0 0.873102 0.216102 0.010846 0.016949
0 0.962039 0.390890 0.036876 0.023305
0 0.882863 0.327331 0.073753 0.031780
0 0.336226 0.708686 0.013015 0.023305
0 0.145336 0.955508 0.082430 0.029661
0 0.710412 0.199153 0.067245 0.033898
0 0.940347 0.372881 0.010846 0.008475
0 0.670282 0.498941 0.043384 0.044492
0 0.040130 0.213983 0.036876 0.025424
0 0.800434 0.082627 0.013015 0.021186
0 0.744035 0.554025 0.078091 0.031780
0 0.070499 0.688559 0.006508 0.012712
0 0.902386 0.736229 0.069414 0.036017
0 0.228850 0.562500 0.041215 0.057203
0 0.212581 0.385593 0.021692 0.055085
0 0.300434 0.298729 0.071584 0.033898
0 0.020607 0.756356 0.032538 0.076271
0 0.352495 0.597458 0.010846 0.012712
0 0.942516 0.626059 0.032538 0.048729
0 0.241866 0.230932 0.032538 0.029661
0 0.297180 0.204449 0.013015 0.006356
0 0.712581 0.790254 0.028200 0.025424
0 0.391540 0.929025 0.032538 0.044492
0 0.189805 0.583686 0.028200 0.044492
0 0.580260 0.751059 0.054230 0.044492
0 0.889371 0.284958 0.052061 0.019068
0 0.285249 0.461864 0.036876 0.063559
0 0.395879 0.180085 0.032538 0.067797
0 0.113883 0.099576 0.015184 0.033898
