0 0.213021 0.569444 0.021875 0.030556
0 0.094792 0.618750 0.014583 0.012500
0 0.304167 0.767361 0.014583 0.031944
0 0.818229 0.728472 0.030208 0.023611
0 0.742188 0.973611 0.003125 0.011111
0 0.840104 0.440278 0.030208 0.025000
0 0.415104 0.533333 0.003125 0.011111
0 0.770833 0.909028 0.014583 0.045833
0 0.419271 0.391667 0.013542 0.025000
0 0.529167 0.116667 0.012500 0.013889
0 0.798958 0.434028 0.004167 0.020833
0 0.175000 0.067361 0.004167 0.018056
0 0.247917 0.884028 0.012500 0.023611
0 0.092188 0.359028 0.036458 0.020833
0 0.095833 0.020833 0.016667 0.019444
0 0.712500 0.490972 0.031250 0.023611
0 0.678125 0.760417 0.002083 0.012500
0 0.443229 0.370139 0.048958 0.015278
0 0.564583 0.793750 0.027083 0.026389
0 0.279687 0.566667 0.021875 0.036111
0 0.801042 0.203472 0.004167 0.006944
0 0.425521 0.670139 0.011458 0.009722
0 0.168229 0.959722 0.011458 0.019444
0 0.990104 0.365278 0.007292 0.025000
0 0.731250 0.358333 0.027083 0.027778
0 0.704167 0.161111 0.033333 0.013889
0 0.988021 0.970833 0.019792 0.022222
0 0.710938 0.772222 0.011458 0.025000
0 0.192188 0.756944 0.003125 0.008333
0 0.674479 0.032639 0.023958 0.029167
0 0.851042 0.219444 0.008333 0.013889
0 0.270833 0.683333 0.00625 0.0111111
0 0.185937 0.861111 0.00520833 0.0111111
