0 0.899444 0.256667 0.032222 0.026667
0 0.115556 0.270833 0.006667 0.018333
0 0.716111 0.571667 0.007778 0.010000
0 0.822222 0.412500 0.004444 0.011667
0 0.641111 0.343333 0.024444 0.023333
0 0.301667 0.420833 0.023333 0.041667
0 0.690000 0.410833 0.011111 0.008333
0 0.453333 0.770833 0.013333 0.018333
0 0.172222 0.349167 0.028889 0.025000
0 0.888333 0.740833 0.012222 0.051667
0 0.726667 0.049167 0.011111 0.015000
0 0.488333 0.526667 0.007778 0.013333
0 0.251667 0.289167 0.014444 0.028333
0 0.804444 0.355833 0.020000 0.048333
0 0.639444 0.697500 0.005556 0.008333
0 0.488333 0.035833 0.005556 0.025000
0 0.267778 0.131667 0.008889 0.013333
0 0.366111 0.313333 0.003333 0.010000
0 0.483333 0.466667 0.031111 0.030000
0 0.353333 0.789167 0.004444 0.008333
0 0.900556 0.107500 0.016667 0.018333
0 0.087778 0.115833 0.020000 0.011667
0 0.332778 0.127500 0.021111 0.035000
0 0.416111 0.432500 0.027778 0.028333
0 0.687778 0.447500 0.020000 0.045000
0 0.388333 0.236667 0.007778 0.020000
0 0.814444 0.756667 0.024444 0.036667
0 0.610556 0.094167 0.007778 0.031667
0 0.868889 0.379167 0.028889 0.031667
0 0.876111 0.166667 0.030000 0.033333
0 0.348889 0.517500 0.031111 0.031667
0 0.951667 0.188333 0.003333 0.013333
0 0.388333 0.810000 0.012222 0.030000
0 0.183333 0.551667 0.015556 0.013333
0 0.338889 0.454167 0.006667 0.015000
0 0.578889 0.033333 0.013333 0.010000
0 0.222222 0.099167 0.004444 0.008333
0 0.280000 0.530833 0.033333 0.015000
0 0.670000 0.444167 0.013333 0.025000
0 0.510556 0.506667 0.0211111 0.06
0 0.515 0.505 0.0166667 0.06
0 0.253333 0.4025 0.02 0.0616667
0 0.503889 0.51 0.0166667 0.0566667
0 0.525556 0.505 0.0155556 0.05
0 0.46 0.495 0.0133333 0.06
