0 0.040166 0.266234 0.019391 0.021645
0 0.069252 0.880952 0.011080 0.021645
0 0.799169 0.166667 0.036011 0.021645
0 0.038781 0.367965 0.027701 0.060606
0 0.333795 0.127706 0.036011 0.056277
0 0.020776 0.623377 0.008310 0.017316
0 0.091413 0.898268 0.011080 0.047619
0 0.670360 0.781385 0.005540 0.021645
0 0.195291 0.848485 0.063712 0.086580
0 0.930748 0.437229 0.005540 0.008658
0 0.382271 0.722944 0.049861 0.043290
0 0.595568 0.396104 0.110803 0.047619
0 0.210526 0.443723 0.011080 0.012987
0 0.948753 0.266234 0.024931 0.056277
0 0.367036 0.145022 0.013850 0.030303
0 0.398892 0.582251 0.055402 0.099567
0 0.659280 0.106061 0.038781 0.038961
0 0.224377 0.924242 0.044321 0.056277
0 0.610803 0.071429 0.002770 0.012987
0 0.703601 0.987013 0.005540 0.025974
0 0.060942 0.387446 0.011080 0.021645
0 0.109418 0.047619 0.008310 0.008658
0 0.163435 0.190476 0.060942 0.095238
0 0.610803 0.508658 0.013850 0.012987
0 0.865651 0.963203 0.008310 0.012987
0 0.121884 0.350649 0.016620 0.034632
