0 0.397368 0.128947 0.010526 0.031579
0 0.643421 0.859211 0.018421 0.023684
0 0.340789 0.355263 0.023684 0.047368
0 0.760526 0.785526 0.084211 0.039474
0 0.086842 0.996053 0.005263 0.007895
0 0.006579 0.106579 0.013158 0.028947
0 0.585526 0.802632 0.028947 0.021053
0 0.334211 0.897368 0.021053 0.042105
0 0.421053 0.569737 0.031579 0.034211
0 0.730263 0.727632 0.013158 0.013158
0 0.428947 0.132895 0.005263 0.007895
0 0.297368 0.265789 0.036842 0.057895
0 0.934211 0.855263 0.005263 0.010526
0 0.181579 0.443421 0.052632 0.039474
0 0.602632 0.367105 0.057895 0.028947
0 0.109211 0.780263 0.028947 0.076316
0 0.361842 0.505263 0.023684 0.021053
0 0.761842 0.248684 0.007895 0.018421
0 0.289474 0.907895 0.063158 0.052632
0 0.798684 0.880263 0.050000 0.034211
0 0.697368 0.893421 0.031579 0.044737
0 0.593421 0.339474 0.092105 0.021053
0 0.730263 0.357895 0.076316 0.047368
0 0.872368 0.675000 0.065789 0.028947
0 0.951316 0.934211 0.044737 0.052632
0 0.065789 0.338158 0.078947 0.028947
0 0.027632 0.536842 0.023684 0.031579
