0 0.673597 0.564844 0.004158 0.007812
0 0.750000 0.104688 0.028067 0.031250
0 0.606549 0.371875 0.030146 0.028125
0 0.783264 0.189062 0.038462 0.021875
0 0.576923 0.176563 0.004158 0.009375
0 0.739605 0.267188 0.003119 0.009375
0 0.857069 0.304688 0.028067 0.031250
0 0.818087 0.138281 0.016632 0.014063
0 0.083160 0.794531 0.033264 0.026562
0 0.139293 0.750000 0.006237 0.009375
0 0.397089 0.046875 0.016632 0.040625
0 0.435031 0.056250 0.003119 0.009375
0 0.971414 0.719531 0.005198 0.007812
0 0.460499 0.964063 0.018711 0.043750
0 0.879418 0.669531 0.033264 0.026562
0 0.081601 0.764844 0.032225 0.026562
0 0.215696 0.739844 0.034304 0.023438
0 0.611746 0.551562 0.003119 0.009375
0 0.426195 0.432812 0.035343 0.025000
0 0.626819 0.322656 0.041580 0.020313
0 0.620062 0.504687 0.003119 0.009375
0 0.408524 0.771094 0.002079 0.014063
0 0.576923 0.967969 0.033264 0.026562
0 0.584719 0.067187 0.025988 0.031250
0 0.793139 0.156250 0.027027 0.031250
0 0.033264 0.544531 0.014553 0.010937
0 0.438669 0.258594 0.010395 0.023438
0 0.477651 0.228906 0.009356 0.026562
0 0.470374 0.281250 0.040541 0.021875
0 0.885135 0.275781 0.007277 0.010937
0 0.132017 0.459375 0.016632 0.018750
0 0.779106 0.435937 0.015593 0.012500
0 0.942827 0.441406 0.014553 0.035937
0 0.584719 0.465625 0.044699 0.018750
0 0.263514 0.923438 0.003119 0.012500
