0 0.382409 0.804389 0.049713 0.024809
0 0.958891 0.167939 0.040153 0.045802
0 0.800191 0.184160 0.021033 0.024809
0 0.829828 0.963740 0.019120 0.026718
0 0.357553 0.205153 0.015296 0.040076
0 0.541109 0.542939 0.030593 0.013359
0 0.880497 0.522901 0.009560 0.003817
0 0.200765 0.113550 0.003824 0.009542
0 0.029637 0.593511 0.017208 0.022901
0 0.512428 0.955153 0.034417 0.020992
0 0.469407 0.305344 0.005736 0.019084
0 0.398662 0.115458 0.021033 0.020992
0 0.709369 0.013359 0.019120 0.011450
0 0.147228 0.421756 0.038241 0.034351
0 0.369981 0.023855 0.028681 0.028626
0 0.424474 0.610687 0.003824 0.011450
0 0.040153 0.763359 0.061185 0.030534
0 0.430210 0.328244 0.034417 0.053435
0 0.370937 0.108779 0.030593 0.022901
0 0.497132 0.158397 0.015296 0.015267
0 0.891013 0.070611 0.019120 0.022901
0 0.967495 0.481870 0.022945 0.040076
0 0.328872 0.716603 0.003824 0.009542
0 0.334608 0.199427 0.026769 0.032443
0 0.554493 0.097328 0.026769 0.015267
0 0.393881 0.286260 0.034417 0.026718
0 0.613767 0.616412 0.034417 0.057252
