0 0.577544 0.448842 0.011309 0.025097
0 0.188207 0.285714 0.030695 0.054054
0 0.105816 0.142857 0.014540 0.034749
0 0.656704 0.817568 0.033926 0.044402
0 0.549273 0.375483 0.051696 0.025097
0 0.466074 0.216216 0.008078 0.007722
0 0.243134 0.665058 0.037157 0.044402
0 0.768174 0.036680 0.037157 0.042471
0 0.549273 0.235521 0.025848 0.023166
0 0.691438 0.829151 0.006462 0.013514
0 0.091276 0.684363 0.011309 0.017375
0 0.638126 0.734556 0.006462 0.021236
0 0.966882 0.214286 0.027464 0.061776
0 0.495153 0.602317 0.004847 0.015444
0 0.210824 0.579151 0.033926 0.050193
0 0.321486 0.272201 0.048465 0.034749
0 0.844911 0.038610 0.042003 0.038610
0 0.542811 0.879344 0.032310 0.044402
0 0.412763 0.434363 0.024233 0.011583
0 0.327141 0.629344 0.008078 0.015444
0 0.669628 0.953668 0.014540 0.042471
0 0.323910 0.962355 0.043619 0.036680
0 0.882068 0.041506 0.006462 0.009653
0 0.749596 0.905405 0.012924 0.027027
0 0.369144 0.626448 0.014540 0.028958
0 0.394992 0.411197 0.053312 0.030888
0 0.370759 0.230695 0.017771 0.009653
0 0.599354 0.807915 0.025848 0.063707
0 0.358643 0.923745 0.048465 0.032819
0 0.698708 0.618726 0.014540 0.009653
0 0.219709 0.116795 0.006462 0.009653
0 0.125202 0.505792 0.030695 0.054054
0 0.037964 0.183398 0.008078 0.011583
0 0.331987 0.089768 0.024233 0.067568
0 0.857027 0.476834 0.030695 0.054054
0 0.596123 0.566602 0.006462 0.013514
0 0.827141 0.583012 0.032310 0.027027
0 0.376414 0.839768 0.032310 0.034749
