0 0.643750 0.533333 0.112500 0.083333
0 0.377083 0.106250 0.029167 0.012500
0 0.058333 0.587500 0.091667 0.058333
0 0.395833 0.454167 0.066667 0.066667
0 0.918750 0.918750 0.037500 0.062500
0 0.056250 0.431250 0.012500 0.029167
0 0.135417 0.718750 0.045833 0.045833
0 0.120833 0.906250 0.083333 0.070833
0 0.329167 0.097917 0.016667 0.020833
0 0.914583 0.739583 0.029167 0.070833
0 0.868750 0.897917 0.045833 0.029167
0 0.583333 0.433333 0.108333 0.083333
0 0.906250 0.420833 0.012500 0.033333
0 0.183333 0.666667 0.166667 0.050000
0 0.152083 0.579167 0.087500 0.108333
0 0.508333 0.360417 0.033333 0.079167
0 0.822917 0.341667 0.079167 0.050000
0 0.410417 0.325000 0.012500 0.025000
0 0.631250 0.260417 0.029167 0.020833
0 0.295833 0.058333 0.066667 0.050000
0 0.070833 0.491667 0.066667 0.108333
0 0.033333 0.164583 0.016667 0.020833
0 0.162500 0.470833 0.100000 0.091667
0 0.712500 0.179167 0.100000 0.066667
0 0.439583 0.704167 0.087500 0.091667
0 0.791667 0.264583 0.033333 0.087500
0 0.039583 0.420833 0.012500 0.025000
0 0.581250 0.364583 0.029167 0.020833
0 0.372917 0.400000 0.012500 0.025000
0 0.185417 0.181250 0.045833 0.087500
0 0.266667 0.431250 0.016667 0.020833
0 0.383333 0.054167 0.066667 0.016667
0 0.168750 0.310417 0.087500 0.104167
0 0.125000 0.850000 0.033333 0.033333
0 0.316667 0.437500 0.075000 0.108333
