0 0.263158 0.377632 0.015789 0.023684
0 0.689474 0.080263 0.063158 0.044737
0 0.797368 0.161842 0.057895 0.065789
0 0.761842 0.265789 0.039474 0.042105
0 0.309211 0.542105 0.086842 0.042105
0 0.543421 0.768421 0.034211 0.021053
0 0.118421 0.797368 0.036842 0.094737
0 0.638158 0.494737 0.013158 0.021053
0 0.282895 0.832895 0.102632 0.034211
0 0.630263 0.978947 0.039474 0.015789
0 0.194737 0.531579 0.015789 0.021053
0 0.068421 0.600000 0.036842 0.021053
0 0.886842 0.481579 0.026316 0.026316
0 0.632895 0.782895 0.044737 0.071053
0 0.794737 0.038158 0.052632 0.071053
0 0.564474 0.234211 0.050000 0.031579
0 0.064474 0.776316 0.007895 0.015789
0 0.421053 0.827632 0.021053 0.039474
0 0.671053 0.646053 0.015789 0.023684
0 0.459211 0.872368 0.092105 0.039474
0 0.696053 0.153947 0.028947 0.018421
0 0.280263 0.371053 0.007895 0.015789
0 0.419737 0.484211 0.013158 0.036842
0 0.044737 0.056579 0.042105 0.081579
0 0.055263 0.656579 0.057895 0.060526
0 0.261842 0.803947 0.007895 0.018421
0 0.096053 0.388158 0.028947 0.044737
0 0.582895 0.977632 0.007895 0.023684
0 0.073684 0.469737 0.010526 0.013158
0 0.132895 0.692105 0.092105 0.036842
0 0.657895 0.278947 0.084211 0.042105
0 0.248684 0.288158 0.060526 0.044737
0 0.547368 0.880263 0.036842 0.034211
0 0.696053 0.852632 0.023684 0.031579
0 0.939474 0.292105 0.026316 0.036842
0 0.293421 0.785526 0.023684 0.007895
0 0.960526 0.248684 0.078947 0.044737
