0 0.627321 0.676154 0.013263 0.020000
0 0.436340 0.673077 0.023873 0.044615
0 0.930371 0.780769 0.011936 0.023077
0 0.803050 0.480000 0.027851 0.009231
0 0.139257 0.591538 0.010610 0.010769
0 0.375995 0.082308 0.027851 0.016923
0 0.244695 0.075385 0.006631 0.006154
0 0.903183 0.661538 0.010610 0.030769
0 0.114058 0.230000 0.013263 0.032308
0 0.141910 0.056923 0.010610 0.012308
0 0.713528 0.862308 0.034483 0.032308
0 0.350133 0.699231 0.005305 0.007692
0 0.924403 0.044615 0.034483 0.030769
0 0.152520 0.749231 0.026525 0.024615
0 0.620690 0.055385 0.023873 0.043077
0 0.202255 0.936923 0.022546 0.015385
0 0.787798 0.232308 0.015915 0.006154
0 0.977454 0.425385 0.015915 0.016923
0 0.981432 0.482308 0.007958 0.020000
0 0.799072 0.263846 0.022546 0.010769
0 0.289788 0.026154 0.009284 0.015385
0 0.692308 0.263846 0.010610 0.010769
0 0.842838 0.136923 0.011936 0.021538
0 0.295756 0.563077 0.045093 0.024615
0 0.776525 0.675385 0.006631 0.009231
0 0.665782 0.360769 0.005305 0.007692
0 0.199602 0.468462 0.011936 0.013846
0 0.915782 0.612308 0.033156 0.033846
0 0.986737 0.236154 0.018568 0.060000
0 0.390584 0.530769 0.006631 0.006154
0 0.453581 0.291538 0.005305 0.020000
0 0.972812 0.765385 0.019894 0.020000
0 0.818966 0.770000 0.041114 0.026154
0 0.600796 0.839231 0.021220 0.038462
0 0.430371 0.850000 0.003979 0.029231
0 0.139257 0.095385 0.023873 0.018462
0 0.720822 0.111538 0.030504 0.035385
0 0.504642 0.589231 0.006631 0.012308
0 0.562997 0.963846 0.014589 0.013846
0 0.633289 0.360769 0.022546 0.047692
