0 0.275114 0.277389 0.034247 0.046620
0 0.447489 0.574592 0.018265 0.016317
0 0.988584 0.596737 0.018265 0.013986
0 0.963470 0.327506 0.009132 0.011655
0 0.721461 0.139860 0.013699 0.027972
0 0.657534 0.916084 0.031963 0.037296
0 0.841324 0.374126 0.020548 0.025641
0 0.397260 0.813520 0.045662 0.051282
0 0.639269 0.956876 0.022831 0.034965
0 0.613014 0.335664 0.057078 0.051282
0 0.606164 0.973193 0.006849 0.016317
0 0.468037 0.031469 0.045662 0.044289
0 0.836758 0.216783 0.020548 0.004662
0 0.494292 0.433566 0.006849 0.013986
0 0.400685 0.227273 0.015982 0.044289
0 0.245434 0.532634 0.057078 0.048951
0 0.992009 0.009324 0.006849 0.013986
0 0.418950 0.100233 0.011416 0.018648
0 0.405251 0.749417 0.020548 0.025641
0 0.077626 0.307692 0.013699 0.027972
0 0.794521 0.869464 0.009132 0.013986
0 0.239726 0.095571 0.036530 0.032634
0 0.993151 0.372960 0.009132 0.013986
0 0.787671 0.701632 0.027397 0.018648
0 0.267123 0.420746 0.050228 0.030303
0 0.940639 0.877622 0.086758 0.030303
0 0.146119 0.383450 0.082192 0.030303
0 0.635845 0.259907 0.006849 0.016317
0 0.229452 0.784382 0.020548 0.044289
0 0.946347 0.579254 0.020548 0.030303
0 0.571918 0.459207 0.006849 0.013986
0 0.608447 0.039627 0.038813 0.069930
0 0.243151 0.207459 0.029680 0.079254
0 0.118721 0.942890 0.027397 0.025641
0 0.458904 0.621212 0.013699 0.011655
0 0.149543 0.708625 0.029680 0.037296
0 0.509132 0.766900 0.027397 0.027972
0 0.703196 0.574592 0.018265 0.044289
0 0.660959 0.532634 0.093607 0.030303
0 0.122146 0.729604 0.020548 0.023310
0 0.627854 0.240093 0.018265 0.013986
0 0.105023 0.502331 0.054795 0.039627
0 0.687215 0.820513 0.068493 0.041958
0 0.158676 0.256410 0.006849 0.013986
0 0.801370 0.163170 0.031963 0.037296
0 0.473744 0.320513 0.061644 0.044289
0 0.238584 0.194639 0.061644 0.044289
0 0.639269 0.713287 0.027397 0.023310
0 0.619863 0.384615 0.011416 0.009324
0 0.931507 0.772727 0.018265 0.016317
0 0.251142 0.272727 0.009132 0.018648
