0 0.007246 0.274678 0.008696 0.038627
0 0.194203 0.234979 0.002899 0.015021
0 0.715217 0.949571 0.004348 0.010730
0 0.853623 0.493562 0.005797 0.021459
0 0.134058 0.718884 0.033333 0.047210
0 0.678261 0.091202 0.002899 0.006438
0 0.044928 0.337983 0.002899 0.006438
0 0.744203 0.010730 0.001449 0.008584
0 0.003623 0.319742 0.001449 0.008584
0 0.528986 0.940987 0.002899 0.002146
0 0.643478 0.507511 0.031884 0.049356
0 0.578986 0.626609 0.004348 0.012876
0 0.257971 0.629828 0.020290 0.015021
0 0.532609 0.502146 0.001449 0.008584
0 0.936232 0.936695 0.037681 0.040773
0 0.444928 0.817597 0.020290 0.021459
0 0.305797 0.510730 0.026087 0.021459
0 0.604348 0.135193 0.014493 0.017167
0 0.360145 0.211373 0.010145 0.045064
0 0.239855 0.714592 0.018841 0.025751
0 0.817391 0.040773 0.005797 0.025751
0 0.363043 0.681330 0.030435 0.032189
0 0.373913 0.536481 0.014493 0.025751
0 0.389130 0.077253 0.021739 0.047210
0 0.023913 0.113734 0.044928 0.025751
