0 0.661215 0.572059 0.004673 0.014706
0 0.216121 0.775000 0.016355 0.014706
0 0.949766 0.110294 0.002336 0.008824
0 0.947430 0.097059 0.007009 0.011765
0 0.522196 0.048529 0.077103 0.044118
0 0.820093 0.948529 0.004673 0.008824
0 0.929907 0.895588 0.070093 0.050000
0 0.792056 0.038235 0.004673 0.005882
0 0.980140 0.701471 0.007009 0.002941
0 0.155374 0.792647 0.049065 0.055882
0 0.917056 0.458824 0.007009 0.011765
0 0.603972 0.417647 0.025701 0.035294
0 0.683411 0.730882 0.011682 0.020588
0 0.099299 0.638235 0.025701 0.029412
0 0.720794 0.025000 0.002336 0.008824
0 0.216121 0.639706 0.002336 0.002941
0 0.866822 0.151471 0.056075 0.038235
0 0.851636 0.048529 0.007009 0.008824
0 0.114486 0.116176 0.028037 0.026471
0 0.599299 0.307353 0.002336 0.002941
0 0.085280 0.382353 0.058411 0.058824
0 0.112150 0.457353 0.051402 0.032353
0 0.492991 0.575000 0.023364 0.032353
0 0.205607 0.507353 0.018692 0.008824
0 0.390187 0.307353 0.018692 0.026471
0 0.359813 0.697059 0.037383 0.035294
0 0.240654 0.457353 0.028037 0.061765
0 0.412383 0.141176 0.016355 0.041176
0 0.362150 0.932353 0.009346 0.029412
