0 0.616667 0.880435 0.008889 0.029644
0 0.153889 0.282609 0.003333 0.011858
0 0.549444 0.656126 0.003333 0.015810
0 0.694444 0.215415 0.024444 0.047431
0 0.121667 0.414032 0.021111 0.053360
0 0.374444 0.829051 0.006667 0.025692
0 0.150000 0.257905 0.033333 0.033597
0 0.846111 0.450593 0.025556 0.043478
0 0.179444 0.933794 0.014444 0.061265
0 0.052222 0.170949 0.004444 0.013834
0 0.929444 0.043478 0.005556 0.015810
0 0.518333 0.923913 0.034444 0.033597
0 0.770000 0.389328 0.024444 0.023715
0 0.733889 0.504941 0.003333 0.013834
0 0.244444 0.058300 0.008889 0.029644
0 0.396111 0.916996 0.003333 0.011858
0 0.101111 0.723320 0.017778 0.027668
0 0.908333 0.692688 0.010000 0.013834
0 0.918333 0.153162 0.003333 0.013834
0 0.863889 0.345850 0.003333 0.011858
0 0.721111 0.329051 0.031111 0.037549
0 0.820556 0.511858 0.027778 0.043478
0 0.476111 0.631423 0.005556 0.009881
0 0.036111 0.395257 0.016667 0.055336
0 0.337778 0.334980 0.024444 0.025692
0 0.694444 0.649209 0.006667 0.025692
0 0.891111 0.666008 0.011111 0.027668
0 0.038889 0.756917 0.006667 0.023715
0 0.593333 0.863636 0.035556 0.031621
0 0.616667 0.666008 0.031111 0.007905
0 0.780000 0.828063 0.011111 0.015810
0 0.454444 0.779644 0.004444 0.009881
0 0.163889 0.606719 0.003333 0.011858
0 0.501667 0.067194 0.005556 0.007905
0 0.225000 0.054348 0.016667 0.029644
0 0.481667 0.383399 0.007778 0.035573
0 0.547222 0.521739 0.003333 0.011858
0 0.269444 0.405138 0.005556 0.015810
0 0.58 0.454545 0.00444444 0.0158103
0 0.655556 0.407115 0.00444444 0.0118577
0 0.766111 0.606719 0.00555556 0.0158103
0 0.767778 0.608696 0.00444444 0.0158103
