0 0.385106 0.469149 0.034043 0.048936
0 0.313830 0.721277 0.006383 0.021277
0 0.225532 0.569149 0.038298 0.053191
0 0.304255 0.140426 0.008511 0.017021
0 0.765957 0.209574 0.046809 0.053191
0 0.269149 0.196809 0.031915 0.040426
0 0.621277 0.076596 0.025532 0.042553
0 0.914894 0.277660 0.046809 0.023404
0 0.755319 0.096809 0.017021 0.027660
0 0.128723 0.682979 0.057447 0.038298
0 0.026596 0.265957 0.010638 0.008511
0 0.224468 0.496809 0.019149 0.027660
0 0.531915 0.658511 0.046809 0.048936
0 0.450000 0.878723 0.036170 0.017021
0 0.246809 0.809574 0.008511 0.010638
0 0.722340 0.790426 0.010638 0.023404
0 0.422340 0.927660 0.006383 0.012766
0 0.811702 0.440426 0.010638 0.012766
0 0.487234 0.291489 0.042553 0.021277
0 0.413830 0.372340 0.010638 0.008511
0 0.578723 0.208511 0.008511 0.012766
0 0.529787 0.310638 0.008511 0.017021
0 0.185106 0.235106 0.021277 0.023404
0 0.562766 0.257447 0.006383 0.012766
0 0.594681 0.453191 0.057447 0.038298
0 0.094681 0.725532 0.006383 0.012766
0 0.668085 0.188298 0.055319 0.040426
0 0.314894 0.023404 0.042553 0.029787
0 0.730851 0.401064 0.019149 0.036170
0 0.946809 0.335106 0.012766 0.040426
0 0.384043 0.946809 0.006383 0.017021
0 0.517021 0.154255 0.025532 0.027660
0 0.574468 0.415957 0.021277 0.027660
0 0.252128 0.063830 0.048936 0.046809
0 0.031915 0.682979 0.063830 0.038298
0 0.935106 0.310638 0.006383 0.012766
