0 0.839869 0.969477 0.006536 0.008721
0 0.397876 0.438953 0.011438 0.052326
0 0.518791 0.138081 0.014706 0.037791
0 0.785948 0.097384 0.003268 0.014535
0 0.504085 0.642442 0.011438 0.017442
0 0.983660 0.152616 0.019608 0.043605
0 0.794118 0.450581 0.009804 0.017442
0 0.285131 0.322674 0.008170 0.005814
0 0.734477 0.014535 0.008170 0.017442
0 0.289216 0.126453 0.003268 0.014535
0 0.425654 0.713663 0.024510 0.095930
0 0.529412 0.335756 0.013072 0.020349
0 0.062908 0.877907 0.004902 0.011628
0 0.279412 0.424419 0.016340 0.046512
0 0.636438 0.600291 0.024510 0.026163
0 0.051471 0.720930 0.011438 0.023256
0 0.759804 0.976744 0.009804 0.040698
0 0.348856 0.203488 0.011438 0.040698
0 0.751634 0.466570 0.022876 0.043605
0 0.645425 0.113372 0.003268 0.017442
0 0.819444 0.805233 0.011438 0.029070
0 0.826797 0.857558 0.003268 0.017442
0 0.373366 0.513081 0.024510 0.055233
0 0.236111 0.443314 0.008170 0.008721
0 0.714052 0.921512 0.013072 0.011628
0 0.124183 0.347384 0.003268 0.014535
0 0.956699 0.640988 0.004902 0.008721
0 0.482843 0.545058 0.044118 0.043605
0 0.860294 0.591570 0.011438 0.026163
0 0.533497 0.609012 0.004902 0.008721
0 0.330882 0.146802 0.014706 0.043605
0 0.552288 0.149709 0.022876 0.055233
