0 0.982548 0.770755 0.006981 0.020755
0 0.869983 0.531132 0.012216 0.028302
0 0.786213 0.327358 0.019197 0.032075
0 0.464223 0.336792 0.034904 0.047170
0 0.381326 0.745283 0.040140 0.041509
0 0.345550 0.272642 0.006981 0.009434
0 0.598604 0.888679 0.048866 0.033962
0 0.691972 0.820755 0.005236 0.011321
0 0.842059 0.200000 0.008726 0.007547
0 0.611693 0.537736 0.054101 0.030189
0 0.072426 0.653774 0.040140 0.039623
0 0.365620 0.413208 0.012216 0.015094
0 0.731239 0.503774 0.059337 0.030189
0 0.094241 0.429245 0.017452 0.032075
0 0.956370 0.440566 0.034904 0.028302
0 0.260035 0.571698 0.017452 0.037736
0 0.455497 0.229245 0.045375 0.032075
0 0.918848 0.199057 0.026178 0.028302
0 0.697208 0.068868 0.019197 0.039623
0 0.688482 0.372642 0.008726 0.009434
0 0.076789 0.845283 0.017452 0.026415
0 0.867365 0.084906 0.052356 0.033962
0 0.958988 0.472642 0.015707 0.016981
0 0.319372 0.477358 0.041885 0.030189
0 0.935428 0.347170 0.062827 0.026415
0 0.356021 0.206604 0.006981 0.009434
0 0.856021 0.614151 0.012216 0.039623
0 0.046248 0.437736 0.029668 0.018868
0 0.828098 0.456604 0.005236 0.015094
0 0.948517 0.866981 0.054101 0.032075
0 0.351658 0.702830 0.029668 0.039623
0 0.390925 0.199057 0.038394 0.047170
0 0.303665 0.254717 0.020942 0.056604
