0 0.348000 0.608000 0.056000 0.096000
0 0.076000 0.638000 0.016000 0.020000
0 0.330000 0.528000 0.124000 0.056000
0 0.172000 0.856000 0.096000 0.088000
0 0.628000 0.656000 0.064000 0.040000
0 0.792000 0.570000 0.072000 0.116000
0 0.928000 0.602000 0.040000 0.036000
0 0.180000 0.332000 0.120000 0.072000
0 0.090000 0.816000 0.052000 0.112000
0 0.024000 0.812000 0.016000 0.032000
0 0.720000 0.392000 0.040000 0.104000
0 0.566000 0.648000 0.036000 0.048000
0 0.070000 0.256000 0.084000 0.048000
0 0.358000 0.840000 0.036000 0.016000
0 0.888000 0.806000 0.096000 0.052000
0 0.518000 0.530000 0.044000 0.100000
0 0.736000 0.530000 0.032000 0.012000
0 0.250000 0.100000 0.020000 0.040000
0 0.710000 0.720000 0.068000 0.072000
0 0.186000 0.028000 0.012000 0.024000
0 0.980000 0.344000 0.016000 0.024000
0 0.742000 0.886000 0.012000 0.028000
0 0.730000 0.292000 0.092000 0.088000
0 0.670000 0.524000 0.060000 0.040000
0 0.426000 0.954000 0.108000 0.076000
0 0.598000 0.778000 0.100000 0.076000
0 0.034000 0.170000 0.020000 0.020000
0 0.942000 0.900000 0.116000 0.072000
0 0.814000 0.318000 0.028000 0.044000
0 0.762000 0.072000 0.052000 0.064000
