0 0.759861 0.793023 0.058005 0.051163
0 0.334107 0.361628 0.032483 0.072093
0 0.081206 0.737209 0.046404 0.041860
0 0.588167 0.596512 0.025522 0.053488
0 0.497680 0.048837 0.011601 0.018605
0 0.617169 0.215116 0.018561 0.030233
0 0.358469 0.276744 0.062645 0.046512
0 0.273782 0.939535 0.032483 0.027907
0 0.098608 0.841860 0.030162 0.060465
0 0.778422 0.879070 0.006961 0.013953
0 0.962877 0.295349 0.013921 0.023256
0 0.255220 0.800000 0.009281 0.013953
0 0.822506 0.084884 0.062645 0.044186
0 0.756381 0.325581 0.023202 0.046512
0 0.578886 0.219767 0.016241 0.006977
0 0.395592 0.582558 0.039443 0.048837
0 0.980278 0.645349 0.011601 0.011628
0 0.451276 0.020930 0.067285 0.041860
0 0.214617 0.843023 0.011601 0.016279
0 0.176334 0.301163 0.051044 0.053488
0 0.250580 0.873256 0.097448 0.030233
0 0.417633 0.404651 0.074246 0.037209
0 0.076566 0.803488 0.013921 0.011628
0 0.902552 0.791860 0.018561 0.030233
0 0.209977 0.518605 0.039443 0.041860
0 0.049884 0.913953 0.006961 0.023256
0 0.593968 0.412791 0.013921 0.030233
0 0.580046 0.340698 0.032483 0.020930
0 0.221578 0.420930 0.071926 0.037209
0 0.599768 0.126744 0.034803 0.067442
0 0.470998 0.527907 0.046404 0.060465
0 0.581206 0.518605 0.016241 0.032558
0 0.617169 0.660465 0.041763 0.069767
0 0.729698 0.877907 0.039443 0.020930
0 0.027842 0.680233 0.037123 0.034884
0 0.513921 0.790698 0.006961 0.013953
0 0.110209 0.312791 0.020882 0.044186
0 0.974478 0.150000 0.037123 0.072093
