0 0.165169 0.248288 0.020225 0.058219
0 0.919101 0.166096 0.040449 0.037671
0 0.048315 0.830479 0.060674 0.065068
0 0.164045 0.573630 0.026966 0.023973
0 0.380899 0.284247 0.020225 0.041096
0 0.919101 0.345890 0.031461 0.068493
0 0.493258 0.383562 0.011236 0.013699
0 0.441573 0.782534 0.011236 0.030822
0 0.624719 0.102740 0.022472 0.027397
0 0.459551 0.654110 0.006742 0.027397
0 0.646067 0.260274 0.020225 0.054795
0 0.949438 0.539384 0.006742 0.023973
0 0.239326 0.852740 0.011236 0.020548
0 0.439326 0.643836 0.029213 0.041096
0 0.224719 0.726027 0.035955 0.041096
0 0.400000 0.136986 0.008989 0.013699
0 0.498876 0.308219 0.022472 0.075342
0 0.850562 0.169521 0.042697 0.030822
0 0.315730 0.679795 0.011236 0.017123
0 0.629213 0.419521 0.004494 0.017123
0 0.176404 0.904110 0.056180 0.068493
0 0.737079 0.813356 0.035955 0.044521
0 0.125843 0.532534 0.044944 0.071918
0 0.774157 0.808219 0.011236 0.006849
0 0.050562 0.577055 0.078652 0.051370
