0 0.876935 0.218137 0.017028 0.011438
0 0.777090 0.386438 0.006192 0.008170
0 0.766254 0.695261 0.049536 0.027778
0 0.205882 0.392974 0.006192 0.008170
0 0.383901 0.711601 0.006192 0.008170
0 0.449690 0.686275 0.020124 0.022876
0 0.530960 0.867647 0.006192 0.009804
0 0.099071 0.641340 0.024768 0.053922
0 0.375387 0.435458 0.010836 0.024510
0 0.014706 0.647876 0.010836 0.014706
0 0.581269 0.100490 0.047988 0.027778
0 0.714396 0.396242 0.017028 0.021242
0 0.257740 0.513072 0.023220 0.055556
0 0.396285 0.410948 0.012384 0.004902
0 0.811920 0.571895 0.004644 0.013072
0 0.388545 0.177288 0.040248 0.031046
0 0.130031 0.490196 0.043344 0.029412
0 0.255418 0.991830 0.012384 0.013072
0 0.135449 0.285948 0.060372 0.022876
0 0.872291 0.773693 0.054180 0.024510
0 0.577399 0.228758 0.012384 0.013072
0 0.891641 0.959967 0.012384 0.017974
0 0.923375 0.466503 0.029412 0.027778
0 0.060372 0.938725 0.006192 0.008170
0 0.729876 0.580882 0.013932 0.024510
0 0.072755 0.433007 0.040248 0.032680
0 0.907121 0.157680 0.027864 0.047386
0 0.736842 0.070261 0.024768 0.013072
0 0.671827 0.378268 0.009288 0.004902
0 0.541796 0.066176 0.006192 0.008170
0 0.663313 0.721405 0.038700 0.034314
0 0.885449 0.131536 0.012384 0.017974
0 0.659443 0.525327 0.006192 0.008170
0 0.023220 0.796569 0.006192 0.008170
0 0.872291 0.392974 0.013932 0.014706
0 0.537152 0.224673 0.034056 0.040850
0 0.785604 0.102941 0.017028 0.019608
0 0.573529 0.330882 0.007740 0.011438
0 0.570433 0.916667 0.038700 0.032680
0 0.569659 0.310458 0.027864 0.026144
0 0.528638 0.277778 0.004644 0.009804
