0 0.971061 0.470000 0.035370 0.060000
0 0.412379 0.795714 0.020900 0.014286
0 0.877814 0.262857 0.009646 0.022857
0 0.580386 0.105714 0.057878 0.040000
0 0.695338 0.721429 0.004823 0.020000
0 0.024920 0.102857 0.043408 0.057143
0 0.357717 0.117143 0.008039 0.011429
0 0.594855 0.277143 0.035370 0.068571
0 0.184084 0.398571 0.033762 0.048571
0 0.959807 0.914286 0.038585 0.062857
0 0.249196 0.098571 0.006431 0.014286
0 0.952572 0.807143 0.017685 0.048571
0 0.730707 0.237143 0.036977 0.051429
0 0.766077 0.492857 0.030547 0.077143
0 0.360932 0.767143 0.020900 0.082857
0 0.573151 0.350000 0.004823 0.020000
0 0.834405 0.907143 0.006431 0.014286
0 0.090032 0.467143 0.006431 0.014286
0 0.538585 0.215714 0.016077 0.042857
0 0.397910 0.242857 0.004823 0.017143
0 0.303859 0.918571 0.022508 0.037143
0 0.558682 0.290000 0.027331 0.088571
0 0.397106 0.164286 0.009646 0.037143
0 0.655949 0.695714 0.003215 0.025714
0 0.832797 0.060000 0.016077 0.045714
0 0.404341 0.284286 0.049839 0.048571
0 0.089228 0.325714 0.008039 0.051429
0 0.818328 0.835714 0.035370 0.060000
0 0.534566 0.100000 0.030547 0.028571
0 0.913183 0.804286 0.045016 0.054286
0 0.183280 0.022857 0.009646 0.040000
0 0.794212 0.701429 0.019293 0.088571
0 0.810289 0.282857 0.032154 0.051429
0 0.933280 0.342857 0.014469 0.034286
0 0.780547 0.135714 0.033762 0.014286
0 0.561897 0.431429 0.004823 0.017143
0 0.053859 0.842857 0.033762 0.074286
0 0.358521 0.601429 0.006431 0.014286
