0 0.141304 0.005115 0.005929 0.005115
0 0.152174 0.074169 0.059289 0.040921
0 0.213439 0.255754 0.007905 0.010230
0 0.555336 0.546036 0.031621 0.069054
0 0.979249 0.810742 0.005929 0.005115
0 0.092885 0.599744 0.011858 0.017903
0 0.092885 0.299233 0.015810 0.010230
0 0.560277 0.115090 0.025692 0.040921
0 0.024704 0.482097 0.017787 0.038363
0 0.827075 0.315857 0.061265 0.043478
0 0.047431 0.938619 0.003953 0.010230
0 0.473320 0.305627 0.013834 0.012788
0 0.153162 0.956522 0.001976 0.010230
0 0.038538 0.264706 0.025692 0.074169
0 0.548419 0.079284 0.021739 0.020460
0 0.573123 0.810742 0.051383 0.035806
0 0.904150 0.132992 0.049407 0.051151
0 0.452569 0.900256 0.015810 0.020460
0 0.627470 0.441176 0.025692 0.023018
0 0.263834 0.335038 0.053360 0.040921
0 0.217391 0.897698 0.019763 0.015345
0 0.771739 0.687980 0.005929 0.005115
0 0.560277 0.150895 0.005929 0.010230
0 0.502964 0.768542 0.017787 0.038363
0 0.315217 0.547315 0.021739 0.040921
0 0.771739 0.840153 0.065217 0.038363
0 0.628458 0.053708 0.003953 0.010230
0 0.964427 0.640665 0.007905 0.007673
0 0.337945 0.069054 0.007905 0.020460
0 0.813241 0.982097 0.021739 0.020460
0 0.510870 0.471867 0.013834 0.012788
0 0.950593 0.144501 0.003953 0.012788
