0 0.811458 0.297222 0.006250 0.018519
0 0.298698 0.644907 0.011979 0.021296
0 0.634115 0.744907 0.009896 0.012037
0 0.745313 0.446759 0.002083 0.008333
0 0.187760 0.013889 0.001563 0.005556
0 0.787500 0.130093 0.006250 0.019444
0 0.023698 0.580556 0.006771 0.016667
0 0.076823 0.306944 0.002604 0.006481
0 0.182031 0.173148 0.005729 0.009259
0 0.669792 0.786574 0.009375 0.013889
0 0.981510 0.296759 0.008854 0.019444
0 0.858854 0.709259 0.008333 0.018519
0 0.991146 0.794444 0.005208 0.016667
0 0.971094 0.430556 0.017188 0.014815
0 0.804167 0.868056 0.011458 0.023148
0 0.973958 0.575926 0.013542 0.018519
0 0.557813 0.836111 0.022917 0.011111
0 0.989844 0.959722 0.005729 0.008333
0 0.643229 0.948611 0.009375 0.026852
0 0.886979 0.947222 0.012500 0.020370
0 0.544271 0.014352 0.006250 0.023148
0 0.758073 0.612963 0.006771 0.009259
0 0.962240 0.143056 0.001563 0.006481
0 0.209896 0.216204 0.005208 0.015741
0 0.499740 0.184259 0.010937 0.022222
0 0.003906 0.670833 0.002604 0.017593
0 0.750521 0.070370 0.014583 0.016667
0 0.301823 0.801852 0.018229 0.012963
0 0.534115 0.699074 0.002604 0.007407
0 0.810417 0.277778 0.014583 0.016667
0 0.408594 0.330556 0.006771 0.024074
0 0.292969 0.631481 0.002604 0.003704
0 0.108594 0.215278 0.004687 0.015741
0 0.112760 0.031944 0.001563 0.008333
0 0.119531 0.693519 0.011979 0.020370
0 0.589583 0.785185 0.008333 0.009259
0 0.104688 0.727315 0.004167 0.008333
0 0.185938 0.216204 0.002083 0.004630
0 0.352083 0.871759 0.008333 0.012037
0 0.683594 0.375463 0.007812 0.010185
0 0.741406 0.777778 0.023438 0.011111
0 0.825521 0.514352 0.013542 0.019444
0 0.542188 0.426389 0.016667 0.015741
0 0.441406 0.733333 0.001563 0.007407
0 0.354687 0.368519 0.012500 0.020370
