0 0.932353 0.748810 0.033333 0.021429
0 0.550000 0.114286 0.045098 0.042857
0 0.270588 0.284524 0.011765 0.045238
0 0.984314 0.553571 0.003922 0.011905
0 0.656863 0.908333 0.039216 0.016667
0 0.966667 0.852381 0.003922 0.014286
0 0.176471 0.141667 0.015686 0.040476
0 0.709804 0.090476 0.066667 0.038095
0 0.375490 0.025000 0.029412 0.021429
0 0.261765 0.942857 0.005882 0.009524
0 0.046078 0.136905 0.025490 0.021429
0 0.569608 0.620238 0.013725 0.011905
0 0.261765 0.766667 0.056863 0.033333
0 0.425490 0.707143 0.007843 0.009524
0 0.011765 0.807143 0.015686 0.009524
0 0.577451 0.266667 0.009804 0.014286
0 0.770588 0.544048 0.003922 0.011905
0 0.167647 0.264286 0.013725 0.009524
0 0.857843 0.688095 0.005882 0.009524
0 0.579412 0.541667 0.005882 0.007143
0 0.262745 0.740476 0.011765 0.014286
0 0.247059 0.865476 0.003922 0.011905
0 0.652941 0.758333 0.027451 0.011905
0 0.041176 0.282143 0.062745 0.040476
0 0.340196 0.448810 0.009804 0.007143
0 0.853922 0.102381 0.041176 0.042857
0 0.256863 0.646429 0.0196078 0.0404762
0 0.729412 0.982143 0.0156863 0.0357143
0 0.746078 0.367857 0.0176471 0.05
0 0.697059 0.132143 0.0137255 0.0357143
0 0.653922 0.320238 0.0176471 0.05
