0 0.663721 0.481584 0.028067 0.034991
0 0.092516 0.387661 0.008316 0.027624
0 0.664761 0.085635 0.015593 0.016575
0 0.765593 0.675875 0.003119 0.011050
0 0.044699 0.444751 0.004158 0.009208
0 0.889813 0.940147 0.010395 0.042357
0 0.089397 0.279926 0.029106 0.033149
0 0.679314 0.344383 0.007277 0.011050
0 0.160083 0.544199 0.027027 0.038674
0 0.284823 0.831492 0.004158 0.009208
0 0.744802 0.729282 0.017672 0.058932
0 0.433992 0.559853 0.007277 0.014733
0 0.487006 0.609576 0.013514 0.029466
0 0.289501 0.360958 0.005198 0.014733
0 0.053015 0.328729 0.010395 0.009208
0 0.254678 0.585635 0.018711 0.018416
0 0.795218 0.913444 0.020790 0.047882
0 0.738565 0.418969 0.005198 0.012891
0 0.267152 0.549724 0.010395 0.046041
0 0.973493 0.339779 0.005198 0.009208
0 0.140852 0.549724 0.009356 0.016575
0 0.638254 0.207182 0.018711 0.027624
0 0.597713 0.068140 0.010395 0.018416
0 0.535863 0.078269 0.025988 0.023941
0 0.320686 0.337017 0.017672 0.055249
0 0.294179 0.599448 0.004158 0.023941
0 0.187110 0.104972 0.006237 0.007366
0 0.963098 0.039595 0.003119 0.012891
0 0.421518 0.467772 0.036383 0.025783
0 0.051455 0.646409 0.030146 0.033149
0 0.054054 0.849908 0.006237 0.005525
0 0.681393 0.710866 0.030146 0.033149
0 0.527027 0.260589 0.004158 0.009208
0 0.041580 0.408840 0.010395 0.025783
0 0.046778 0.147330 0.020790 0.044199
0 0.166320 0.971455 0.004158 0.009208
0 0.658004 0.013812 0.008316 0.005525
0 0.017672 0.124309 0.016632 0.060773
0 0.114865 0.133517 0.019751 0.049724
0 0.835239 0.974217 0.003119 0.014733
0 0.389813 0.764273 0.014553 0.025783
0 0.174116 0.349908 0.005198 0.025783
