0 0.183628 0.395105 0.008850 0.025641
0 0.073009 0.590909 0.048673 0.030303
0 0.271018 0.614219 0.006637 0.016317
0 0.670354 0.279720 0.084071 0.032634
0 0.863938 0.303030 0.042035 0.032634
0 0.132743 0.721445 0.008850 0.020979
0 0.346239 0.116550 0.011062 0.009324
0 0.492257 0.468531 0.006637 0.013986
0 0.705752 0.480186 0.022124 0.041958
0 0.051991 0.074592 0.033186 0.023310
0 0.675885 0.060606 0.006637 0.013986
0 0.470133 0.402098 0.015487 0.016317
0 0.315265 0.073427 0.037611 0.048951
0 0.862832 0.820513 0.070796 0.037296
0 0.654867 0.544289 0.057522 0.044289
0 0.497788 0.325175 0.053097 0.034965
0 0.293142 0.543124 0.064159 0.041958
0 0.168142 0.138695 0.044248 0.034965
0 0.105088 0.122378 0.015487 0.011655
0 0.661504 0.784382 0.070796 0.039627
0 0.316372 0.495338 0.030973 0.048951
0 0.110619 0.094406 0.066372 0.039627
0 0.678097 0.877622 0.046460 0.039627
0 0.720133 0.853147 0.015487 0.013986
0 0.752212 0.621212 0.008850 0.011655
0 0.663717 0.844988 0.008850 0.020979
0 0.710177 0.407925 0.053097 0.046620
0 0.086283 0.699301 0.017699 0.037296
0 0.311947 0.172494 0.039823 0.051282
0 0.272124 0.289044 0.013274 0.037296
0 0.589602 0.890443 0.042035 0.032634
0 0.547566 0.730769 0.028761 0.006993
0 0.627212 0.946387 0.055310 0.046620
0 0.382743 0.679487 0.048673 0.039627
0 0.892699 0.102564 0.033186 0.079254
0 0.357301 0.318182 0.059735 0.039627
0 0.508850 0.911422 0.048673 0.041958
0 0.470133 0.702797 0.00663717 0.016317
0 0.490044 0.693473 0.00663717 0.016317
