0 0.932813 0.479167 0.040625 0.108333
0 0.975000 0.079167 0.031250 0.075000
0 0.312500 0.560417 0.031250 0.062500
0 0.028125 0.131250 0.037500 0.087500
0 0.617188 0.229167 0.015625 0.016667
0 0.889062 0.406250 0.034375 0.120833
0 0.153125 0.508333 0.025000 0.041667
0 0.559375 0.772917 0.012500 0.020833
0 0.062500 0.372917 0.012500 0.029167
0 0.196875 0.197917 0.093750 0.070833
0 0.404687 0.572917 0.028125 0.079167
0 0.217188 0.683333 0.009375 0.033333
0 0.704688 0.235417 0.015625 0.054167
0 0.098437 0.497917 0.065625 0.104167
0 0.332813 0.293750 0.009375 0.029167
0 0.820312 0.102083 0.084375 0.079167
0 0.231250 0.797917 0.031250 0.087500
0 0.834375 0.400000 0.068750 0.041667
0 0.889062 0.633333 0.015625 0.058333
0 0.148438 0.941667 0.071875 0.091667
0 0.835938 0.589583 0.084375 0.079167
0 0.854688 0.895833 0.021875 0.075000
0 0.515625 0.837500 0.012500 0.025000
0 0.843750 0.270833 0.075000 0.091667
0 0.740625 0.550000 0.087500 0.075000
0 0.812500 0.777083 0.025000 0.037500
0 0.206250 0.366667 0.050000 0.091667
0 0.882812 0.695833 0.009375 0.025000
0 0.635938 0.312500 0.059375 0.108333
0 0.395313 0.364583 0.034375 0.054167
0 0.162500 0.143750 0.012500 0.029167
0 0.612500 0.533333 0.062500 0.091667
0 0.723437 0.108333 0.053125 0.083333
