0 0.140845 0.269450 0.044266 0.045541
0 0.259557 0.214421 0.052314 0.037951
0 0.638833 0.006641 0.006036 0.013283
0 0.599598 0.971537 0.008048 0.018975
0 0.755533 0.580645 0.022133 0.045541
0 0.170020 0.523719 0.018109 0.007590
0 0.301811 0.721063 0.012072 0.007590
0 0.214286 0.230550 0.034205 0.058824
0 0.601610 0.699241 0.024145 0.039848
0 0.589537 0.146110 0.024145 0.037951
0 0.823944 0.375712 0.006036 0.011385
0 0.215292 0.869070 0.036217 0.053131
0 0.598592 0.260911 0.058350 0.024668
0 0.447686 0.440228 0.058350 0.034156
0 0.082495 0.036053 0.056338 0.034156
0 0.385312 0.417457 0.058350 0.034156
0 0.754527 0.703036 0.028169 0.032258
0 0.440644 0.793169 0.008048 0.015180
0 0.204225 0.048387 0.030181 0.039848
0 0.404427 0.771347 0.024145 0.028463
0 0.473843 0.092030 0.034205 0.039848
0 0.670020 0.393738 0.012072 0.005693
0 0.841046 0.172676 0.044266 0.041746
0 0.193159 0.178368 0.048290 0.041746
0 0.041247 0.098672 0.074447 0.026565
0 0.969819 0.351992 0.012072 0.005693
0 0.084507 0.283681 0.020121 0.020873
0 0.919517 0.365275 0.024145 0.009488
0 0.407445 0.618596 0.046278 0.041746
0 0.294769 0.853890 0.046278 0.041746
0 0.887324 0.830171 0.012072 0.005693
0 0.789738 0.101518 0.006036 0.013283
0 0.206237 0.576850 0.006036 0.011385
0 0.726358 0.337761 0.008048 0.018975
0 0.094567 0.792220 0.008048 0.009488
0 0.457746 0.290323 0.018109 0.026565
0 0.413481 0.037002 0.070423 0.024668
0 0.474849 0.566414 0.060362 0.032258
0 0.169014 0.484820 0.056338 0.032258
0 0.309859 0.572106 0.004024 0.017078
0 0.316901 0.600569 0.046278 0.024668
0 0.200201 0.673624 0.010060 0.022770
0 0.455734 0.364326 0.026157 0.037951
0 0.641851 0.366224 0.036217 0.056926
