0 0.158974 0.223485 0.010256 0.034091
0 0.670513 0.182765 0.007692 0.020833
0 0.673077 0.876894 0.007692 0.011364
0 0.201282 0.464962 0.038462 0.032197
0 0.915385 0.770833 0.020513 0.034091
0 0.936538 0.339015 0.042308 0.030303
0 0.966667 0.650568 0.033333 0.039773
0 0.942949 0.075758 0.042308 0.015152
0 0.697436 0.511364 0.007692 0.018939
0 0.157051 0.691288 0.008974 0.030303
0 0.765385 0.282197 0.038462 0.034091
0 0.290385 0.761364 0.014103 0.056818
0 0.448718 0.814394 0.023077 0.034091
0 0.496795 0.957386 0.011538 0.024621
0 0.969231 0.977273 0.005128 0.007576
0 0.475000 0.157197 0.024359 0.049242
0 0.582692 0.367424 0.006410 0.022727
0 0.507692 0.333333 0.017949 0.056818
0 0.660897 0.239583 0.003846 0.009470
0 0.910897 0.816288 0.006410 0.015152
0 0.665385 0.917614 0.002564 0.009470
0 0.384615 0.310606 0.028205 0.041667
0 0.989103 0.768939 0.014103 0.037879
0 0.200641 0.840909 0.019231 0.041667
0 0.355769 0.113636 0.003846 0.007576
0 0.448077 0.124053 0.026923 0.028409
0 0.930128 0.375000 0.006410 0.003788
0 0.357692 0.149621 0.015385 0.030303
0 0.144872 0.094697 0.007692 0.015152
0 0.028205 0.571023 0.010256 0.020833
0 0.215385 0.002841 0.005128 0.005682
0 0.465385 0.226326 0.005128 0.009470
0 0.214103 0.695076 0.017949 0.030303
