0 0.366935 0.014368 0.008065 0.011494
0 0.609677 0.607759 0.006452 0.014368
0 0.648387 0.841954 0.022581 0.034483
0 0.944355 0.808908 0.040323 0.060345
0 0.442742 0.775862 0.004839 0.017241
0 0.520161 0.418103 0.040323 0.048851
0 0.314516 0.866379 0.009677 0.020115
0 0.754839 0.751437 0.019355 0.083333
0 0.702419 0.497126 0.011290 0.040230
0 0.808065 0.091954 0.025806 0.097701
0 0.209677 0.659483 0.006452 0.031609
0 0.221774 0.350575 0.037097 0.063218
0 0.378226 0.774425 0.050000 0.048851
0 0.673387 0.050287 0.027419 0.083333
0 0.093548 0.228448 0.064516 0.037356
0 0.225806 0.524425 0.035484 0.060345
0 0.653226 0.721264 0.006452 0.022989
0 0.770968 0.033046 0.041935 0.060345
0 0.086290 0.512931 0.040323 0.060345
0 0.151613 0.625000 0.025806 0.048851
0 0.721774 0.040230 0.004839 0.022989
0 0.756452 0.535920 0.006452 0.014368
0 0.628226 0.715517 0.024194 0.068966
0 0.529839 0.469828 0.008065 0.037356
0 0.759677 0.948276 0.029032 0.080460
0 0.894355 0.297414 0.017742 0.020115
0 0.445968 0.390805 0.062903 0.040230
0 0.738710 0.636494 0.029032 0.083333
0 0.864516 0.834770 0.025806 0.054598
0 0.416935 0.670977 0.030645 0.077586
0 0.716129 0.349138 0.016129 0.020115
0 0.281452 0.567529 0.027419 0.048851
0 0.962097 0.209770 0.040323 0.063218
0 0.464516 0.514368 0.032258 0.057471
0 0.178226 0.280172 0.011290 0.043103
0 0.308871 0.218391 0.008065 0.022989
0 0.947581 0.410920 0.017742 0.028736
0 0.583871 0.234195 0.006452 0.014368
0 0.188710 0.107759 0.019355 0.060345
0 0.844355 0.33908 0.00483871 0.0229885
0 0.819355 0.320402 0.00645161 0.0201149
