0 0.813820 0.737443 0.007678 0.018265
0 0.625720 0.236301 0.015355 0.029680
0 0.727447 0.750000 0.034549 0.038813
0 0.554702 0.082192 0.042226 0.054795
0 0.899232 0.099315 0.028791 0.034247
0 0.447217 0.471461 0.065259 0.034247
0 0.066219 0.513699 0.032630 0.027397
0 0.521113 0.076484 0.021113 0.015982
0 0.544146 0.305936 0.005758 0.013699
0 0.374280 0.687215 0.046065 0.050228
0 0.443378 0.053653 0.026871 0.038813
0 0.276392 0.563927 0.011516 0.027397
0 0.034549 0.474886 0.026871 0.041096
0 0.745681 0.992009 0.013436 0.006849
0 0.780230 0.329909 0.013436 0.038813
0 0.831094 0.875571 0.046065 0.043379
0 0.090211 0.732877 0.053743 0.041096
0 0.319578 0.932648 0.005758 0.020548
0 0.772553 0.907534 0.040307 0.015982
0 0.793666 0.468037 0.005758 0.018265
0 0.232246 0.659817 0.046065 0.022831
0 0.283109 0.100457 0.009597 0.054795
0 0.050864 0.404110 0.047985 0.045662
0 0.084453 0.825342 0.007678 0.011416
0 0.445298 0.378995 0.030710 0.018265
0 0.058541 0.108447 0.044146 0.047945
0 0.891555 0.933790 0.067179 0.031963
0 0.127639 0.704338 0.009597 0.015982
0 0.591171 0.472603 0.057582 0.041096
0 0.304223 0.536530 0.017274 0.018265
0 0.337812 0.671233 0.023033 0.022831
0 0.902111 0.463470 0.007678 0.013699
0 0.433781 0.871005 0.057582 0.034247
0 0.814779 0.039954 0.036468 0.061644
0 0.258157 0.132420 0.036468 0.063927
0 0.295585 0.665525 0.011516 0.006849
