0 0.235937 0.873611 0.006250 0.013889
0 0.346875 0.804167 0.034375 0.069444
0 0.562500 0.336111 0.025000 0.038889
0 0.830469 0.108333 0.004687 0.016667
0 0.103125 0.701389 0.018750 0.075000
0 0.569531 0.890278 0.029687 0.047222
0 0.589844 0.187500 0.014063 0.019444
0 0.086719 0.895833 0.042188 0.052778
0 0.756250 0.765278 0.050000 0.047222
0 0.364844 0.088889 0.029687 0.072222
0 0.267188 0.245833 0.025000 0.080556
0 0.115625 0.641667 0.046875 0.038889
0 0.224219 0.173611 0.014063 0.025000
0 0.147656 0.744444 0.004687 0.016667
0 0.654687 0.620833 0.025000 0.025000
0 0.125000 0.479167 0.003125 0.025000
0 0.391406 0.784722 0.020313 0.047222
0 0.342187 0.326389 0.009375 0.008333
0 0.518750 0.425000 0.009375 0.044444
0 0.237500 0.938889 0.015625 0.027778
0 0.306250 0.265278 0.018750 0.030556
0 0.944531 0.380556 0.007812 0.016667
0 0.229687 0.701389 0.012500 0.030556
0 0.135937 0.054167 0.043750 0.030556
0 0.534375 0.534722 0.009375 0.025000
0 0.892969 0.659722 0.014063 0.008333
0 0.879687 0.604167 0.021875 0.036111
