0 0.551471 0.909195 0.027311 0.071264
0 0.678571 0.497701 0.008403 0.011494
0 0.033613 0.279310 0.008403 0.011494
0 0.470588 0.348276 0.029412 0.062069
0 0.029412 0.433333 0.021008 0.034483
0 0.212185 0.158621 0.075630 0.032184
0 0.689076 0.887356 0.050420 0.041379
0 0.772059 0.474713 0.056723 0.043678
0 0.818277 0.332184 0.048319 0.052874
0 0.334034 0.206897 0.046218 0.045977
0 0.692227 0.498851 0.014706 0.027586
0 0.421218 0.937931 0.060924 0.041379
0 0.495798 0.700000 0.029412 0.052874
0 0.715336 0.074713 0.031513 0.057471
0 0.893908 0.572414 0.014706 0.036782
0 0.813025 0.164368 0.058824 0.043678
0 0.712185 0.840230 0.058824 0.043678
0 0.392857 0.187356 0.012605 0.029885
0 0.517857 0.120690 0.010504 0.011494
0 0.610294 0.983908 0.006303 0.013793
0 0.577731 0.417241 0.004202 0.020690
0 0.680672 0.033333 0.029412 0.029885
0 0.566176 0.832184 0.023109 0.041379
0 0.509454 0.649425 0.039916 0.043678
0 0.514706 0.602299 0.016807 0.041379
0 0.311975 0.049425 0.014706 0.016092
0 0.379202 0.771264 0.056723 0.043678
0 0.428571 0.874713 0.033613 0.075862
0 0.663866 0.714943 0.016807 0.027586
0 0.817227 0.593103 0.033613 0.018391
0 0.600840 0.798851 0.042017 0.034483
0 0.441176 0.662069 0.067227 0.036782
0 0.769958 0.103448 0.018908 0.027586
0 0.300420 0.970115 0.050420 0.050575
0 0.859244 0.658621 0.037815 0.052874
0 0.738445 0.735632 0.027311 0.013793
0 0.615546 0.017241 0.012605 0.029885
0 0.758403 0.341379 0.016807 0.016092
0 0.380252 0.131034 0.037815 0.041379
0 0.081933 0.110345 0.029412 0.045977
0 0.633403 0.633333 0.027311 0.075862
0 0.875000 0.704598 0.023109 0.029885
0 0.951681 0.049425 0.054622 0.043678
0 0.400210 0.717241 0.006303 0.013793
0 0.990546 0.717241 0.006303 0.013793
0 0.469538 0.709195 0.018908 0.025287
