0 0.533040 0.574176 0.008811 0.016484
0 0.907489 0.898352 0.026432 0.071429
0 0.817181 0.439560 0.118943 0.098901
0 0.354626 0.472527 0.013216 0.010989
0 0.792952 0.219780 0.070485 0.054945
0 0.896476 0.387363 0.030837 0.038462
0 0.081498 0.354396 0.092511 0.126374
0 0.143172 0.681319 0.039648 0.076923
0 0.178414 0.898352 0.048458 0.049451
0 0.823789 0.137363 0.044053 0.087912
0 0.779736 0.359890 0.026432 0.049451
0 0.425110 0.678571 0.022026 0.016484
0 0.121145 0.030220 0.057269 0.049451
0 0.944934 0.266484 0.101322 0.115385
0 0.795154 0.173077 0.004405 0.016484
0 0.546256 0.244505 0.026432 0.038462
0 0.671806 0.431319 0.004405 0.016484
0 0.035242 0.115385 0.017621 0.021978
0 0.700441 0.689560 0.035242 0.071429
0 0.766520 0.123626 0.035242 0.049451
0 0.900881 0.739011 0.110132 0.104396
0 0.704846 0.093407 0.079295 0.153846
0 0.444934 0.274725 0.035242 0.032967
0 0.568282 0.766484 0.088106 0.049451
0 0.337004 0.222527 0.092511 0.093407
0 0.442731 0.697802 0.004405 0.010989
