0 0.214286 0.351020 0.110204 0.073469
0 0.157143 0.489796 0.012245 0.024490
0 0.916327 0.200000 0.012245 0.024490
0 0.414286 0.424490 0.118367 0.073469
0 0.081633 0.273469 0.089796 0.097959
0 0.100000 0.567347 0.093878 0.089796
0 0.910204 0.710204 0.016327 0.040816
0 0.814286 0.940816 0.028571 0.077551
0 0.259184 0.638776 0.044898 0.053061
0 0.534694 0.904082 0.171429 0.053061
0 0.783673 0.804082 0.081633 0.106122
0 0.222449 0.640816 0.020408 0.016327
0 0.095918 0.177551 0.102041 0.085714
0 0.697959 0.377551 0.114286 0.061224
0 0.524490 0.595918 0.020408 0.016327
0 0.051020 0.473469 0.102041 0.089796
0 0.867347 0.587755 0.012245 0.024490
0 0.487755 0.073469 0.077551 0.114286
0 0.346939 0.193878 0.065306 0.085714
0 0.193878 0.569388 0.110204 0.077551
0 0.675510 0.640816 0.085714 0.097959
0 0.375510 0.724490 0.106122 0.077551
0 0.406122 0.638776 0.012245 0.028571
0 0.320408 0.075510 0.020408 0.020408
0 0.332653 0.814286 0.028571 0.036735
0 0.061224 0.412245 0.114286 0.073469
0 0.910204 0.520408 0.057143 0.077551
0 0.579592 0.585714 0.081633 0.110204
0 0.371429 0.548980 0.016327 0.036735
0 0.834694 0.177551 0.093878 0.093878
0 0.089796 0.812245 0.016327 0.040816
0 0.279592 0.842857 0.069388 0.126531
0 0.761224 0.616327 0.061224 0.138776
0 0.265306 0.736735 0.057143 0.077551
0 0.502041 0.834694 0.073469 0.069388
0 0.865306 0.679592 0.057143 0.053061
0 0.679592 0.530612 0.093878 0.089796
0 0.726531 0.763265 0.024490 0.048980
0 0.604082 0.408163 0.016327 0.024490
0 0.587755 0.261224 0.114286 0.073469
0 0.579592 0.793878 0.040816 0.102041
0 0.900000 0.918367 0.028571 0.057143
0 0.944898 0.032653 0.012245 0.024490
0 0.900000 0.442857 0.061224 0.069388
0 0.130612 0.495918 0.138776 0.061224
0 0.044898 0.957143 0.040816 0.020408
0 0.046939 0.312245 0.077551 0.110204
0 0.628571 0.838776 0.048980 0.028571
