0 0.435743 0.401235 0.020080 0.041975
0 0.300201 0.790123 0.046185 0.054321
0 0.912651 0.339506 0.050201 0.051852
0 0.718876 0.756790 0.048193 0.051852
0 0.760040 0.672840 0.070281 0.037037
0 0.520080 0.769136 0.028112 0.037037
0 0.882530 0.972840 0.006024 0.019753
0 0.900602 0.558025 0.046185 0.054321
0 0.919679 0.177778 0.012048 0.034568
0 0.513052 0.419753 0.010040 0.009877
0 0.787149 0.883951 0.044177 0.059259
0 0.245984 0.007407 0.006024 0.014815
0 0.382530 0.600000 0.026104 0.029630
0 0.439759 0.102469 0.020080 0.032099
0 0.265060 0.675309 0.040161 0.027160
0 0.602410 0.437037 0.016064 0.049383
0 0.010040 0.346914 0.008032 0.012346
0 0.100402 0.425926 0.064257 0.041975
0 0.330321 0.177778 0.006024 0.014815
0 0.961847 0.277778 0.036145 0.071605
0 0.641566 0.670370 0.042169 0.046914
0 0.728916 0.914815 0.020080 0.037037
0 0.780120 0.081481 0.006024 0.014815
0 0.187751 0.433333 0.034137 0.076543
0 0.788153 0.828395 0.006024 0.017284
0 0.376506 0.458025 0.010040 0.032099
0 0.403614 0.976543 0.008032 0.012346
0 0.358434 0.472840 0.010040 0.037037
0 0.738956 0.437037 0.044177 0.059259
0 0.682731 0.258025 0.012048 0.007407
0 0.087349 0.674074 0.042169 0.034568
