0 0.940000 0.598182 0.040000 0.047273
0 0.112727 0.892727 0.080000 0.083636
0 0.469091 0.461818 0.065455 0.021818
0 0.905455 0.840000 0.043636 0.058182
0 0.685455 0.950909 0.076364 0.090909
0 0.120000 0.780000 0.058182 0.047273
0 0.892727 0.476364 0.025455 0.080000
0 0.480000 0.554545 0.094545 0.040000
0 0.005455 0.878182 0.010909 0.010909
0 0.956364 0.185455 0.050909 0.043636
0 0.410909 0.390909 0.058182 0.076364
0 0.667273 0.741818 0.120000 0.029091
0 0.450909 0.109091 0.029091 0.021818
0 0.352727 0.354545 0.007273 0.018182
0 0.287273 0.823636 0.036364 0.018182
0 0.685455 0.365455 0.069091 0.098182
0 0.132727 0.078182 0.010909 0.010909
0 0.658182 0.300000 0.007273 0.025455
0 0.538182 0.501818 0.109091 0.058182
0 0.881818 0.781818 0.018182 0.021818
0 0.580000 0.367273 0.090909 0.080000
0 0.030909 0.532727 0.061818 0.047273
0 0.154545 0.158182 0.040000 0.025455
0 0.803636 0.554545 0.029091 0.047273
