0 0.138750 0.461250 0.022500 0.042500
0 0.590000 0.706250 0.010000 0.012500
0 0.057500 0.558750 0.035000 0.052500
0 0.178750 0.387500 0.007500 0.015000
0 0.421250 0.037500 0.017500 0.055000
0 0.542500 0.445000 0.020000 0.030000
0 0.653750 0.415000 0.042500 0.075000
0 0.895000 0.200000 0.020000 0.020000
0 0.585000 0.270000 0.030000 0.020000
0 0.672500 0.487500 0.015000 0.020000
0 0.822500 0.852500 0.075000 0.045000
0 0.206250 0.156250 0.052500 0.062500
0 0.803750 0.155000 0.007500 0.015000
0 0.575000 0.666250 0.055000 0.057500
0 0.746250 0.400000 0.062500 0.045000
0 0.340000 0.253750 0.025000 0.042500
0 0.410000 0.473750 0.050000 0.057500
0 0.943750 0.532500 0.072500 0.045000
0 0.687500 0.195000 0.020000 0.015000
0 0.430000 0.126250 0.055000 0.062500
0 0.257500 0.643750 0.070000 0.037500
0 0.770000 0.825000 0.025000 0.035000
0 0.430000 0.375000 0.045000 0.070000
0 0.882500 0.701250 0.045000 0.042500
0 0.146250 0.141250 0.047500 0.057500
0 0.283750 0.458750 0.042500 0.072500
0 0.141250 0.328750 0.007500 0.017500
0 0.047500 0.451250 0.010000 0.012500
0 0.377500 0.438750 0.010000 0.012500
0 0.158750 0.425000 0.012500 0.015000
