0 0.391421 0.252011 0.064343 0.058981
0 0.247989 0.372654 0.024129 0.042895
0 0.096515 0.941019 0.037534 0.042895
0 0.731903 0.766756 0.075067 0.037534
0 0.624665 0.068365 0.010724 0.013405
0 0.044236 0.805630 0.013405 0.013405
0 0.176944 0.020107 0.010724 0.029491
0 0.663539 0.588472 0.040214 0.045576
0 0.471850 0.727882 0.016086 0.029491
0 0.341823 0.024129 0.024129 0.042895
0 0.565684 0.445040 0.042895 0.064343
0 0.508043 0.601877 0.008043 0.018767
0 0.085791 0.977212 0.005362 0.013405
0 0.337802 0.961126 0.091153 0.040214
0 0.077748 0.375335 0.032172 0.016086
0 0.272118 0.420912 0.029491 0.032172
0 0.301609 0.808311 0.008043 0.008043
0 0.025469 0.475871 0.013405 0.029491
0 0.171582 0.226542 0.021448 0.056300
0 0.117962 0.116622 0.016086 0.018767
0 0.709115 0.414209 0.050938 0.040214
0 0.451743 0.505362 0.008043 0.008043
0 0.156836 0.684987 0.029491 0.034853
0 0.514745 0.372654 0.0268097 0.0482574
