0 0.698511 0.424936 0.007444 0.015267
0 0.302730 0.676845 0.049628 0.020356
0 0.547146 0.087786 0.007444 0.017812
0 0.609181 0.670483 0.052109 0.033079
0 0.723325 0.970738 0.007444 0.017812
0 0.929280 0.678117 0.071960 0.043257
0 0.229529 0.807888 0.042184 0.033079
0 0.653846 0.826972 0.007444 0.020356
0 0.393300 0.779898 0.027295 0.017812
0 0.400744 0.809160 0.012407 0.010178
0 0.529777 0.030534 0.066998 0.045802
0 0.708437 0.013995 0.007444 0.017812
0 0.529777 0.329517 0.007444 0.017812
0 0.131514 0.069975 0.044665 0.073791
0 0.323821 0.113232 0.027295 0.017812
0 0.003722 0.343511 0.007444 0.015267
0 0.965261 0.243003 0.014888 0.007634
0 0.491315 0.337150 0.054591 0.058524
0 0.887097 0.391858 0.007444 0.015267
0 0.826303 0.045802 0.049628 0.050891
0 0.779156 0.961832 0.084367 0.040712
0 0.253102 0.713740 0.034739 0.099237
0 0.104218 0.857506 0.014888 0.035623
0 0.266749 0.823155 0.017370 0.022901
0 0.084367 0.909669 0.004963 0.022901
0 0.946650 0.412214 0.012407 0.020356
0 0.197270 0.148855 0.007444 0.022901
0 0.094293 0.772265 0.014888 0.053435
0 0.171216 0.965649 0.014888 0.007634
0 0.295285 0.734097 0.009926 0.012723
0 0.605459 0.926209 0.074442 0.045802
0 0.162531 0.758270 0.066998 0.045802
0 0.116625 0.571247 0.034739 0.033079
0 0.725806 0.937659 0.017370 0.012723
0 0.506203 0.521628 0.059553 0.055980
0 0.677419 0.424936 0.029777 0.040712
0 0.436725 0.693384 0.009926 0.012723
0 0.895782 0.282443 0.069479 0.045802
