0 0.966443 0.283505 0.006711 0.010309
0 0.570470 0.355670 0.107383 0.051546
0 0.045302 0.393471 0.050336 0.051546
0 0.708054 0.745704 0.033557 0.082474
0 0.241611 0.170103 0.087248 0.058419
0 0.803691 0.721649 0.003356 0.013746
0 0.793624 0.450172 0.030201 0.027491
0 0.399329 0.872852 0.067114 0.041237
0 0.546980 0.204467 0.087248 0.065292
0 0.684564 0.388316 0.013423 0.013746
0 0.798658 0.853952 0.006711 0.010309
0 0.667785 0.180412 0.026846 0.030928
0 0.763423 0.515464 0.036913 0.020619
0 0.501678 0.752577 0.003356 0.006873
0 0.649329 0.756014 0.030201 0.061856
0 0.899329 0.902062 0.013423 0.037801
0 0.889262 0.283505 0.053691 0.106529
0 0.088926 0.398625 0.010067 0.013746
0 0.677852 0.233677 0.093960 0.034364
0 0.077181 0.333333 0.053691 0.041237
0 0.303691 0.647766 0.010067 0.010309
0 0.820470 0.054983 0.057047 0.048110
0 0.0218121 0.823024 0.0234899 0.0584192
