0 0.731405 0.665625 0.024793 0.075000
0 0.395317 0.393750 0.041322 0.106250
0 0.926997 0.503125 0.030303 0.056250
0 0.122590 0.067187 0.030303 0.065625
0 0.378788 0.295312 0.052342 0.084375
0 0.253444 0.853125 0.016529 0.037500
0 0.506887 0.148438 0.033058 0.071875
0 0.971074 0.806250 0.057851 0.075000
0 0.487603 0.951562 0.060606 0.078125
0 0.936639 0.371875 0.104683 0.043750
0 0.063361 0.139063 0.011019 0.015625
0 0.767218 0.770312 0.063361 0.071875
0 0.856749 0.803125 0.071625 0.062500
0 0.794766 0.659375 0.008264 0.025000
0 0.657025 0.826562 0.046832 0.053125
0 0.736915 0.306250 0.019284 0.037500
0 0.323691 0.396875 0.019284 0.012500
0 0.891185 0.321875 0.096419 0.043750
0 0.366391 0.154688 0.099174 0.046875
0 0.555096 0.720313 0.063361 0.071875
0 0.976584 0.926562 0.041322 0.090625
0 0.249311 0.614062 0.019284 0.021875
0 0.910468 0.625000 0.008264 0.025000
0 0.176309 0.390625 0.027548 0.031250
0 0.078512 0.343750 0.041322 0.031250
0 0.920110 0.239063 0.011019 0.015625
0 0.866391 0.601562 0.074380 0.059375
0 0.885675 0.920312 0.019284 0.046875
0 0.367769 0.573438 0.041322 0.053125
0 0.607438 0.242188 0.019284 0.053125
0 0.188705 0.857812 0.052342 0.021875
0 0.822314 0.618750 0.008264 0.018750
0 0.129477 0.900000 0.011019 0.025000
0 0.727273 0.717187 0.049587 0.028125
0 0.023416 0.843750 0.008264 0.025000
0 0.009642 0.656250 0.008264 0.018750
0 0.556474 0.387500 0.016529 0.037500
0 0.567493 0.643750 0.022039 0.031250
0 0.221763 0.621875 0.030303 0.037500
0 0.673554 0.028125 0.008264 0.018750
0 0.798898 0.920312 0.011019 0.034375
