0 0.142187 0.492308 0.009375 0.024615
0 0.978125 0.956923 0.018750 0.043077
0 0.525000 0.364615 0.006250 0.027692
0 0.084375 0.775385 0.043750 0.080000
0 0.150000 0.192308 0.056250 0.076923
0 0.737500 0.786154 0.018750 0.009231
0 0.345313 0.150769 0.009375 0.018462
0 0.143750 0.118462 0.031250 0.064615
0 0.520312 0.758462 0.015625 0.015385
0 0.270313 0.267692 0.046875 0.030769
0 0.935937 0.030769 0.028125 0.030769
0 0.581250 0.463077 0.112500 0.046154
0 0.903125 0.566154 0.106250 0.049231
0 0.806250 0.493846 0.050000 0.040000
0 0.103125 0.486154 0.043750 0.067692
0 0.801562 0.061538 0.040625 0.061538
0 0.071875 0.370769 0.012500 0.015385
0 0.193750 0.806154 0.087500 0.055385
0 0.501563 0.841538 0.009375 0.027692
0 0.462500 0.527692 0.050000 0.046154
0 0.581250 0.747692 0.012500 0.024615
0 0.051562 0.529231 0.053125 0.098462
0 0.426563 0.593846 0.071875 0.061538
0 0.829688 0.395385 0.096875 0.052308
0 0.345313 0.581538 0.053125 0.030769
0 0.865625 0.749231 0.081250 0.064615
0 0.381250 0.623077 0.012500 0.027692
0 0.401562 0.492308 0.059375 0.030769
0 0.117188 0.141538 0.015625 0.012308
0 0.378125 0.290769 0.062500 0.083077
0 0.690625 0.553846 0.01875 0.0615385
0 0.598437 0.604615 0.021875 0.0338462
0 0.664062 0.606154 0.021875 0.0553846
