0 0.501370 0.648611 0.010959 0.030556
0 0.382192 0.263889 0.008219 0.016667
0 0.419178 0.184722 0.027397 0.008333
0 0.804110 0.887500 0.024658 0.019444
0 0.795890 0.625000 0.013699 0.011111
0 0.872603 0.838889 0.030137 0.033333
0 0.069863 0.584722 0.008219 0.025000
0 0.327397 0.811111 0.019178 0.016667
0 0.700000 0.200000 0.008219 0.022222
0 0.486301 0.183333 0.008219 0.016667
0 0.523288 0.791667 0.087671 0.044444
0 0.234247 0.426389 0.041096 0.019444
0 0.624658 0.525000 0.049315 0.077778
0 0.883562 0.045833 0.046575 0.075000
0 0.319178 0.706944 0.035616 0.063889
0 0.545205 0.109722 0.049315 0.047222
0 0.060274 0.948611 0.010959 0.013889
0 0.817808 0.823611 0.068493 0.058333
0 0.573973 0.306944 0.019178 0.041667
0 0.543836 0.320833 0.024658 0.041667
0 0.227397 0.490278 0.021918 0.030556
0 0.883562 0.712500 0.079452 0.047222
0 0.408219 0.947222 0.038356 0.050000
0 0.634247 0.197222 0.041096 0.094444
0 0.030137 0.773611 0.043836 0.091667
0 0.267123 0.772222 0.046575 0.038889
0 0.379452 0.787500 0.079452 0.047222
0 0.619178 0.801389 0.082192 0.047222
0 0.178082 0.926389 0.027397 0.058333
0 0.227397 0.706944 0.021918 0.019444
0 0.135616 0.615278 0.013699 0.019444
0 0.804110 0.436111 0.008219 0.016667
0 0.927397 0.311111 0.073973 0.050000
0 0.505479 0.580556 0.030137 0.027778
0 0.021918 0.704167 0.038356 0.041667
0 0.300000 0.652778 0.035616 0.038889
0 0.400000 0.425000 0.060274 0.066667
