0 0.270686 0.251309 0.007092 0.015707
0 0.517730 0.676702 0.042553 0.044503
0 0.530733 0.388743 0.030733 0.039267
0 0.405437 0.316754 0.021277 0.015707
0 0.044917 0.502618 0.018913 0.031414
0 0.925532 0.568063 0.021277 0.047120
0 0.349882 0.337696 0.056738 0.057592
0 0.121749 0.544503 0.021277 0.015707
0 0.490544 0.155759 0.073286 0.044503
0 0.587470 0.395288 0.035461 0.047120
0 0.521277 0.575916 0.059102 0.057592
0 0.404255 0.434555 0.042553 0.031414
0 0.587470 0.730366 0.044917 0.068063
0 0.378251 0.815445 0.009456 0.018325
0 0.277778 0.598168 0.016548 0.049738
0 0.778960 0.693717 0.040189 0.078534
0 0.842790 0.265707 0.016548 0.034031
0 0.686761 0.159686 0.035461 0.057592
0 0.326241 0.556283 0.009456 0.013089
0 0.775414 0.967277 0.066194 0.049738
0 0.252955 0.846859 0.009456 0.013089
0 0.544917 0.739529 0.011820 0.013089
0 0.683215 0.637435 0.009456 0.013089
0 0.862884 0.658377 0.009456 0.013089
0 0.030733 0.104712 0.042553 0.073298
0 0.219858 0.160995 0.018913 0.034031
0 0.982270 0.501309 0.011820 0.039267
0 0.686761 0.120419 0.007092 0.015707
0 0.555556 0.069372 0.056738 0.028796
0 0.146572 0.938482 0.066194 0.044503
0 0.607565 0.626963 0.014184 0.034031
0 0.176123 0.582461 0.073286 0.044503
0 0.111111 0.845550 0.014184 0.020942
0 0.849882 0.628272 0.026005 0.015707
0 0.607565 0.102094 0.018913 0.026178
0 0.708038 0.500000 0.016548 0.036649
0 0.846336 0.507853 0.052009 0.047120
0 0.140662 0.672775 0.007092 0.015707
0 0.703310 0.213351 0.030733 0.028796
0 0.107565 0.209424 0.016548 0.031414
