0 0.238333 0.828947 0.056667 0.072368
0 0.640000 0.046053 0.100000 0.059211
0 0.760000 0.231908 0.013333 0.016447
0 0.755000 0.610197 0.010000 0.029605
0 0.388333 0.200658 0.010000 0.032895
0 0.140000 0.957237 0.026667 0.039474
0 0.856667 0.906250 0.020000 0.042763
0 0.930000 0.935855 0.013333 0.016447
0 0.930000 0.559211 0.053333 0.032895
0 0.071667 0.889803 0.090000 0.062500
0 0.866667 0.847039 0.100000 0.055921
0 0.823333 0.463816 0.100000 0.059211
0 0.110000 0.745066 0.020000 0.016447
0 0.858333 0.072368 0.070000 0.078947
0 0.530000 0.143092 0.026667 0.023026
0 0.206667 0.939145 0.066667 0.088816
0 0.863333 0.532895 0.020000 0.013158
0 0.866667 0.773026 0.073333 0.078947
0 0.543333 0.036184 0.080000 0.072368
0 0.621667 0.860197 0.036667 0.069079
0 0.353333 0.169408 0.053333 0.082237
0 0.065000 0.552632 0.010000 0.019737
0 0.786667 0.944079 0.013333 0.019737
0 0.593333 0.195724 0.020000 0.009868
0 0.823333 0.195724 0.046667 0.062500
0 0.983333 0.879934 0.033333 0.029605
0 0.476667 0.106908 0.106667 0.042763
0 0.836667 0.350329 0.053333 0.062500
0 0.298333 0.304276 0.083333 0.069079
0 0.055000 0.827303 0.023333 0.016447
0 0.531667 0.238487 0.103333 0.055921
0 0.140000 0.865132 0.026667 0.085526
0 0.890000 0.639803 0.020000 0.016447
0 0.228333 0.259868 0.050000 0.046053
0 0.400000 0.304276 0.073333 0.082237
0 0.328333 0.953947 0.010000 0.026316
0 0.096667 0.375000 0.066667 0.072368
0 0.355000 0.582237 0.010000 0.019737
0 0.308333 0.493421 0.050000 0.065789
0 0.696667 0.248355 0.106667 0.055921
