0 0.820965 0.574144 0.005566 0.019011
0 0.094620 0.506654 0.025974 0.024715
0 0.089054 0.939163 0.011132 0.026616
0 0.166976 0.652091 0.011132 0.015209
0 0.494434 0.961027 0.057514 0.032319
0 0.657699 0.948669 0.027829 0.041825
0 0.100186 0.588403 0.007421 0.017110
0 0.417440 0.016160 0.007421 0.009506
0 0.832096 0.250000 0.042672 0.043726
0 0.418367 0.477186 0.020408 0.041825
0 0.897032 0.916350 0.005566 0.011407
0 0.934137 0.118821 0.050093 0.036122
0 0.665121 0.249049 0.009276 0.007605
0 0.924861 0.431559 0.020408 0.022814
0 0.361781 0.702471 0.007421 0.017110
0 0.870130 0.385932 0.044527 0.041825
0 0.343228 0.847909 0.044527 0.041825
0 0.787570 0.826996 0.038961 0.049430
0 0.066790 0.841255 0.007421 0.013308
0 0.655844 0.760456 0.046382 0.041825
0 0.923006 0.521863 0.016698 0.024715
0 0.570501 0.557034 0.009276 0.007605
0 0.584416 0.461977 0.037106 0.045627
0 0.271800 0.842205 0.005566 0.011407
0 0.545455 0.639734 0.033395 0.055133
0 0.278293 0.595057 0.059369 0.026616
0 0.718924 0.208175 0.012987 0.036122
0 0.190167 0.553232 0.031540 0.049430
0 0.318182 0.722433 0.035250 0.053232
0 0.943414 0.971483 0.016698 0.019011
0 0.237477 0.513308 0.025974 0.030418
0 0.280148 0.445817 0.011132 0.005703
0 0.520408 0.112167 0.012987 0.026616
0 0.675325 0.14924 0.0111317 0.0247148
0 0.526902 0.807034 0.0148423 0.0247148
0 0.38961 0.604563 0.0111317 0.0228137
0 0.679963 0.406844 0.0204082 0.0304183
0 0.588126 0.213878 0.0111317 0.0209125
0 0.538033 0.290875 0.0111317 0.0228137
0 0.432282 0.527567 0.0148423 0.0323194
0 0.625232 0.259506 0.0111317 0.0247148
0 0.656772 0.304182 0.0111317 0.0228137
0 0.673469 0.493346 0.0148423 0.0209125
0 0.511132 0.287072 0.012987 0.0190114
0 0.719852 0.415399 0.0148423 0.0247148
0 0.500928 0.31749 0.0148423 0.026616
0 0.518553 0.161597 0.00927644 0.0228137
0 0.54731 0.0836502 0.0111317 0.0228137
0 0.525974 0.193916 0.00927644 0.0228137
0 0.538033 0.214829 0.0111317 0.026616
0 0.656772 0.18346 0.0111317 0.0247148
0 0.420223 0.596008 0.012987 0.0247148
0 0.441558 0.856464 0.0148423 0.0209125
0 0.703154 0.186312 0.0148423 0.026616
0 0.53525 0.26616 0.012987 0.0228137
