0 0.411175 0.252351 0.025788 0.059561
0 0.439828 0.413793 0.083095 0.056426
0 0.934097 0.236677 0.028653 0.028213
0 0.022923 0.363636 0.045845 0.100313
0 0.184814 0.675549 0.031519 0.047022
0 0.802292 0.068966 0.063037 0.075235
0 0.117479 0.478056 0.011461 0.015674
0 0.863897 0.432602 0.008596 0.018809
0 0.055874 0.824451 0.048711 0.100313
0 0.196275 0.739812 0.014327 0.031348
0 0.299427 0.641066 0.054441 0.078370
0 0.962751 0.131661 0.028653 0.056426
0 0.379656 0.206897 0.031519 0.062696
0 0.680516 0.032915 0.100287 0.047022
0 0.027221 0.730408 0.048711 0.081505
0 0.938395 0.371473 0.031519 0.047022
0 0.965616 0.029781 0.017192 0.009404
0 0.093123 0.739812 0.014327 0.012539
0 0.895415 0.590909 0.071633 0.065831
0 0.875358 0.778997 0.031519 0.047022
0 0.650430 0.656740 0.017192 0.009404
0 0.442693 0.658307 0.054441 0.081505
0 0.402579 0.363636 0.020057 0.037618
0 0.252149 0.722571 0.034384 0.084639
0 0.623209 0.537618 0.060172 0.040752
0 0.411175 0.500000 0.008596 0.021944
0 0.126074 0.648903 0.011461 0.031348
0 0.425501 0.954545 0.054441 0.059561
0 0.263610 0.025078 0.097421 0.037618
0 0.183381 0.866771 0.063037 0.072100
0 0.686246 0.838558 0.054441 0.084639
0 0.487106 0.598746 0.022923 0.031348
0 0.449857 0.465517 0.057307 0.047022
0 0.319484 0.586207 0.008596 0.025078
0 0.434097 0.554859 0.060172 0.081505
0 0.624642 0.424765 0.011461 0.015674
0 0.577364 0.818182 0.060172 0.081505
0 0.797994 0.368339 0.025788 0.0595611
0 0.820917 0.374608 0.0200573 0.0470219
0 0.790831 0.390282 0.0229226 0.0595611
0 0.818052 0.962382 0.025788 0.0564263
