0 0.217910 0.075549 0.077612 0.052198
0 0.079104 0.741758 0.050746 0.049451
0 0.208955 0.427198 0.011940 0.024725
0 0.311940 0.857143 0.032836 0.027473
0 0.704478 0.171703 0.017910 0.008242
0 0.326866 0.548077 0.050746 0.046703
0 0.868657 0.734890 0.017910 0.008242
0 0.149254 0.809066 0.011940 0.013736
0 0.702985 0.667582 0.020896 0.016484
0 0.258209 0.506868 0.020896 0.024725
0 0.735821 0.692308 0.050746 0.027473
0 0.138806 0.049451 0.074627 0.060440
0 0.252239 0.842033 0.032836 0.035714
0 0.307463 0.127747 0.023881 0.046703
0 0.222388 0.019231 0.026866 0.016484
0 0.237313 0.616758 0.044776 0.041209
0 0.117910 0.109890 0.056716 0.054945
0 0.829851 0.271978 0.065672 0.065934
0 0.829851 0.207418 0.011940 0.013736
0 0.188060 0.563187 0.101493 0.038462
0 0.995522 0.655220 0.008955 0.019231
0 0.858209 0.822802 0.056716 0.057692
0 0.091045 0.601648 0.008955 0.016484
0 0.516418 0.208791 0.017910 0.027473
0 0.804478 0.167582 0.008955 0.016484
0 0.132836 0.217033 0.044776 0.021978
0 0.041791 0.616758 0.077612 0.052198
0 0.698507 0.248626 0.095522 0.046703
0 0.308955 0.464286 0.008955 0.016484
0 0.364179 0.362637 0.089552 0.049451
0 0.901493 0.465659 0.095522 0.046703
0 0.605970 0.688187 0.011940 0.013736
0 0.486567 0.825549 0.017910 0.008242
0 0.349254 0.722527 0.0358209 0.0824176
0 0.510448 0.79533 0.0477612 0.0851648
0 0.228358 0.807692 0.038806 0.0769231
