0 0.630567 0.783505 0.034413 0.057732
0 0.108300 0.296907 0.014170 0.020619
0 0.574899 0.129897 0.016194 0.028866
0 0.475709 0.071134 0.008097 0.014433
0 0.278340 0.434021 0.062753 0.035052
0 0.080972 0.043299 0.076923 0.028866
0 0.076923 0.076289 0.008097 0.012371
0 0.057692 0.386598 0.010121 0.026804
0 0.468623 0.358763 0.006073 0.016495
0 0.263158 0.637113 0.020243 0.024742
0 0.765182 0.029897 0.036437 0.014433
0 0.782389 0.967010 0.022267 0.020619
0 0.681174 0.407216 0.062753 0.035052
0 0.644737 0.137113 0.022267 0.047423
0 0.219636 0.361856 0.030364 0.018557
0 0.871457 0.847423 0.006073 0.016495
0 0.842105 0.941237 0.016194 0.010309
0 0.237854 0.944330 0.006073 0.012371
0 0.361336 0.113402 0.030364 0.070103
0 0.433198 0.232990 0.020243 0.037113
0 0.561741 0.453608 0.034413 0.065979
0 0.640688 0.613402 0.010121 0.010309
0 0.275304 0.124742 0.008097 0.010309
0 0.049595 0.805155 0.030364 0.063918
0 0.374494 0.385567 0.008097 0.012371
0 0.320850 0.978351 0.018219 0.026804
0 0.824899 0.082474 0.046559 0.032990
0 0.468623 0.584536 0.006073 0.014433
0 0.118421 0.197938 0.054656 0.041237
0 0.162955 0.742268 0.006073 0.012371
0 0.849190 0.144330 0.018219 0.057732
0 0.245951 0.753608 0.046559 0.047423
0 0.419028 0.110309 0.044534 0.022680
0 0.837045 0.273196 0.026316 0.068041
0 0.274291 0.873196 0.018219 0.026804
0 0.570850 0.261856 0.012146 0.020619
0 0.580972 0.514433 0.020243 0.047423
0 0.610324 0.483505 0.006073 0.014433
0 0.820850 0.827835 0.038462 0.035052
0 0.745951 0.344330 0.010121 0.016495
0 0.182186 0.177320 0.032389 0.061856
0 0.501012 0.453608 0.078947 0.028866
0 0.325911 0.924742 0.008097 0.014433
0 0.087045 0.581443 0.060729 0.037113
0 0.32996 0.425773 0.0202429 0.0639175
0 0.444332 0.406186 0.0222672 0.057732
0 0.0172065 0.504124 0.0303644 0.0762887
0 0.180162 0.0319588 0.0283401 0.0639175
0 0.313765 0.395876 0.0202429 0.0536082
0 0.440283 0.721649 0.0182186 0.0412371
0 0.983806 0.239175 0.0202429 0.0453608
0 0.486842 0.831959 0.0222672 0.0556701
0 0.591093 0.715464 0.0202429 0.0453608
0 0.332996 0.38866 0.0222672 0.0556701
0 0.101215 0.83299 0.0242915 0.0494845
0 0.124494 0.859794 0.0263158 0.0494845
0 0.661943 0.675258 0.0202429 0.0474227
0 0.631579 0.683505 0.0202429 0.0515464
