0 0.378840 0.457295 0.040956 0.053381
0 0.402730 0.747331 0.013652 0.014235
0 0.068259 0.455516 0.102389 0.056940
0 0.904437 0.637011 0.040956 0.049822
0 0.353242 0.430605 0.003413 0.014235
0 0.213311 0.051601 0.017065 0.010676
0 0.160410 0.462633 0.027304 0.113879
0 0.058020 0.108541 0.006826 0.010676
0 0.940273 0.393238 0.098976 0.060498
0 0.878840 0.023132 0.003413 0.010676
0 0.372014 0.911032 0.054608 0.042705
0 0.192833 0.660142 0.017065 0.010676
0 0.725256 0.937722 0.023891 0.081851
0 0.720137 0.236655 0.054608 0.032028
0 0.940273 0.638790 0.003413 0.010676
0 0.948805 0.286477 0.013652 0.017794
0 0.312287 0.928826 0.051195 0.071174
0 0.762799 0.462633 0.023891 0.035587
0 0.682594 0.708185 0.027304 0.021352
0 0.095563 0.120996 0.034130 0.049822
0 0.221843 0.948399 0.013652 0.032028
0 0.182594 0.188612 0.010239 0.007117
0 0.532423 0.903915 0.006826 0.007117
0 0.921502 0.631673 0.027304 0.032028
0 0.547782 0.393238 0.017065 0.046263
0 0.153584 0.772242 0.163823 0.035587
0 0.172355 0.729537 0.051195 0.042705
0 0.238908 0.606762 0.054608 0.024911
0 0.837884 0.197509 0.064846 0.039146
0 0.788396 0.761566 0.006826 0.014235
0 0.890785 0.537367 0.027304 0.056940
0 0.836177 0.067616 0.006826 0.014235
0 0.851536 0.279359 0.003413 0.010676
0 0.291809 0.348754 0.023891 0.028470
0 0.467577 0.564057 0.013652 0.024911
0 0.433447 0.439502 0.0136519 0.0391459
