0 0.515595 0.717119 0.037037 0.056367
0 0.751462 0.506263 0.052632 0.039666
0 0.944444 0.271399 0.017544 0.016701
0 0.554581 0.691023 0.029240 0.058455
0 0.284600 0.754697 0.007797 0.010438
0 0.817739 0.728601 0.037037 0.054280
0 0.595517 0.698330 0.005848 0.018789
0 0.676413 0.203549 0.035088 0.056367
0 0.732943 0.057411 0.038986 0.027140
0 0.280702 0.235908 0.050682 0.041754
0 0.546784 0.878914 0.052632 0.041754
0 0.807992 0.385177 0.044834 0.022965
0 0.071150 0.953027 0.017544 0.027140
0 0.779727 0.699374 0.035088 0.037578
0 0.264133 0.147182 0.025341 0.043841
0 0.357700 0.631524 0.056530 0.035491
0 0.531189 0.304802 0.005848 0.016701
0 0.497076 0.219207 0.011696 0.012526
0 0.024366 0.329854 0.044834 0.041754
0 0.547758 0.829854 0.089669 0.022965
0 0.720273 0.486430 0.005848 0.012526
0 0.767057 0.255741 0.048733 0.043841
0 0.786550 0.612735 0.048733 0.043841
0 0.026316 0.538622 0.029240 0.045929
0 0.885965 0.121086 0.005848 0.016701
0 0.267057 0.098121 0.031189 0.050104
0 0.565302 0.747390 0.054581 0.033403
0 0.860624 0.398747 0.005848 0.012526
0 0.879142 0.180585 0.027290 0.014614
0 0.371345 0.469729 0.005848 0.016701
0 0.081871 0.397704 0.015595 0.014614
0 0.447368 0.377871 0.044834 0.045929
0 0.703704 0.317328 0.011696 0.012526
0 0.247563 0.392484 0.007797 0.012526
0 0.522417 0.297495 0.007797 0.010438
0 0.880117 0.262004 0.052632 0.039666
0 0.631579 0.907098 0.011696 0.022965
0 0.600390 0.373695 0.015595 0.037578
0 0.725146 0.156576 0.023392 0.037578
0 0.231969 0.118998 0.035088 0.058455
0 0.612086 0.888309 0.011696 0.006263
0 0.578947 0.106472 0.038986 0.054280
0 0.801170 0.300626 0.062378 0.033403
0 0.932749 0.116910 0.005848 0.012526
0 0.017544 0.506263 0.019493 0.014614
0 0.888889 0.449896 0.007797 0.010438
0 0.384990 0.292276 0.029240 0.054280
0 0.661793 0.263048 0.005848 0.012526
0 0.237817 0.757829 0.062378 0.033403
0 0.803119 0.361169 0.0233918 0.0668058
0 0.839181 0.665971 0.0253411 0.0668058
0 0.782651 0.368476 0.0253411 0.0772443
0 0.243665 0.201461 0.0233918 0.0688935
0 0.264133 0.212944 0.0253411 0.0668058
0 0.838207 0.374739 0.0311891 0.0647182
0 0.878168 0.783925 0.0214425 0.0730689
0 0.831384 0.776618 0.0253411 0.0709812
0 0.806043 0.31524 0.0331384 0.0751566
0 0.891813 0.253653 0.0292398 0.0688935
0 0.155945 0.361169 0.0272904 0.0668058
0 0.849903 0.791232 0.0311891 0.0709812
