0 0.847170 0.952830 0.015094 0.015094
0 0.945283 0.300943 0.003774 0.013208
0 0.845283 0.073585 0.045283 0.041509
0 0.037736 0.269811 0.026415 0.011321
0 0.903774 0.284906 0.003774 0.011321
0 0.218868 0.200000 0.064151 0.030189
0 0.663208 0.284906 0.009434 0.011321
0 0.692453 0.067925 0.026415 0.026415
0 0.600000 0.812264 0.030189 0.024528
0 0.783019 0.195283 0.015094 0.020755
0 0.835849 0.653774 0.022642 0.024528
0 0.774528 0.471698 0.005660 0.007547
0 0.168868 0.349057 0.009434 0.018868
0 0.952830 0.811321 0.007547 0.011321
0 0.436792 0.830189 0.047170 0.011321
0 0.050943 0.715094 0.011321 0.026415
0 0.216038 0.700943 0.024528 0.020755
0 0.530189 0.829245 0.003774 0.009434
0 0.870755 0.443396 0.013208 0.033962
0 0.121698 0.412264 0.013208 0.016981
0 0.805660 0.605660 0.018868 0.018868
0 0.881132 0.031132 0.011321 0.020755
0 0.508491 0.339623 0.039623 0.049057
0 0.616038 0.367925 0.005660 0.015094
0 0.885849 0.507547 0.009434 0.022642
0 0.564151 0.356604 0.030189 0.015094
0 0.940566 0.494340 0.043396 0.041509
0 0.168868 0.066981 0.009434 0.020755
0 0.817924 0.656604 0.0320755 0.101887
0 0.0924528 0.734906 0.00754717 0.0207547
0 0.724528 0.665094 0.0377358 0.111321
0 0.684906 0.914151 0.00754717 0.0169811
0 0.693396 0.912264 0.00566038 0.0132075
0 0.769811 0.674528 0.0377358 0.0962264
