0 0.213740 0.783887 0.015267 0.017903
0 0.791349 0.459079 0.061069 0.043478
0 0.858779 0.882353 0.053435 0.035806
0 0.872774 0.377238 0.040712 0.058824
0 0.585242 0.476982 0.066158 0.053708
0 0.349873 0.750639 0.007634 0.017903
0 0.145038 0.259591 0.020356 0.012788
0 0.445293 0.193095 0.055980 0.058824
0 0.097964 0.225064 0.058524 0.051151
0 0.497455 0.272379 0.017812 0.043478
0 0.505089 0.230179 0.007634 0.015345
0 0.599237 0.375959 0.068702 0.046036
0 0.590331 0.343990 0.020356 0.012788
0 0.695929 0.464194 0.068702 0.048593
0 0.475827 0.347826 0.055980 0.061381
0 0.717557 0.515345 0.025445 0.028133
0 0.330789 0.193095 0.086514 0.038363
0 0.932570 0.414322 0.053435 0.030691
0 0.698473 0.202046 0.012723 0.010230
0 0.580153 0.190537 0.030534 0.033248
0 0.258270 0.608696 0.043257 0.076726
0 0.572519 0.854220 0.035623 0.056266
0 0.136132 0.308184 0.078880 0.043478
0 0.866412 0.438619 0.063613 0.053708
0 0.466921 0.904092 0.043257 0.074169
0 0.689567 0.476982 0.025445 0.048593
0 0.968193 0.075448 0.007634 0.017903
0 0.519084 0.567775 0.025445 0.056266
0 0.216285 0.620205 0.035623 0.053708
0 0.692112 0.948849 0.030534 0.035806
0 0.083969 0.280051 0.020356 0.023018
0 0.577608 0.428389 0.010178 0.012788
0 0.613232 0.397698 0.076336 0.043478
0 0.605598 0.791560 0.055980 0.058824
0 0.510178 0.182864 0.033079 0.033248
0 0.454198 0.841432 0.038168 0.046036
0 0.787532 0.116368 0.043257 0.028133
0 0.646310 0.524297 0.055980 0.061381
0 0.092875 0.473146 0.007634 0.015345
0 0.614504 0.246803 0.022901 0.033248
0 0.115776 0.07289 0.0178117 0.0434783
0 0.0470738 0.345269 0.0178117 0.0511509
0 0.320611 0.0933504 0.0203562 0.0485933
