0 0.984108 0.581538 0.007335 0.024615
0 0.003667 0.626154 0.007335 0.021538
0 0.411980 0.238462 0.041565 0.040000
0 0.144254 0.809231 0.039120 0.055385
0 0.482885 0.141538 0.017115 0.024615
0 0.795844 0.901538 0.022005 0.036923
0 0.145477 0.924615 0.041565 0.027692
0 0.590465 0.930769 0.046455 0.046154
0 0.011002 0.709231 0.007335 0.021538
0 0.397311 0.203077 0.012225 0.024615
0 0.078240 0.086154 0.058680 0.049231
0 0.909535 0.375385 0.029340 0.067692
0 0.490220 0.521538 0.022005 0.040000
0 0.701711 0.843077 0.019560 0.043077
0 0.380196 0.224615 0.017115 0.036923
0 0.018337 0.820000 0.031785 0.046154
0 0.345966 0.096923 0.031785 0.058462
0 0.226161 0.283077 0.056235 0.067692
0 0.354523 0.200000 0.029340 0.049231
0 0.081907 0.050769 0.007335 0.015385
0 0.618582 0.933846 0.004890 0.015385
0 0.720049 0.329231 0.051345 0.043077
0 0.113692 0.915385 0.017115 0.009231
