0 0.116667 0.314031 0.008889 0.015590
0 0.703611 0.824610 0.016111 0.010022
0 0.491667 0.748886 0.002222 0.003341
0 0.684167 0.393931 0.001667 0.005011
0 0.046944 0.820991 0.009444 0.016147
0 0.536944 0.908129 0.011667 0.013363
0 0.568889 0.167873 0.016667 0.009465
0 0.986111 0.392817 0.012222 0.013920
0 0.012500 0.177895 0.002778 0.006125
0 0.101667 0.359688 0.005556 0.002227
0 0.266944 0.133073 0.010556 0.011136
0 0.960833 0.695434 0.011667 0.014477
0 0.288889 0.634187 0.002222 0.003341
0 0.865000 0.192372 0.001111 0.005011
0 0.783056 0.447105 0.001667 0.003341
0 0.600278 0.617483 0.001667 0.003341
0 0.435556 0.916203 0.004444 0.003898
0 0.046667 0.157851 0.011111 0.012806
0 0.340278 0.319878 0.003889 0.010579
0 0.772500 0.379176 0.006111 0.006682
0 0.252222 0.246938 0.012222 0.013920
0 0.815556 0.711860 0.011111 0.015033
0 0.822778 0.251392 0.002222 0.002784
0 0.280000 0.115535 0.013333 0.002784
0 0.280556 0.706013 0.011111 0.010022
0 0.082500 0.308742 0.015000 0.010579
0 0.140000 0.918430 0.003333 0.001670
0 0.981667 0.407851 0.014444 0.009465
0 0.292500 0.708241 0.002778 0.003341
0 0.183889 0.837695 0.008889 0.005011
0 0.489167 0.751392 0.001667 0.005011
0 0.140278 0.501114 0.016111 0.010022
0 0.482500 0.052617 0.008333 0.006125
0 0.441944 0.659243 0.015000 0.011136
0 0.143333 0.901448 0.011111 0.010022
0 0.823333 0.266982 0.005556 0.012806
0 0.892222 0.356347 0.005556 0.007795
0 0.756111 0.079343 0.021111 0.007238
0 0.130833 0.489699 0.007222 0.011693
0 0.235000 0.005290 0.002222 0.002784
0 0.722778 0.552339 0.014444 0.011136
0 0.617222 0.702394 0.007778 0.011693
0 0.306667 0.233018 0.004444 0.008352
0 0.750278 0.754454 0.001667 0.003341
0 0.920833 0.291481 0.008333 0.012806
0 0.754444 0.663419 0.002222 0.002784
0 0.464444 0.879176 0.0444444 0.0623608
0 0.418611 0.944599 0.0316667 0.0629176
0 0.630556 0.190145 0.0222222 0.0462138
0 0.418333 0.944321 0.0322222 0.0612472
0 0.356944 0.842149 0.0294444 0.0606904
0 0.0705556 0.837416 0.0288889 0.0545657
0 0.0819444 0.440702 0.0316667 0.0573497
0 0.605556 0.154232 0.0288889 0.0601336
0 0.0602778 0.390033 0.0194444 0.0506682
0 0.778056 0.292316 0.0327778 0.0512249
0 0.0383333 0.417595 0.0233333 0.0489978
0 0.0877778 0.369989 0.0288889 0.0562361
0 0.120278 0.390869 0.025 0.0612472
0 0.464444 0.879454 0.0444444 0.0629176
