0 0.580263 0.765172 0.065789 0.052770
0 0.940789 0.398417 0.007895 0.015831
0 0.931579 0.693931 0.026316 0.015831
0 0.264474 0.258575 0.060526 0.031662
0 0.022368 0.375989 0.018421 0.007916
0 0.380263 0.266491 0.023684 0.005277
0 0.651316 0.792876 0.071053 0.050132
0 0.477632 0.266491 0.013158 0.031662
0 0.288158 0.575198 0.007895 0.021108
0 0.311842 0.941953 0.018421 0.042216
0 0.969737 0.054090 0.007895 0.018470
0 0.492105 0.147757 0.031579 0.063325
0 0.497368 0.792876 0.010526 0.018470
0 0.932895 0.510554 0.071053 0.050132
0 0.955263 0.162269 0.052632 0.071240
0 0.914474 0.317942 0.028947 0.044855
0 0.882895 0.313984 0.007895 0.015831
0 0.606579 0.383905 0.023684 0.013193
0 0.394737 0.416887 0.073684 0.047493
0 0.265789 0.620053 0.089474 0.042216
0 0.326316 0.883905 0.052632 0.058047
0 0.094737 0.927441 0.010526 0.013193
0 0.292105 0.226913 0.015789 0.021108
0 0.607895 0.463061 0.063158 0.055409
0 0.452632 0.335092 0.073684 0.047493
0 0.259211 0.010554 0.023684 0.005277
0 0.859211 0.514512 0.013158 0.015831
0 0.528947 0.592348 0.031579 0.018470
0 0.843421 0.075198 0.018421 0.018470
0 0.396053 0.563325 0.023684 0.034301
0 0.792105 0.510554 0.026316 0.044855
0 0.714474 0.529024 0.055263 0.065963
0 0.407895 0.481530 0.031579 0.060686
0 0.606579 0.083113 0.076316 0.044855
0 0.965789 0.310026 0.005263 0.023747
0 0.0684211 0.5 0.0368421 0.0817942
0 0.336842 0.8219 0.0578947 0.124011
0 0.1 0.55277 0.0315789 0.0765171
0 0.0723684 0.609499 0.0447368 0.126649
0 0.111842 0.918206 0.0605263 0.137203
0 0.210526 0.850923 0.0578947 0.124011
0 0.0407895 0.916887 0.0447368 0.118734
0 0.176316 0.783641 0.0578947 0.131926
