0 0.864062 0.468750 0.053125 0.050000
0 0.732812 0.156250 0.109375 0.043750
0 0.200000 0.540625 0.037500 0.056250
0 0.090625 0.214062 0.037500 0.034375
0 0.865625 0.682813 0.012500 0.015625
0 0.053125 0.012500 0.012500 0.018750
0 0.559375 0.707812 0.025000 0.015625
0 0.528125 0.742188 0.025000 0.015625
0 0.576562 0.835938 0.065625 0.071875
0 0.715625 0.757812 0.106250 0.040625
0 0.420312 0.842187 0.109375 0.046875
0 0.192188 0.409375 0.071875 0.050000
0 0.565625 0.182812 0.043750 0.096875
0 0.653125 0.723437 0.018750 0.021875
0 0.706250 0.862500 0.093750 0.056250
0 0.968750 0.431250 0.043750 0.037500
0 0.290625 0.801562 0.112500 0.046875
0 0.489063 0.509375 0.015625 0.012500
0 0.317188 0.085938 0.028125 0.046875
0 0.017188 0.257812 0.034375 0.065625
0 0.190625 0.781250 0.075000 0.068750
0 0.656250 0.120313 0.087500 0.021875
0 0.057813 0.603125 0.009375 0.025000
0 0.589063 0.334375 0.071875 0.068750
0 0.109375 0.667188 0.056250 0.090625
0 0.929688 0.828125 0.009375 0.018750
0 0.040625 0.526563 0.081250 0.059375
0 0.287500 0.048438 0.025000 0.065625
0 0.987500 0.092188 0.012500 0.015625
0 0.885938 0.581250 0.071875 0.068750
0 0.426563 0.917188 0.071875 0.059375
0 0.826562 0.214062 0.028125 0.053125
0 0.064062 0.467187 0.046875 0.034375
0 0.271875 0.398438 0.068750 0.071875
0 0.059375 0.356250 0.031250 0.075000
0 0.650000 0.082812 0.043750 0.078125
0 0.453125 0.720313 0.087500 0.040625
0 0.489063 0.671875 0.103125 0.050000
0 0.871875 0.039062 0.087500 0.059375
0 0.246875 0.271875 0.106250 0.050000
0 0.064062 0.812500 0.046875 0.112500
0 0.037500 0.939063 0.025000 0.034375
0 0.173437 0.534375 0.009375 0.018750
0 0.507812 0.259375 0.028125 0.018750
