0 0.346939 0.928707 0.003711 0.013308
0 0.035250 0.677757 0.018553 0.020913
0 0.405380 0.896388 0.057514 0.032319
0 0.438776 0.119772 0.009276 0.003802
0 0.869202 0.799430 0.005566 0.005703
0 0.270872 0.681559 0.003711 0.009506
0 0.238404 0.555133 0.050093 0.038023
0 0.628015 0.814639 0.061224 0.028517
0 0.656772 0.383080 0.011132 0.028517
0 0.908163 0.822243 0.005566 0.005703
0 0.547310 0.724335 0.011132 0.019011
0 0.469388 0.179658 0.055659 0.020913
0 0.587199 0.167300 0.027829 0.026616
0 0.702226 0.947719 0.012987 0.017110
0 0.899814 0.611217 0.007421 0.005703
0 0.893321 0.308935 0.005566 0.009506
0 0.898887 0.765209 0.038961 0.017110
0 0.497217 0.597909 0.025974 0.020913
0 0.085343 0.437262 0.018553 0.011407
0 0.060297 0.639734 0.001855 0.017110
0 0.082560 0.738593 0.053803 0.032319
0 0.230056 0.365970 0.033395 0.028517
0 0.551948 0.110266 0.012987 0.007605
0 0.264378 0.282319 0.053803 0.032319
0 0.948052 0.679658 0.003711 0.009506
0 0.948052 0.508555 0.029685 0.062738
0 0.912801 0.314639 0.003711 0.009506
0 0.520408 0.112167 0.012987 0.026616
0 0.675325 0.14924 0.0111317 0.0247148
0 0.526902 0.807034 0.0148423 0.0247148
0 0.38961 0.604563 0.0111317 0.0228137
0 0.679963 0.406844 0.0204082 0.0304183
0 0.588126 0.213878 0.0111317 0.0209125
0 0.538033 0.290875 0.0111317 0.0228137
0 0.432282 0.527567 0.0148423 0.0323194
0 0.625232 0.259506 0.0111317 0.0247148
0 0.656772 0.304182 0.0111317 0.0228137
0 0.673469 0.493346 0.0148423 0.0209125
0 0.511132 0.287072 0.012987 0.0190114
0 0.719852 0.415399 0.0148423 0.0247148
0 0.500928 0.31749 0.0148423 0.026616
0 0.518553 0.161597 0.00927644 0.0228137
0 0.54731 0.0836502 0.0111317 0.0228137
0 0.525974 0.193916 0.00927644 0.0228137
0 0.538033 0.214829 0.0111317 0.026616
0 0.656772 0.18346 0.0111317 0.0247148
0 0.420223 0.596008 0.012987 0.0247148
0 0.441558 0.856464 0.0148423 0.0209125
0 0.703154 0.186312 0.0148423 0.026616
0 0.53525 0.26616 0.012987 0.0228137
