0 0.668285 0.093949 0.080906 0.028662
0 0.833333 0.085987 0.009709 0.019108
0 0.119741 0.714968 0.019417 0.009554
0 0.558252 0.662420 0.106796 0.050955
0 0.454693 0.114650 0.080906 0.050955
0 0.605178 0.041401 0.038835 0.082803
0 0.922330 0.947452 0.012945 0.015924
0 0.951456 0.168790 0.058252 0.063694
0 0.328479 0.972930 0.074434 0.035032
0 0.796117 0.189490 0.116505 0.047771
0 0.747573 0.222930 0.058252 0.095541
0 0.545307 0.609873 0.016181 0.047771
0 0.600324 0.831210 0.009709 0.025478
0 0.472492 0.761146 0.058252 0.089172
0 0.260518 0.216561 0.074434 0.070064
0 0.024272 0.181529 0.009709 0.019108
0 0.279935 0.366242 0.042071 0.082803
0 0.911003 0.128981 0.016181 0.022293
0 0.043689 0.899682 0.029126 0.028662
0 0.613269 0.953822 0.061489 0.060510
0 0.737864 0.855096 0.045307 0.085987
0 0.412621 0.708599 0.055016 0.085987
0 0.969256 0.259554 0.016181 0.015924
0 0.758900 0.767516 0.067961 0.082803
0 0.778317 0.683121 0.067961 0.079618
0 0.033981 0.952229 0.009709 0.019108
0 0.077670 0.848726 0.006472 0.028662
0 0.742718 0.335987 0.009709 0.022293
0 0.325243 0.923567 0.106796 0.050955
0 0.677994 0.974522 0.048544 0.044586
0 0.894822 0.124204 0.009709 0.019108
0 0.791262 0.398089 0.009709 0.019108
0 0.213592 0.328025 0.012945 0.019108
0 0.279935 0.444268 0.074434 0.047771
0 0.252427 0.713376 0.071197 0.076433
0 0.716828 0.754777 0.009709 0.019108
0 0.360841 0.783439 0.029126 0.114650
0 0.160194 0.770701 0.022654 0.025478
0 0.330097 0.821656 0.025890 0.031847
0 0.470874 0.052548 0.074434 0.066879
0 0.898058 0.906051 0.022654 0.041401
0 0.142395 0.393312 0.032362 0.073248
0 0.199029 0.367834 0.035599 0.047771
0 0.221683 0.796178 0.009709 0.019108
0 0.784790 0.144904 0.009709 0.022293
0 0.474110 0.616242 0.055016 0.073248
0 0.299353 0.754777 0.087379 0.031847
