0 0.043716 0.134503 0.065574 0.081871
0 0.926230 0.289474 0.027322 0.052632
0 0.562842 0.467836 0.021858 0.058480
0 0.702186 0.128655 0.016393 0.035088
0 0.849727 0.368421 0.103825 0.163743
0 0.707650 0.523392 0.114754 0.111111
0 0.642077 0.125731 0.049180 0.146199
0 0.838798 0.093567 0.049180 0.070175
0 0.775956 0.666667 0.032787 0.023392
0 0.475410 0.219298 0.087432 0.099415
0 0.207650 0.538012 0.021858 0.058480
0 0.631148 0.964912 0.016393 0.046784
0 0.519126 0.792398 0.021858 0.040936
0 0.278689 0.540936 0.109290 0.157895
0 0.081967 0.675439 0.021858 0.029240
0 0.109290 0.827485 0.142077 0.122807
0 0.797814 0.230994 0.120219 0.087719
0 0.221311 0.470760 0.125683 0.134503
0 0.308743 0.728070 0.016393 0.040936
0 0.868852 0.532164 0.120219 0.070175
0 0.800546 0.877193 0.158470 0.105263
0 0.368852 0.959064 0.016393 0.035088
0 0.478142 0.356725 0.180328 0.093567
0 0.661202 0.383041 0.098361 0.157895
0 0.666667 0.760234 0.043716 0.128655
0 0.551913 0.090643 0.120219 0.146199
0 0.385246 0.219298 0.071038 0.111111
0 0.480874 0.508772 0.131148 0.128655
0 0.696721 0.900585 0.038251 0.035088
0 0.346995 0.868421 0.114754 0.134503
0 0.076503 0.502924 0.153005 0.105263
0 0.412568 0.093567 0.147541 0.070175
0 0.352459 0.476608 0.103825 0.157895
0 0.456284 0.637427 0.027322 0.023392
0 0.579235 0.868421 0.076503 0.216374
0 0.308743 0.073099 0.060109 0.099415
0 0.021858 0.421053 0.043716 0.046784
0 0.650273 0.622807 0.098361 0.122807
0 0.325137 0.371345 0.016393 0.040936
0 0.939891 0.590643 0.021858 0.035088
0 0.502732 0.353801 0.174863 0.099415
