0 0.432927 0.175714 0.060976 0.077143
0 0.751524 0.472857 0.039634 0.025714
0 0.445122 0.592857 0.103659 0.042857
0 0.365854 0.207143 0.067073 0.031429
0 0.157012 0.855714 0.033537 0.031429
0 0.818598 0.641429 0.057927 0.042857
0 0.957317 0.830000 0.079268 0.042857
0 0.027439 0.395714 0.018293 0.008571
0 0.359756 0.145714 0.079268 0.057143
0 0.467988 0.380000 0.082317 0.057143
0 0.012195 0.367143 0.024390 0.042857
0 0.916159 0.898571 0.015244 0.014286
0 0.562500 0.131429 0.045732 0.057143
0 0.719512 0.552857 0.054878 0.037143
0 0.073171 0.040000 0.079268 0.051429
0 0.137195 0.917143 0.115854 0.040000
0 0.458841 0.915714 0.021341 0.054286
0 0.025915 0.951429 0.009146 0.017143
0 0.833841 0.401429 0.015244 0.031429
0 0.083841 0.968571 0.076220 0.057143
0 0.361280 0.087143 0.027439 0.054286
0 0.554878 0.568571 0.091463 0.051429
0 0.085366 0.421429 0.091463 0.048571
0 0.745427 0.605714 0.082317 0.057143
0 0.083841 0.322857 0.015244 0.011429
0 0.769817 0.107143 0.064024 0.071429
0 0.647866 0.401429 0.076220 0.060000
0 0.361280 0.802857 0.009146 0.017143
0 0.320122 0.800000 0.042683 0.051429
0 0.903963 0.231429 0.064024 0.074286
0 0.210366 0.140000 0.042683 0.022857
0 0.246951 0.627143 0.006098 0.025714
0 0.303354 0.672857 0.015244 0.025714
0 0.274390 0.141429 0.079268 0.054286
0 0.199695 0.0128571 0.0152439 0.0257143
