0 0.950000 0.747899 0.011111 0.016807
0 0.881944 0.134454 0.052778 0.028011
0 0.958333 0.528011 0.022222 0.030812
0 0.852778 0.316527 0.083333 0.050420
0 0.084722 0.254902 0.052778 0.050420
0 0.575000 0.696078 0.016667 0.019608
0 0.094444 0.850140 0.038889 0.025210
0 0.241667 0.530812 0.011111 0.014006
0 0.470833 0.750700 0.058333 0.072829
0 0.788889 0.264706 0.044444 0.047619
0 0.312500 0.331933 0.019444 0.025210
0 0.300000 0.301120 0.044444 0.030812
0 0.293056 0.603641 0.075000 0.053221
0 0.619444 0.168067 0.016667 0.022409
0 0.429167 0.358543 0.069444 0.039216
0 0.237500 0.652661 0.019444 0.022409
0 0.536111 0.373950 0.022222 0.042017
0 0.558333 0.750700 0.083333 0.050420
0 0.658333 0.588235 0.044444 0.028011
0 0.536111 0.648459 0.011111 0.019608
0 0.227778 0.815126 0.022222 0.044818
0 0.772222 0.504202 0.016667 0.016807
0 0.408333 0.173669 0.094444 0.044818
0 0.101389 0.617647 0.008333 0.019608
0 0.243056 0.558824 0.019444 0.030812
0 0.883333 0.621849 0.038889 0.106443
0 0.304167 0.563025 0.008333 0.022409
0 0.227778 0.070028 0.011111 0.028011
0 0.394444 0.120448 0.072222 0.056022
0 0.027778 0.240896 0.055556 0.050420
0 0.468056 0.616246 0.025000 0.061625
0 0.056944 0.162465 0.013889 0.039216
0 0.743056 0.942577 0.102778 0.030812
0 0.819444 0.969188 0.038889 0.033613
0 0.169444 0.144258 0.011111 0.014006
0 0.437500 0.614846 0.030556 0.019608
0 0.683333 0.616246 0.011111 0.022409
0 0.240278 0.693277 0.008333 0.025210
0 0.434722 0.549020 0.080556 0.050420
0 0.437500 0.071429 0.025000 0.036415
0 0.708333 0.523810 0.011111 0.016807
0 0.295833 0.418768 0.063889 0.042017
0 0.688889 0.711485 0.016667 0.022409
0 0.690278 0.191877 0.069444 0.058824
0 0.906944 0.072829 0.058333 0.067227
0 0.625000 0.976190 0.116667 0.036415
0 0.883333 0.028011 0.011111 0.016807
0 0.037500 0.698880 0.030556 0.019608
0 0.351389 0.705882 0.008333 0.016807
0 0.627778 0.140056 0.100000 0.039216
0 0.836111 0.675070 0.050000 0.044818
