0 0.135714 0.418848 0.014286 0.031414
0 0.430952 0.267016 0.119048 0.115183
0 0.542857 0.502618 0.038095 0.031414
0 0.523810 0.316754 0.047619 0.141361
0 0.400000 0.403141 0.171429 0.073298
0 0.764286 0.908377 0.119048 0.109948
0 0.771429 0.502618 0.161905 0.083770
0 0.959524 0.892670 0.014286 0.036649
0 0.780952 0.717277 0.047619 0.052356
0 0.871429 0.811518 0.028571 0.073298
0 0.361905 0.845550 0.142857 0.089005
0 0.452381 0.751309 0.142857 0.089005
0 0.504762 0.075916 0.038095 0.109948
0 0.340476 0.552356 0.138095 0.078534
0 0.373810 0.183246 0.014286 0.041885
0 0.590476 0.531414 0.019048 0.026178
0 0.261905 0.727749 0.066667 0.062827
0 0.807143 0.316754 0.014286 0.036649
0 0.907143 0.246073 0.052381 0.094241
0 0.219048 0.515707 0.057143 0.047120
0 0.242857 0.450262 0.038095 0.073298
0 0.057143 0.879581 0.019048 0.041885
0 0.257143 0.931937 0.066667 0.052356
0 0.192857 0.730366 0.042857 0.120419
0 0.654762 0.133508 0.119048 0.109948
0 0.209524 0.620419 0.152381 0.089005
0 0.933333 0.157068 0.123810 0.052356
0 0.595238 0.251309 0.028571 0.062827
0 0.116667 0.607330 0.023810 0.052356
0 0.171429 0.442408 0.085714 0.151832
0 0.602381 0.636126 0.061905 0.068063
0 0.940476 0.654450 0.014286 0.031414
0 0.695238 0.439791 0.019048 0.031414
0 0.476190 0.620419 0.180952 0.068063
0 0.709524 0.678010 0.028571 0.057592
0 0.859524 0.931937 0.061905 0.052356
0 0.295238 0.536649 0.047619 0.057592
0 0.733333 0.795812 0.142857 0.094241
0 0.404762 0.314136 0.152381 0.083770
0 0.073810 0.083770 0.014286 0.031414
0 0.073810 0.308901 0.128571 0.094241
