0 0.380065 0.627119 0.047002 0.033898
0 0.491086 0.854049 0.042139 0.039548
0 0.058347 0.426554 0.048622 0.032015
0 0.747974 0.225047 0.056726 0.028249
0 0.063209 0.467043 0.042139 0.037665
0 0.724473 0.539548 0.016207 0.013183
0 0.508104 0.322034 0.008104 0.026365
0 0.766613 0.627119 0.012966 0.018832
0 0.966775 0.518832 0.059968 0.024482
0 0.057536 0.087571 0.037277 0.035782
0 0.386548 0.424670 0.030794 0.028249
0 0.998379 0.889831 0.003241 0.016949
0 0.780389 0.326742 0.069692 0.016949
0 0.255267 0.909605 0.043760 0.037665
0 0.781199 0.668550 0.016207 0.026365
0 0.661264 0.776836 0.003241 0.016949
0 0.275527 0.768362 0.012966 0.030132
0 0.869530 0.949153 0.011345 0.011299
0 0.396272 0.655367 0.004862 0.011299
0 0.026742 0.552731 0.004862 0.016949
0 0.179903 0.099812 0.006483 0.015066
0 0.021880 0.293785 0.021070 0.033898
0 0.443274 0.554614 0.008104 0.013183
0 0.440843 0.661017 0.006483 0.015066
0 0.645867 0.757062 0.024311 0.030132
0 0.951378 0.486817 0.038898 0.035782
0 0.654781 0.336158 0.022690 0.016949
0 0.463533 0.821092 0.022690 0.022599
0 0.419773 0.939736 0.016207 0.030132
0 0.544571 0.718456 0.051864 0.032015
0 0.632901 0.123352 0.053485 0.028249
0 0.877634 0.532957 0.017828 0.030132
0 0.357374 0.953861 0.030794 0.050847
0 0.901945 0.708098 0.030794 0.048964
0 0.598055 0.514124 0.029173 0.030132
0 0.858995 0.693974 0.045381 0.035782
0 0.965154 0.887006 0.030794 0.041431
0 0.051053 0.359699 0.004862 0.011299
0 0.664506 0.170433 0.0291734 0.0809793
0 0.568071 0.771186 0.0275527 0.0621469
0 0.54376 0.760829 0.0243112 0.0602637
0 0.101297 0.858757 0.0275527 0.0715631
0 0.538088 0.739171 0.0226904 0.0659134
0 0.0640194 0.875706 0.0243112 0.0753296
0 0.0915721 0.884181 0.0210697 0.0621469
