0 0.389098 0.180608 0.011278 0.011407
0 0.710526 0.636882 0.007519 0.019011
0 0.432331 0.903042 0.022556 0.026616
0 0.255639 0.646388 0.037594 0.053232
0 0.490602 0.880228 0.011278 0.019011
0 0.718045 0.273764 0.022556 0.038023
0 0.875940 0.604563 0.022556 0.022814
0 0.016917 0.600760 0.026316 0.045627
0 0.505639 0.410646 0.071429 0.022814
0 0.372180 0.422053 0.045113 0.038023
0 0.133459 0.178707 0.011278 0.038023
0 0.533835 0.254753 0.022556 0.022814
0 0.477444 0.079848 0.030075 0.038023
0 0.050752 0.545627 0.086466 0.057034
0 0.597744 0.353612 0.112782 0.068441
0 0.962406 0.330798 0.052632 0.083650
0 0.137218 0.659696 0.078947 0.095057
0 0.571429 0.026616 0.030075 0.045627
0 0.682331 0.471483 0.078947 0.098859
0 0.862782 0.644487 0.011278 0.011407
0 0.563910 0.298479 0.015038 0.034221
0 0.806391 0.374525 0.033835 0.041825
0 0.554511 0.781369 0.041353 0.011407
0 0.907895 0.230038 0.101504 0.072243
0 0.868421 0.922053 0.022556 0.026616
0 0.045113 0.804183 0.007519 0.019011
0 0.227444 0.636882 0.011278 0.011407
0 0.817669 0.043726 0.116541 0.064639
0 0.146617 0.323194 0.052632 0.038023
0 0.257519 0.298479 0.109023 0.064639
0 0.159774 0.859316 0.041353 0.038023
