0 0.289362 0.102972 0.012766 0.023355
0 0.611702 0.708068 0.053191 0.044586
0 0.506383 0.052017 0.008511 0.010616
0 0.055319 0.376858 0.008511 0.019108
0 0.242553 0.480892 0.068085 0.036093
0 0.572340 0.285563 0.008511 0.010616
0 0.125532 0.185775 0.034043 0.040340
0 0.657447 0.174098 0.021277 0.050955
0 0.248936 0.778132 0.046809 0.048832
0 0.457447 0.739915 0.076596 0.031847
0 0.593617 0.291932 0.021277 0.019108
0 0.355319 0.921444 0.059574 0.038217
0 0.898936 0.464968 0.044681 0.021231
0 0.090426 0.777070 0.023404 0.025478
0 0.960638 0.208068 0.031915 0.072187
0 0.754255 0.187898 0.010638 0.019108
0 0.919149 0.352442 0.021277 0.025478
0 0.888298 0.645435 0.006383 0.012739
0 0.972340 0.547771 0.017021 0.025478
0 0.476596 0.038217 0.046809 0.038217
0 0.485106 0.849257 0.038298 0.016985
0 0.518085 0.957537 0.040426 0.038217
0 0.113830 0.968153 0.036170 0.063694
0 0.401064 0.713376 0.014894 0.038217
0 0.510638 0.583864 0.042553 0.055202
0 0.069149 0.877919 0.061702 0.036093
0 0.952128 0.127389 0.014894 0.038217
0 0.124468 0.821656 0.065957 0.033970
0 0.321277 0.210191 0.012766 0.012739
0 0.419149 0.646497 0.059574 0.036093
0 0.500000 0.915074 0.059574 0.038217
0 0.428723 0.411890 0.031915 0.016985
0 0.379787 0.494692 0.010638 0.008493
0 0.530851 0.337580 0.010638 0.012739
0 0.596809 0.108280 0.023404 0.029724
0 0.272340 0.018047 0.008511 0.010616
0 0.936170 0.928875 0.021277 0.027601
0 0.262766 0.266454 0.027660 0.010616
0 0.265957 0.641189 0.038298 0.038217
0 0.637234 0.271762 0.014894 0.029724
0 0.846809 0.805732 0.093617 0.023355
0 0.193617 0.548832 0.038298 0.044586
0 0.292553 0.889597 0.006383 0.012739
0 0.441489 0.363057 0.057447 0.042463
0 0.694681 0.811040 0.044681 0.042463
0 0.206383 0.248408 0.021277 0.046709
0 0.817021 0.719745 0.072340 0.033970
0 0.455319 0.264331 0.012766 0.023355
0 0.067021 0.331210 0.006383 0.012739
0 0.155319 0.941614 0.021277 0.031847
0 0.996809 0.494692 0.006383 0.016985
0 0.379787 0.400212 0.010638 0.027601
0 0.032979 0.647558 0.031915 0.072187
0 0.771277 0.249469 0.006383 0.014862
0 0.024468 0.753715 0.006383 0.012739
