0 0.501493 0.951923 0.089552 0.046703
0 0.720896 0.521978 0.050746 0.038462
0 0.541791 0.546703 0.044776 0.027473
0 0.440299 0.387363 0.056716 0.071429
0 0.470149 0.675824 0.062687 0.032967
0 0.820896 0.543956 0.041791 0.054945
0 0.271642 0.237637 0.035821 0.057692
0 0.074627 0.476648 0.005970 0.013736
0 0.873134 0.144231 0.008955 0.013736
0 0.159701 0.814560 0.002985 0.008242
0 0.655224 0.534341 0.020896 0.035714
0 0.197015 0.281593 0.005970 0.013736
0 0.486567 0.913462 0.011940 0.024725
0 0.319403 0.623626 0.029851 0.038462
0 0.902985 0.913462 0.008955 0.019231
0 0.434328 0.950549 0.032836 0.016484
0 0.591045 0.587912 0.035821 0.027473
0 0.874627 0.870879 0.005970 0.016484
0 0.608955 0.054945 0.011940 0.005495
0 0.428358 0.618132 0.050746 0.076923
0 0.879104 0.576923 0.038806 0.021978
0 0.676119 0.940934 0.020896 0.024725
0 0.394030 0.298077 0.059701 0.068681
0 0.074627 0.063187 0.029851 0.049451
0 0.328358 0.579670 0.095522 0.043956
0 0.465672 0.140110 0.035821 0.076923
0 0.355224 0.317308 0.011940 0.030220
0 0.852239 0.296703 0.080597 0.049451
0 0.832836 0.203297 0.017910 0.021978
0 0.698507 0.140110 0.035821 0.032967
0 0.500000 0.212912 0.026866 0.019231
0 0.474627 0.627747 0.023881 0.024725
0 0.192537 0.826923 0.056716 0.038462
0 0.408955 0.504121 0.053731 0.013736
0 0.349254 0.722527 0.0358209 0.0824176
0 0.510448 0.79533 0.0477612 0.0851648
0 0.228358 0.807692 0.038806 0.0769231
