0 0.600000 0.534524 0.042857 0.045238
0 0.179762 0.832143 0.045238 0.045238
0 0.114286 0.898810 0.085714 0.035714
0 0.454762 0.428571 0.080952 0.038095
0 0.085714 0.591667 0.014286 0.040476
0 0.545238 0.832143 0.061905 0.050000
0 0.452381 0.888095 0.033333 0.042857
0 0.352381 0.434524 0.052381 0.054762
0 0.363095 0.120238 0.030952 0.021429
0 0.519048 0.713095 0.019048 0.021429
0 0.477381 0.835714 0.050000 0.057143
0 0.867857 0.435714 0.007143 0.014286
0 0.769048 0.466667 0.014286 0.009524
0 0.886905 0.939286 0.026190 0.030952
0 0.501190 0.894048 0.040476 0.040476
0 0.502381 0.700000 0.009524 0.019048
0 0.792857 0.517857 0.009524 0.026190
0 0.950000 0.338095 0.038095 0.052381
0 0.344048 0.191667 0.035714 0.050000
0 0.058333 0.353571 0.045238 0.021429
0 0.027381 0.873810 0.007143 0.019048
0 0.396429 0.280952 0.011905 0.014286
0 0.127381 0.295238 0.040476 0.042857
0 0.972619 0.545238 0.007143 0.014286
0 0.397619 0.683333 0.052381 0.057143
0 0.563095 0.783333 0.040476 0.019048
0 0.220238 0.215476 0.050000 0.030952
0 0.196429 0.748810 0.035714 0.078571
0 0.435714 0.844048 0.023810 0.035714
0 0.363095 0.704762 0.007143 0.014286
0 0.401190 0.394048 0.021429 0.054762
0 0.358333 0.796429 0.059524 0.050000
0 0.046429 0.719048 0.007143 0.014286
0 0.295238 0.028571 0.066667 0.042857
0 0.440476 0.134524 0.009524 0.011905
0 0.241667 0.034524 0.035714 0.059524
0 0.950000 0.757143 0.076190 0.033333
0 0.107143 0.792857 0.019048 0.023810
