0 0.430208 0.267085 0.004167 0.006974
0 0.415104 0.096234 0.013542 0.022315
0 0.759896 0.375174 0.003125 0.011158
0 0.464062 0.785914 0.003125 0.009763
0 0.115104 0.389121 0.003125 0.008368
0 0.849479 0.400279 0.015625 0.050209
0 0.976042 0.253138 0.004167 0.006974
0 0.411979 0.247559 0.019792 0.012552
0 0.253125 0.739888 0.018750 0.040446
0 0.367188 0.483264 0.023958 0.029289
0 0.422917 0.027894 0.006250 0.016736
0 0.083333 0.357043 0.004167 0.011158
0 0.556250 0.419107 0.027083 0.026499
0 0.872917 0.552301 0.022917 0.033473
0 0.520312 0.902371 0.005208 0.005579
0 0.531771 0.011855 0.005208 0.015342
0 0.837500 0.463040 0.029167 0.011158
0 0.815625 0.796374 0.016667 0.044630
0 0.201563 0.508368 0.007292 0.026499
0 0.003646 0.611576 0.005208 0.006974
0 0.871354 0.088563 0.003125 0.009763
0 0.009375 0.679916 0.006250 0.004184
0 0.795312 0.670851 0.003125 0.011158
0 0.628646 0.988842 0.003125 0.008368
0 0.829167 0.956764 0.006250 0.025105
0 0.940625 0.089261 0.022917 0.033473
0 0.066146 0.521618 0.003125 0.008368
0 0.414583 0.041144 0.008333 0.026499
0 0.099479 0.555091 0.032292 0.022315
0 0.405208 0.228033 0.004167 0.006974
0 0.910937 0.190377 0.013542 0.026499
0 0.740625 0.293584 0.0354167 0.0906555
0 0.746875 0.313808 0.0270833 0.0641562
