0 0.500977 0.916505 0.037109 0.019417
0 0.457031 0.704854 0.011719 0.007767
0 0.557617 0.410680 0.009766 0.017476
0 0.067383 0.535922 0.013672 0.019417
0 0.851562 0.730097 0.039062 0.042718
0 0.292969 0.840777 0.015625 0.011650
0 0.821289 0.510680 0.044922 0.042718
0 0.005859 0.734951 0.007812 0.009709
0 0.675781 0.898058 0.007812 0.009709
0 0.157227 0.384466 0.033203 0.027184
0 0.538086 0.028155 0.052734 0.036893
0 0.128906 0.266990 0.007812 0.009709
0 0.807617 0.668932 0.021484 0.021359
0 0.464844 0.905825 0.031250 0.040777
0 0.491211 0.991262 0.005859 0.013592
0 0.740234 0.121359 0.042969 0.044660
0 0.792969 0.595146 0.070312 0.029126
0 0.150391 0.508738 0.027344 0.031068
0 0.563477 0.593204 0.048828 0.040777
0 0.899414 0.527184 0.068359 0.029126
0 0.551758 0.799029 0.029297 0.040777
0 0.372070 0.371845 0.013672 0.017476
0 0.436523 0.573786 0.060547 0.033010
0 0.472656 0.443689 0.003906 0.017476
0 0.524414 0.175728 0.029297 0.005825
0 0.062500 0.181553 0.039062 0.052427
0 0.698242 0.120388 0.033203 0.062136
0 0.527344 0.375728 0.070312 0.029126
0 0.119141 0.530097 0.031250 0.062136
0 0.898438 0.452427 0.027344 0.069903
0 0.942383 0.040777 0.005859 0.015534
0 0.860352 0.149515 0.005859 0.011650
0 0.968750 0.537864 0.035156 0.027184
0 0.842773 0.330097 0.033203 0.031068
0 0.568359 0.854369 0.035156 0.058252
0 0.360352 0.947573 0.017578 0.038835
0 0.774414 0.229126 0.056641 0.034951
0 0.290039 0.371845 0.0292969 0.0601942
0 0.350586 0.759223 0.0292969 0.0621359
0 0.455078 0.826214 0.0273438 0.0601942
0 0.422852 0.818447 0.0253906 0.0640777
