0 0.941860 0.925665 0.044961 0.026604
0 0.055039 0.284820 0.032558 0.037559
0 0.947287 0.527387 0.046512 0.028169
0 0.355814 0.237089 0.023256 0.029734
0 0.556589 0.913146 0.052713 0.023474
0 0.817829 0.449139 0.038760 0.034429
0 0.332558 0.232394 0.020155 0.029734
0 0.383721 0.650235 0.029457 0.042254
0 0.471318 0.358372 0.009302 0.006260
0 0.662016 0.581377 0.006202 0.007825
0 0.470543 0.721440 0.004651 0.009390
0 0.370543 0.327074 0.027907 0.021909
0 0.844186 0.514867 0.013953 0.015649
0 0.958915 0.808294 0.035659 0.020344
0 0.602326 0.218310 0.004651 0.010955
0 0.844186 0.798905 0.023256 0.023474
0 0.662791 0.316119 0.004651 0.012520
0 0.936434 0.750391 0.012403 0.007825
0 0.803876 0.406886 0.048062 0.025039
0 0.655814 0.377934 0.024806 0.010955
0 0.024031 0.226917 0.035659 0.031299
0 0.183721 0.643975 0.041860 0.029734
0 0.360465 0.589202 0.020155 0.017214
0 0.877519 0.593897 0.009302 0.004695
0 0.053488 0.529734 0.007752 0.020344
0 0.859690 0.846635 0.023256 0.034429
0 0.219380 0.015649 0.044961 0.028169
0 0.226357 0.172144 0.009302 0.009390
0 0.443411 0.206573 0.031008 0.040689
0 0.599225 0.527387 0.010853 0.018779
0 0.479070 0.248044 0.031008 0.039124
0 0.824031 0.257433 0.004651 0.010955
0 0.303876 0.046166 0.034109 0.032864
0 0.742636 0.835681 0.015504 0.025039
0 0.814729 0.879499 0.007752 0.006260
0 0.313178 0.798122 0.034109 0.028169
0 0.773643 0.908451 0.018605 0.026604
0 0.970543 0.251956 0.037209 0.028169
0 0.597674 0.080595 0.026357 0.048513
0 0.793023 0.579030 0.013953 0.034429
0 0.406977 0.694836 0.004651 0.009390
0 0.14031 0.225352 0.0356589 0.0970266
0 0.18062 0.464789 0.0325581 0.0782473
0 0.235659 0.283255 0.0372093 0.112676
0 0.150388 0.461659 0.0434109 0.084507
0 0.725581 0.817684 0.096124 0.192488
0 0.318605 0.235524 0.0697674 0.183099
