0 0.526846 0.776873 0.013423 0.035831
0 0.412752 0.843648 0.046980 0.026059
0 0.147651 0.586319 0.020134 0.013029
0 0.661074 0.644951 0.093960 0.058632
0 0.620805 0.747557 0.006711 0.016287
0 0.246644 0.560261 0.016779 0.026059
0 0.904362 0.040717 0.010067 0.016287
0 0.567114 0.586319 0.107383 0.052117
0 0.505034 0.615635 0.010067 0.032573
0 0.379195 0.806189 0.006711 0.016287
0 0.260067 0.496743 0.023490 0.022801
0 0.307047 0.026059 0.016779 0.013029
0 0.474832 0.773616 0.077181 0.074919
0 0.951342 0.942997 0.057047 0.029316
0 0.897651 0.346906 0.016779 0.016287
0 0.213087 0.478827 0.010067 0.013029
0 0.308725 0.842020 0.006711 0.016287
0 0.914430 0.910423 0.023490 0.016287
0 0.947987 0.762215 0.010067 0.026059
0 0.894295 0.885993 0.016779 0.026059
0 0.592282 0.379479 0.010067 0.016287
0 0.625839 0.285016 0.090604 0.061889
0 0.627517 0.371336 0.033557 0.058632
0 0.936242 0.337134 0.013423 0.035831
0 0.753356 0.789902 0.057047 0.048860
0 0.124161 0.089577 0.100671 0.055375
0 0.278523 0.962541 0.006711 0.016287
0 0.145973 0.441368 0.010067 0.016287
0 0.276846 0.030945 0.030201 0.029316
0 0.285235 0.610749 0.067114 0.029316
0 0.679530 0.451140 0.010067 0.009772
0 0.610738 0.69544 0.0268456 0.0814332
0 0.662752 0.630293 0.0369128 0.0749186
0 0.471476 0.513029 0.0234899 0.0618892
0 0.424497 0.519544 0.0234899 0.0618892
