0 0.160938 0.137500 0.015625 0.018750
0 0.100000 0.700000 0.025000 0.037500
0 0.920312 0.482812 0.084375 0.059375
0 0.151562 0.532813 0.084375 0.059375
0 0.368750 0.554688 0.025000 0.053125
0 0.539062 0.459375 0.078125 0.068750
0 0.225000 0.315625 0.006250 0.018750
0 0.215625 0.723437 0.012500 0.028125
0 0.167187 0.764062 0.078125 0.065625
0 0.189062 0.057813 0.034375 0.040625
0 0.714063 0.035937 0.065625 0.034375
0 0.250000 0.192188 0.018750 0.021875
0 0.315625 0.271875 0.093750 0.056250
0 0.528125 0.531250 0.018750 0.050000
0 0.245312 0.579688 0.021875 0.009375
0 0.918750 0.968750 0.043750 0.050000
0 0.418750 0.317188 0.068750 0.059375
0 0.053125 0.468750 0.031250 0.025000
0 0.079687 0.721875 0.078125 0.056250
0 0.368750 0.857812 0.031250 0.046875
0 0.812500 0.879687 0.018750 0.040625
0 0.067187 0.185938 0.021875 0.046875
0 0.145313 0.192188 0.071875 0.040625
0 0.234375 0.451562 0.043750 0.078125
0 0.492188 0.475000 0.090625 0.056250
0 0.734375 0.137500 0.087500 0.056250
0 0.534375 0.642188 0.037500 0.034375
0 0.589063 0.206250 0.028125 0.037500
0 0.328125 0.084375 0.006250 0.018750
0 0.426563 0.546875 0.084375 0.062500
0 0.426563 0.067187 0.034375 0.053125
