0 0.103352 0.141144 0.024209 0.038745
0 0.043762 0.509225 0.013035 0.029520
0 0.183426 0.733395 0.009311 0.009225
0 0.748603 0.433579 0.063315 0.029520
0 0.276536 0.776753 0.009311 0.022140
0 0.864991 0.337638 0.009311 0.007380
0 0.535382 0.790590 0.027933 0.046125
0 0.093110 0.368081 0.011173 0.023985
0 0.879888 0.119004 0.005587 0.012915
0 0.724395 0.314576 0.007449 0.020295
0 0.550279 0.399446 0.009311 0.009225
0 0.179702 0.882841 0.050279 0.035055
0 0.513035 0.424354 0.005587 0.014760
0 0.843575 0.095018 0.003724 0.016605
0 0.383613 0.547048 0.048417 0.038745
0 0.928305 0.123616 0.054004 0.025830
0 0.579143 0.740775 0.052142 0.035055
0 0.887337 0.254613 0.016760 0.044280
0 0.794227 0.719557 0.035382 0.018450
0 0.027002 0.046125 0.020484 0.033210
0 0.119181 0.050738 0.014898 0.009225
0 0.088454 0.183579 0.013035 0.005535
0 0.668529 0.400369 0.022346 0.040590
0 0.609870 0.576568 0.005587 0.016605
0 0.973929 0.443727 0.007449 0.009225
0 0.046555 0.981550 0.011173 0.011070
0 0.969274 0.455720 0.009311 0.007380
0 0.348231 0.190959 0.011173 0.005535
0 0.491620 0.687269 0.040968 0.038745
0 0.096834 0.467712 0.022346 0.057196
0 0.637803 0.392989 0.027933 0.022140
0 0.689944 0.785978 0.009311 0.007380
0 0.054004 0.433579 0.055866 0.033210
0 0.079143 0.628229 0.009311 0.009225
0 0.505587 0.297970 0.009311 0.016605
0 0.569832 0.224170 0.040968 0.042435
0 0.357542 0.625461 0.014898 0.025830
0 0.015829 0.268450 0.009311 0.031365
0 0.596834 0.561808 0.016760 0.038745
0 0.900372 0.186347 0.005587 0.011070
0 0.171322 0.369004 0.018622 0.0516605
