0 0.363550 0.179000 0.009542 0.014000
0 0.036260 0.407000 0.026718 0.014000
0 0.228053 0.946000 0.020992 0.028000
0 0.240458 0.249000 0.049618 0.038000
0 0.103053 0.727000 0.007634 0.010000
0 0.749046 0.118000 0.017176 0.008000
0 0.522901 0.908000 0.034351 0.060000
0 0.443702 0.709000 0.005725 0.014000
0 0.288168 0.365000 0.049618 0.042000
0 0.418893 0.446000 0.047710 0.032000
0 0.195611 0.380000 0.032443 0.060000
0 0.458969 0.053000 0.051527 0.038000
0 0.644084 0.430000 0.040076 0.048000
0 0.639313 0.090000 0.057252 0.036000
0 0.494275 0.268000 0.061069 0.032000
0 0.319656 0.506000 0.043893 0.044000
0 0.991412 0.704000 0.009542 0.012000
0 0.069656 0.215000 0.078244 0.026000
0 0.937977 0.505000 0.020992 0.018000
0 0.084924 0.630000 0.005725 0.012000
0 0.541985 0.839000 0.030534 0.054000
0 0.981870 0.703000 0.005725 0.018000
0 0.958015 0.682000 0.007634 0.016000
0 0.075382 0.154000 0.005725 0.016000
0 0.170802 0.348000 0.013359 0.040000
0 0.459924 0.413000 0.011450 0.014000
0 0.894084 0.849000 0.005725 0.014000
0 0.870229 0.775000 0.007634 0.010000
0 0.087786 0.661000 0.007634 0.018000
0 0.318702 0.272000 0.034351 0.016000
0 0.521947 0.390000 0.005725 0.016000
0 0.133588 0.662 0.0267176 0.068
0 0.417939 0.461 0.019084 0.054
0 0.541985 0.578 0.0267176 0.06
0 0.533397 0.59 0.0362595 0.068
0 0.455153 0.182 0.0133588 0.036
0 0.967557 0.408 0.019084 0.056
0 0.587786 0.514 0.019084 0.064
0 0.0553435 0.399 0.0152672 0.046
0 0.293893 0.208 0.019084 0.044
0 0.544847 0.546 0.0209924 0.056
0 0.568702 0.527 0.0267176 0.074
0 0.438931 0.458 0.019084 0.052
0 0.0925573 0.389 0.0171756 0.046
0 0.462786 0.463 0.0209924 0.062
0 0.0658397 0.391 0.0209924 0.046
