0 0.256385 0.629668 0.029470 0.068465
0 0.086444 0.577801 0.007859 0.022822
0 0.867387 0.516598 0.029470 0.053942
0 0.743615 0.174274 0.005894 0.024896
0 0.258350 0.164938 0.053045 0.039419
0 0.663065 0.757261 0.017682 0.024896
0 0.919450 0.746888 0.039293 0.045643
0 0.514735 0.643154 0.055010 0.037344
0 0.647348 0.130705 0.033399 0.062241
0 0.169941 0.198133 0.037328 0.051867
0 0.222004 0.969917 0.007859 0.018672
0 0.686640 0.420124 0.060904 0.035270
0 0.904715 0.834025 0.025540 0.020747
0 0.163065 0.446058 0.047151 0.045643
0 0.358546 0.797718 0.017682 0.043568
0 0.320236 0.197095 0.031434 0.029046
0 0.365422 0.122407 0.031434 0.053942
0 0.963654 0.481328 0.013752 0.012448
0 0.326130 0.134855 0.043222 0.024896
0 0.584479 0.400415 0.005894 0.012448
0 0.892927 0.796680 0.025540 0.020747
0 0.799607 0.502075 0.031434 0.012448
0 0.374263 0.927386 0.025540 0.062241
0 0.765226 0.946058 0.021611 0.012448
0 0.223969 0.737552 0.019646 0.047718
0 0.196464 0.358921 0.011788 0.012448
0 0.695481 0.649378 0.015717 0.033195
0 0.038310 0.668050 0.025540 0.020747
0 0.987230 0.886929 0.009823 0.010373
0 0.674853 0.380705 0.021611 0.035270
0 0.468566 0.227178 0.041257 0.051867
0 0.804519 0.044606 0.017682 0.031120
0 0.278978 0.769710 0.031434 0.070539
0 0.149312 0.961618 0.007859 0.010373
