0 0.043956 0.440217 0.021978 0.021739
0 0.648352 0.470109 0.102564 0.092391
0 0.380952 0.260870 0.065934 0.152174
0 0.899267 0.293478 0.018315 0.021739
0 0.285714 0.203804 0.014652 0.038043
0 0.408425 0.415761 0.040293 0.092391
0 0.793040 0.078804 0.054945 0.135870
0 0.886447 0.703804 0.117216 0.092391
0 0.175824 0.383152 0.043956 0.157609
0 0.201465 0.853261 0.036630 0.119565
0 0.120879 0.130435 0.014652 0.032609
0 0.117216 0.448370 0.065934 0.114130
0 0.351648 0.877717 0.058608 0.092391
0 0.787546 0.513587 0.014652 0.027174
0 0.465201 0.048913 0.014652 0.032609
0 0.562271 0.448370 0.062271 0.114130
0 0.102564 0.855978 0.051282 0.190217
0 0.219780 0.127717 0.014652 0.027174
0 0.485348 0.442935 0.047619 0.179348
0 0.745421 0.695652 0.062271 0.130435
0 0.860806 0.225543 0.051282 0.092391
0 0.507326 0.932065 0.040293 0.092391
0 0.408425 0.527174 0.098901 0.108696
0 0.794872 0.366848 0.117216 0.092391
0 0.650183 0.361413 0.091575 0.114130
0 0.064103 0.057065 0.091575 0.114130
