0 0.073077 0.300000 0.015385 0.023077
0 0.590385 0.694231 0.050000 0.057692
0 0.813462 0.209615 0.119231 0.065385
0 0.309615 0.869231 0.134615 0.053846
0 0.598077 0.896154 0.019231 0.030769
0 0.080769 0.240385 0.084615 0.088462
0 0.544231 0.469231 0.080769 0.100000
0 0.463462 0.507692 0.073077 0.107692
0 0.882692 0.807692 0.011538 0.023077
0 0.942308 0.201923 0.107692 0.073077
0 0.669231 0.265385 0.069231 0.115385
0 0.936538 0.100000 0.011538 0.030769
0 0.898077 0.051923 0.042308 0.080769
0 0.638462 0.742308 0.038462 0.107692
0 0.030769 0.878846 0.046154 0.057692
0 0.526923 0.617308 0.069231 0.103846
0 0.955769 0.153846 0.019231 0.015385
0 0.740385 0.671154 0.026923 0.019231
0 0.865385 0.392308 0.046154 0.069231
0 0.786538 0.453846 0.103846 0.076923
0 0.140385 0.230769 0.026923 0.030769
0 0.028846 0.228846 0.011538 0.026923
0 0.363462 0.269231 0.050000 0.053846
0 0.296154 0.748077 0.015385 0.034615
0 0.728846 0.259615 0.042308 0.026923
0 0.725000 0.230769 0.011538 0.023077
0 0.221154 0.042308 0.011538 0.030769
0 0.063462 0.363462 0.042308 0.034615
0 0.367308 0.488462 0.111538 0.069231
0 0.434615 0.821154 0.023077 0.050000
0 0.090385 0.796154 0.119231 0.061538
0 0.251923 0.692308 0.065385 0.069231
0 0.507692 0.113462 0.015385 0.019231
0 0.315385 0.794231 0.192308 0.042308
0 0.915385 0.551923 0.138462 0.057692
0 0.959615 0.646154 0.011538 0.030769
0 0.590385 0.200000 0.080769 0.100000
0 0.013462 0.242308 0.011538 0.023077
0 0.725000 0.363462 0.080769 0.096154
0 0.244231 0.236538 0.103846 0.073077
0 0.575000 0.059615 0.096154 0.080769
0 0.157692 0.719231 0.107692 0.069231
0 0.213462 0.426923 0.042308 0.069231
0 0.840385 0.319231 0.142308 0.053846
0 0.340385 0.701923 0.026923 0.073077
0 0.496154 0.415385 0.076923 0.069231
0 0.213462 0.609615 0.019231 0.026923
0 0.907692 0.488462 0.030769 0.061538
0 0.888462 0.263462 0.023077 0.026923
0 0.496154 0.073077 0.046154 0.053846
0 0.903846 0.732692 0.0307692 0.05
