0 0.721417 0.056962 0.038647 0.028481
0 0.223027 0.390823 0.024155 0.025316
0 0.386473 0.788766 0.009662 0.004747
0 0.360709 0.123418 0.041868 0.031646
0 0.458937 0.822785 0.019324 0.025316
0 0.221417 0.711234 0.004831 0.014241
0 0.961353 0.902690 0.012882 0.023734
0 0.559581 0.302215 0.004831 0.012658
0 0.601449 0.348892 0.004831 0.011076
0 0.559581 0.679589 0.020934 0.039557
0 0.534622 0.529272 0.006441 0.007911
0 0.056361 0.787975 0.032206 0.015823
0 0.996779 0.408228 0.006441 0.009494
0 0.859903 0.813291 0.028986 0.047468
0 0.722222 0.381329 0.014493 0.012658
0 0.384863 0.319620 0.028986 0.044304
0 0.145733 0.438291 0.037037 0.034810
0 0.124799 0.828323 0.037037 0.036392
0 0.742351 0.466772 0.035427 0.015823
0 0.132850 0.537184 0.014493 0.026899
0 0.315620 0.162975 0.025765 0.025316
0 0.580515 0.439873 0.011272 0.015823
0 0.034622 0.304589 0.049919 0.026899
0 0.687601 0.526899 0.032206 0.012658
0 0.059581 0.352057 0.041868 0.023734
0 0.973430 0.122627 0.043478 0.030063
0 0.636071 0.773734 0.009662 0.006329
0 0.952496 0.312500 0.043478 0.030063
0 0.479871 0.624209 0.041868 0.033228
0 0.345411 0.425633 0.046699 0.028481
0 0.991948 0.530854 0.006441 0.007911
0 0.831723 0.595728 0.030596 0.042722
0 0.949275 0.724684 0.033816 0.031646
0 0.803543 0.114715 0.041868 0.033228
0 0.917874 0.751582 0.025765 0.050633
0 0.132850 0.155063 0.011272 0.015823
0 0.743961 0.704114 0.022544 0.060127
0 0.853462 0.442247 0.012882 0.030063
0 0.529791 0.195411 0.019324 0.014241
