0 0.689706 0.723529 0.020588 0.017647
0 0.048529 0.689706 0.091176 0.050000
0 0.482353 0.820588 0.017647 0.011765
0 0.782353 0.761765 0.029412 0.017647
0 0.102941 0.641176 0.029412 0.041176
0 0.672059 0.380882 0.055882 0.073529
0 0.960294 0.829412 0.079412 0.041176
0 0.552941 0.201471 0.105882 0.044118
0 0.330882 0.952941 0.020588 0.029412
0 0.023529 0.430882 0.005882 0.014706
0 0.219118 0.480882 0.050000 0.044118
0 0.752941 0.951471 0.005882 0.014706
0 0.310294 0.707353 0.008824 0.008824
0 0.864706 0.504412 0.094118 0.050000
0 0.160294 0.067647 0.008824 0.011765
0 0.101471 0.358824 0.014706 0.035294
0 0.554412 0.410294 0.020588 0.032353
0 0.539706 0.382353 0.073529 0.017647
0 0.314706 0.907353 0.076471 0.055882
0 0.997059 0.189706 0.005882 0.014706
0 0.233824 0.597059 0.020588 0.011765
0 0.398529 0.517647 0.073529 0.058824
0 0.350000 0.380882 0.005882 0.014706
0 0.036765 0.570588 0.008824 0.011765
0 0.867647 0.469118 0.005882 0.014706
0 0.289706 0.805882 0.020588 0.058824
0 0.916176 0.319118 0.032353 0.020588
0 0.392647 0.317647 0.020588 0.041176
0 0.695588 0.470588 0.073529 0.064706
0 0.752941 0.660294 0.017647 0.020588
