0 0.825065 0.399408 0.093995 0.041420
0 0.349869 0.581361 0.005222 0.008876
0 0.621410 0.754438 0.005222 0.017751
0 0.325065 0.532544 0.033943 0.059172
0 0.146214 0.677515 0.010444 0.017751
0 0.462141 0.822485 0.083551 0.047337
0 0.167102 0.298817 0.088773 0.041420
0 0.684073 0.776627 0.005222 0.008876
0 0.075718 0.446746 0.083551 0.047337
0 0.591384 0.519231 0.002611 0.002959
0 0.578329 0.865385 0.013055 0.038462
0 0.133159 0.218935 0.031332 0.047337
0 0.023499 0.442308 0.015666 0.020710
0 0.506527 0.653846 0.005222 0.017751
0 0.151436 0.261834 0.010444 0.026627
0 0.983029 0.812130 0.033943 0.038462
0 0.180157 0.260355 0.041775 0.029586
0 0.091384 0.921598 0.020888 0.020710
0 0.198433 0.909763 0.031332 0.038462
0 0.885117 0.514793 0.078329 0.047337
0 0.932115 0.039941 0.015666 0.020710
0 0.844648 0.862426 0.065274 0.056213
0 0.238903 0.411243 0.002611 0.011834
0 0.825065 0.948225 0.062663 0.062130
0 0.359008 0.026627 0.033943 0.053254
0 0.445170 0.791420 0.007833 0.008876
0 0.962141 0.782544 0.018277 0.014793
0 0.629243 0.559172 0.015666 0.017751
0 0.417755 0.738166 0.010444 0.014793
0 0.745431 0.520710 0.039164 0.023669
0 0.865535 0.090237 0.007833 0.008876
0 0.691906 0.739645 0.067885 0.041420
0 0.220627 0.720414 0.075718 0.050296
0 0.359008 0.531065 0.018277 0.020710
0 0.763708 0.380178 0.0234987 0.0621302
0 0.788512 0.397929 0.0208877 0.0502959
0 0.830287 0.366864 0.0261097 0.0591716
0 0.976501 0.380178 0.0313316 0.0502959
