0 0.949318 0.993354 0.005848 0.005112
0 0.570663 0.165389 0.000975 0.002556
0 0.741959 0.242587 0.001462 0.003579
0 0.015351 0.023773 0.005361 0.006646
0 0.576267 0.782975 0.003411 0.004601
0 0.017544 0.850971 0.013645 0.008691
0 0.453704 0.915644 0.000975 0.002045
0 0.033626 0.712679 0.009747 0.012270
0 0.043860 0.481595 0.009747 0.011247
0 0.907895 0.355828 0.005848 0.004090
0 0.330653 0.190440 0.006335 0.012781
0 0.469786 0.945297 0.000975 0.002045
0 0.103801 0.900307 0.005848 0.012270
0 0.570419 0.763548 0.005361 0.006646
0 0.149854 0.062883 0.015107 0.008180
0 0.283626 0.872444 0.001949 0.005624
0 0.539474 0.727505 0.003899 0.002045
0 0.183480 0.453732 0.002437 0.003579
0 0.400828 0.353528 0.002437 0.002556
0 0.460283 0.560583 0.014133 0.008691
0 0.927875 0.265082 0.002924 0.005624
0 0.857456 0.219581 0.014133 0.008691
0 0.179094 0.077710 0.004386 0.005112
0 0.237329 0.677658 0.003899 0.007669
0 0.310429 0.010481 0.004873 0.010736
0 0.081140 0.554192 0.002437 0.007157
0 0.563596 0.837168 0.000487 0.001534
