0 0.908714 0.798755 0.016598 0.037344
0 0.543568 0.705394 0.033195 0.033195
0 0.473029 0.549793 0.066390 0.070539
0 0.695021 0.952282 0.012448 0.029046
0 0.217842 0.800830 0.087137 0.099585
0 0.315353 0.334025 0.082988 0.062241
0 0.184647 0.562241 0.045643 0.012448
0 0.649378 0.336100 0.029046 0.049793
0 0.219917 0.232365 0.074689 0.016598
0 0.385892 0.207469 0.058091 0.074689
0 0.902490 0.367220 0.145228 0.062241
0 0.887967 0.182573 0.099585 0.066390
0 0.636929 0.224066 0.012448 0.033195
0 0.381743 0.385892 0.016598 0.024896
0 0.045643 0.807054 0.008299 0.037344
0 0.375519 0.815353 0.053942 0.095436
0 0.707469 0.093361 0.145228 0.062241
0 0.238589 0.703320 0.062241 0.087137
0 0.049793 0.589212 0.066390 0.049793
0 0.421162 0.112033 0.112033 0.049793
0 0.912863 0.649378 0.024896 0.045643
0 0.993776 0.267635 0.012448 0.029046
0 0.958506 0.854772 0.066390 0.124481
0 0.246888 0.576763 0.062241 0.149378
0 0.315353 0.344398 0.099585 0.066390
0 0.379668 0.356846 0.012448 0.024896
0 0.390041 0.452282 0.066390 0.058091
0 0.566390 0.925311 0.012448 0.024896
0 0.051867 0.165975 0.020747 0.033195
0 0.487552 0.960581 0.045643 0.062241
0 0.962656 0.493776 0.058091 0.074689
0 0.155602 0.900415 0.053942 0.041494
0 0.890041 0.809129 0.062241 0.058091
0 0.329876 0.665975 0.020747 0.020747
0 0.636929 0.919087 0.012448 0.037344
0 0.788382 0.280083 0.091286 0.103734
0 0.356846 0.215768 0.0165975 0.033195
