0 0.768245 0.085193 0.065089 0.032454
0 0.483235 0.952333 0.003945 0.010142
0 0.376726 0.932049 0.007890 0.018256
0 0.108481 0.570994 0.003945 0.010142
0 0.469428 0.419878 0.035503 0.020284
0 0.374753 0.089249 0.023669 0.020284
0 0.445759 0.547667 0.035503 0.044625
0 0.294872 0.675456 0.013807 0.020284
0 0.721893 0.083164 0.023669 0.020284
0 0.405325 0.836714 0.009862 0.006085
0 0.025641 0.729209 0.003945 0.010142
0 0.592702 0.860041 0.053254 0.036511
0 0.295858 0.698783 0.003945 0.010142
0 0.138067 0.381339 0.031558 0.016227
0 0.026627 0.175456 0.005917 0.006085
0 0.198225 0.131846 0.005917 0.008114
0 0.478304 0.255578 0.037475 0.052738
0 0.608481 0.168357 0.005917 0.008114
0 0.718935 0.671400 0.005917 0.008114
0 0.884615 0.628803 0.005917 0.008114
0 0.189349 0.515213 0.015779 0.032454
0 0.298817 0.527383 0.009862 0.004057
0 0.441815 0.048682 0.007890 0.016227
0 0.915187 0.707911 0.031558 0.016227
0 0.635108 0.451318 0.007890 0.010142
0 0.133136 0.250507 0.069034 0.030426
0 0.525641 0.975659 0.029586 0.028398
0 0.956607 0.722110 0.035503 0.044625
0 0.136095 0.065923 0.011834 0.026369
