0 0.012064 0.442359 0.008043 0.016086
0 0.584450 0.738606 0.032172 0.008043
0 0.046917 0.361930 0.024129 0.005362
0 0.323056 0.218499 0.072386 0.029491
0 0.076408 0.321716 0.008043 0.016086
0 0.882038 0.805630 0.069705 0.050938
0 0.113941 0.258713 0.013405 0.034853
0 0.808311 0.501340 0.008043 0.016086
0 0.105898 0.648794 0.077748 0.048257
0 0.061662 0.785523 0.032172 0.048257
0 0.186327 0.812332 0.061662 0.021448
0 0.266756 0.308311 0.045576 0.026810
0 0.816354 0.194370 0.045576 0.077748
0 0.056300 0.138070 0.016086 0.018767
0 0.206434 0.033512 0.058981 0.067024
0 0.233244 0.198391 0.016086 0.037534
0 0.080429 0.221180 0.042895 0.050938
0 0.583110 0.203753 0.008043 0.021448
0 0.033512 0.221180 0.045576 0.083110
0 0.821716 0.770777 0.040214 0.093834
0 0.186327 0.959786 0.029491 0.058981
0 0.036193 0.080429 0.013405 0.010724
0 0.682306 0.340483 0.013405 0.016086
0 0.534853 0.458445 0.072386 0.042895
0 0.676944 0.179625 0.018767 0.058981
0 0.052279 0.148794 0.067024 0.056300
0 0.348525 0.293566 0.069705 0.056300
0 0.768097 0.778820 0.013405 0.029491
0 0.684987 0.111260 0.056300 0.067024
0 0.431635 0.837802 0.016086 0.008043
0 0.514745 0.372654 0.0268097 0.0482574
