0 0.142857 0.590517 0.080000 0.054598
0 0.538571 0.829023 0.020000 0.066092
0 0.275714 0.352011 0.060000 0.071839
0 0.152857 0.260057 0.077143 0.054598
0 0.182857 0.478448 0.074286 0.060345
0 0.934286 0.097701 0.017143 0.011494
0 0.602857 0.337644 0.011429 0.014368
0 0.241429 0.852011 0.065714 0.066092
0 0.808571 0.033046 0.011429 0.014368
0 0.762857 0.791667 0.040000 0.020115
0 0.505714 0.912356 0.011429 0.020115
0 0.091429 0.487069 0.028571 0.008621
0 0.971429 0.165230 0.028571 0.043103
0 0.324286 0.288793 0.020000 0.014368
0 0.697143 0.875000 0.074286 0.060345
0 0.862857 0.122126 0.085714 0.048851
0 0.148571 0.716954 0.011429 0.037356
0 0.842857 0.070402 0.097143 0.043103
0 0.894286 0.639368 0.034286 0.043103
0 0.088571 0.225575 0.045714 0.071839
0 0.112857 0.988506 0.020000 0.022989
0 0.478571 0.561782 0.048571 0.054598
0 0.512857 0.827586 0.025714 0.022989
0 0.954286 0.123563 0.017143 0.011494
0 0.837143 0.415230 0.045714 0.031609
0 0.244286 0.278736 0.037143 0.034483
0 0.021429 0.678161 0.025714 0.040230
0 0.945714 0.821839 0.022857 0.057471
0 0.651429 0.577586 0.045714 0.057471
0 0.461429 0.724138 0.008571 0.017241
0 0.458571 0.821839 0.077143 0.057471
0 0.327143 0.772989 0.042857 0.034483
0 0.802857 0.471264 0.091429 0.045977
