0 0.482353 0.729412 0.076471 0.078431
0 0.560294 0.852941 0.061765 0.090196
0 0.773529 0.415686 0.070588 0.031373
0 0.711765 0.250980 0.023529 0.039216
0 0.932353 0.915686 0.041176 0.082353
0 0.261765 0.586275 0.058824 0.105882
0 0.588235 0.600000 0.052941 0.062745
0 0.376471 0.682353 0.105882 0.054902
0 0.908824 0.596078 0.023529 0.070588
0 0.769118 0.913725 0.008824 0.023529
0 0.560294 0.086275 0.073529 0.047059
0 0.573529 0.782353 0.017647 0.011765
0 0.739706 0.203922 0.008824 0.031373
0 0.445588 0.625490 0.008824 0.035294
0 0.322059 0.919608 0.014706 0.035294
0 0.307353 0.105882 0.020588 0.070588
0 0.992647 0.588235 0.008824 0.023529
0 0.872059 0.901961 0.050000 0.117647
0 0.397059 0.062745 0.047059 0.101961
0 0.527941 0.778431 0.061765 0.050980
0 0.792647 0.786275 0.008824 0.027451
0 0.401471 0.292157 0.102941 0.058824
0 0.488235 0.174510 0.076471 0.058824
0 0.332353 0.539216 0.076471 0.050980
0 0.233824 0.658824 0.008824 0.023529
0 0.608824 0.203922 0.017647 0.015686
0 0.501471 0.076471 0.038235 0.082353
0 0.745588 0.129412 0.038235 0.078431
0 0.370588 0.615686 0.047059 0.062745
0 0.691176 0.211765 0.011765 0.023529
0 0.622059 0.435294 0.026471 0.062745
