0 0.460499 0.561622 0.016632 0.018721
0 0.490125 0.847894 0.017672 0.035881
0 0.432952 0.453198 0.015593 0.035881
0 0.884096 0.586583 0.015593 0.018721
0 0.547297 0.573323 0.003119 0.010920
0 0.314449 0.761310 0.019751 0.043682
0 0.094075 0.758970 0.013514 0.039002
0 0.113306 0.364275 0.008316 0.045242
0 0.265593 0.154446 0.015593 0.018721
0 0.722453 0.335413 0.029106 0.028081
0 0.633576 0.952418 0.028067 0.029641
0 0.895530 0.029641 0.003119 0.012480
0 0.466216 0.899376 0.021830 0.039002
0 0.758316 0.960998 0.017672 0.046802
0 0.664761 0.297972 0.007277 0.031201
0 0.506237 0.907176 0.018711 0.020281
0 0.892412 0.722309 0.003119 0.012480
0 0.475052 0.167707 0.022869 0.035881
0 0.728690 0.401716 0.004158 0.007800
0 0.103430 0.407956 0.021830 0.039002
0 0.226611 0.913417 0.004158 0.017161
0 0.092516 0.115445 0.027027 0.031201
0 0.135655 0.230889 0.011435 0.012480
0 0.278067 0.685647 0.009356 0.007800
0 0.765593 0.836973 0.028067 0.029641
0 0.005198 0.685647 0.004158 0.014041
0 0.257277 0.514041 0.007277 0.017161
0 0.742723 0.033541 0.007277 0.017161
0 0.559771 0.035881 0.003119 0.015601
0 0.770270 0.621685 0.010395 0.010920
0 0.984407 0.120905 0.006237 0.004680
0 0.456861 0.856474 0.019751 0.043682
0 0.459459 0.790952 0.010395 0.021841
0 0.201663 0.649766 0.006237 0.007800
0 0.494802 0.222309 0.004158 0.007800
0 0.801455 0.805772 0.016632 0.010920
0 0.743243 0.904056 0.018711 0.029641
0 0.887734 0.700468 0.016632 0.028081
0 0.004158 0.050702 0.004158 0.014041
0 0.540021 0.654446 0.015593 0.042122
0 0.651767 0.176287 0.010395 0.018721
0 0.724532 0.641966 0.004158 0.007800
0 0.343555 0.378315 0.007277 0.014041
0 0.513514 0.260530 0.035343 0.024961
0 0.268711 0.988300 0.040541 0.020281
0 0.065489 0.793292 0.010395 0.023401
0 0.282744 0.788612 0.037422 0.023401
0 0.145530 0.505460 0.022869 0.024961
0 0.2921 0.49298 0.033264 0.127925
0 0.203742 0.604524 0.039501 0.107644
0 0.321726 0.478939 0.0280665 0.115445
0 0.0384615 0.25897 0.024948 0.0967239
0 0.261954 0.49376 0.029106 0.113885
0 0.0441788 0.524961 0.0301455 0.113885
