0 0.899479 0.039052 0.003125 0.005579
0 0.355208 0.939331 0.025000 0.023710
0 0.901042 0.671548 0.004167 0.006974
0 0.290625 0.024407 0.004167 0.004184
0 0.012500 0.130404 0.012500 0.004184
0 0.583333 0.532078 0.002083 0.006974
0 0.216667 0.576709 0.012500 0.006974
0 0.485417 0.827755 0.014583 0.034868
0 0.485938 0.228731 0.007292 0.022315
0 0.249479 0.912831 0.013542 0.032078
0 0.461979 0.684100 0.036458 0.020921
0 0.605729 0.322176 0.009375 0.011158
0 0.312500 0.331241 0.002083 0.006974
0 0.886458 0.822176 0.010417 0.006974
0 0.434375 0.899582 0.002083 0.008368
0 0.296875 0.410739 0.002083 0.006974
0 0.247396 0.991632 0.005208 0.002789
0 0.138542 0.589261 0.002083 0.012552
0 0.602083 0.739191 0.006250 0.002789
0 0.178646 0.661785 0.003125 0.004184
0 0.675000 0.207810 0.012500 0.025105
0 0.740625 0.293584 0.0354167 0.0906555
0 0.746875 0.313808 0.0270833 0.0641562
