0 0.331107 0.897000 0.009542 0.018000
0 0.186069 0.277000 0.051527 0.038000
0 0.814885 0.476000 0.045802 0.028000
0 0.895038 0.722000 0.007634 0.024000
0 0.082061 0.143000 0.007634 0.010000
0 0.317748 0.168000 0.020992 0.036000
0 0.791031 0.448000 0.005725 0.012000
0 0.406489 0.273000 0.041985 0.018000
0 0.701336 0.465000 0.005725 0.006000
0 0.276718 0.776000 0.022901 0.024000
0 0.113550 0.769000 0.005725 0.010000
0 0.120229 0.527000 0.007634 0.010000
0 0.551527 0.923000 0.011450 0.006000
0 0.778626 0.343000 0.026718 0.010000
0 0.623092 0.659000 0.005725 0.010000
0 0.891221 0.126000 0.003817 0.012000
0 0.029580 0.857000 0.017176 0.022000
0 0.184160 0.977000 0.005725 0.014000
0 0.784351 0.357000 0.003817 0.010000
0 0.202290 0.979000 0.019084 0.038000
0 0.398855 0.947000 0.015267 0.034000
0 0.434160 0.847000 0.055344 0.034000
0 0.758588 0.130000 0.013359 0.012000
0 0.127863 0.011000 0.003817 0.010000
0 0.943702 0.586000 0.005725 0.012000
0 0.268130 0.826000 0.005725 0.008000
0 0.107824 0.352000 0.051527 0.028000
0 0.870229 0.648000 0.019084 0.012000
0 0.025763 0.767000 0.032443 0.030000
0 0.963740 0.466000 0.015267 0.028000
0 0.666031 0.387000 0.038168 0.030000
0 0.066794 0.029000 0.011450 0.014000
0 0.708015 0.012000 0.011450 0.012000
0 0.133588 0.662 0.0267176 0.068
0 0.417939 0.461 0.019084 0.054
0 0.541985 0.578 0.0267176 0.06
0 0.533397 0.59 0.0362595 0.068
0 0.455153 0.182 0.0133588 0.036
0 0.967557 0.408 0.019084 0.056
0 0.587786 0.514 0.019084 0.064
0 0.0553435 0.399 0.0152672 0.046
0 0.293893 0.208 0.019084 0.044
0 0.544847 0.546 0.0209924 0.056
0 0.568702 0.527 0.0267176 0.074
0 0.438931 0.458 0.019084 0.052
0 0.0925573 0.389 0.0171756 0.046
0 0.462786 0.463 0.0209924 0.062
0 0.0658397 0.391 0.0209924 0.046
