0 0.200337 0.202572 0.010101 0.012862
0 0.473064 0.872990 0.050505 0.041801
0 0.361953 0.601286 0.023569 0.025723
0 0.304714 0.612540 0.010101 0.016077
0 0.904040 0.686495 0.063973 0.028939
0 0.814815 0.099678 0.033670 0.038585
0 0.030303 0.117363 0.013468 0.022508
0 0.072391 0.395498 0.030303 0.077170
0 0.368687 0.860129 0.090909 0.048232
0 0.183502 0.488746 0.037037 0.032154
0 0.163300 0.122186 0.010101 0.025723
0 0.776094 0.228296 0.010101 0.019293
0 0.112795 0.860129 0.070707 0.061093
0 0.521886 0.120579 0.040404 0.028939
0 0.471380 0.106109 0.026936 0.006431
0 0.606061 0.196141 0.040404 0.038585
0 0.170034 0.557878 0.111111 0.048232
0 0.658249 0.644695 0.010101 0.016077
0 0.824916 0.810289 0.040404 0.019293
0 0.742424 0.860129 0.023569 0.022508
0 0.069024 0.279743 0.077441 0.057878
0 0.166667 0.339228 0.090909 0.061093
0 0.474747 0.419614 0.020202 0.0610932
0 0.521886 0.416399 0.026936 0.073955
0 0.584175 0.445338 0.023569 0.0675241
0 0.459596 0.403537 0.030303 0.0675241
0 0.626263 0.686495 0.03367 0.0675241
0 0.274411 0.483923 0.030303 0.0610932
0 0.498316 0.40836 0.026936 0.0643087
0 0.388889 0.215434 0.023569 0.0707396
0 0.116162 0.5209 0.030303 0.0514469
