0 0.440845 0.025000 0.008451 0.020588
0 0.054930 0.589706 0.076056 0.055882
0 0.433803 0.682353 0.011268 0.017647
0 0.409859 0.348529 0.064789 0.061765
0 0.740845 0.908824 0.061972 0.070588
0 0.939437 0.961765 0.030986 0.041176
0 0.783099 0.611765 0.016901 0.017647
0 0.416901 0.198529 0.011268 0.014706
0 0.588732 0.485294 0.061972 0.052941
0 0.884507 0.919118 0.073239 0.055882
0 0.978873 0.733824 0.036620 0.108824
0 0.630986 0.098529 0.011268 0.014706
0 0.702817 0.607353 0.008451 0.020588
0 0.669014 0.761765 0.025352 0.017647
0 0.352113 0.301471 0.039437 0.067647
0 0.264789 0.451471 0.067606 0.044118
0 0.881690 0.339706 0.005634 0.026471
0 0.123944 0.929412 0.061972 0.041176
0 0.260563 0.494118 0.019718 0.035294
0 0.897183 0.105882 0.036620 0.029412
0 0.466197 0.144118 0.014085 0.023529
0 0.876056 0.760294 0.011268 0.014706
0 0.522535 0.205882 0.047887 0.058824
0 0.929577 0.860294 0.095775 0.044118
0 0.261972 0.573529 0.011268 0.029412
0 0.064789 0.172059 0.011268 0.020588
0 0.357746 0.745588 0.011268 0.014706
0 0.414085 0.252941 0.073239 0.058824
0 0.353521 0.447059 0.025352 0.052941
0 0.211268 0.211765 0.045070 0.041176
0 0.576056 0.054412 0.019718 0.044118
0 0.088732 0.964706 0.030986 0.017647
0 0.507042 0.867647 0.078873 0.052941
0 0.550704 0.044118 0.025352 0.023529
0 0.228169 0.107353 0.039437 0.050000
0 0.330986 0.366176 0.008451 0.020588
0 0.125352 0.567647 0.059155 0.070588
0 0.528169 0.091176 0.053521 0.058824
0 0.785915 0.789706 0.0394366 0.0735294
0 0.852113 0.830882 0.0535211 0.167647
