0 0.785141 0.386420 0.008032 0.012346
0 0.535141 0.153086 0.026104 0.049383
0 0.154618 0.054321 0.040161 0.064198
0 0.595382 0.817284 0.010040 0.009877
0 0.264056 0.856790 0.022088 0.009877
0 0.449799 0.641975 0.024096 0.024691
0 0.167671 0.879012 0.034137 0.039506
0 0.888554 0.754321 0.022088 0.017284
0 0.283133 0.450617 0.028112 0.046914
0 0.771084 0.245679 0.036145 0.046914
0 0.157631 0.692593 0.022088 0.022222
0 0.391566 0.793827 0.056225 0.046914
0 0.770080 0.920988 0.054217 0.049383
0 0.635542 0.781481 0.018072 0.022222
0 0.853414 0.633333 0.072289 0.037037
0 0.118474 0.038272 0.028112 0.066667
0 0.804217 0.383951 0.022088 0.076543
0 0.944779 0.422222 0.050201 0.044444
0 0.154618 0.546914 0.008032 0.012346
0 0.892570 0.493827 0.006024 0.014815
0 0.836345 0.795062 0.018072 0.009877
0 0.708835 0.755556 0.012048 0.029630
0 0.304217 0.756790 0.006024 0.027160
0 0.507028 0.743210 0.066265 0.039506
0 0.076305 0.039506 0.052209 0.049383
0 0.375502 0.398765 0.020080 0.027160
0 0.079317 0.400000 0.038153 0.029630
0 0.584337 0.871605 0.056225 0.044444
0 0.836345 0.729630 0.070281 0.037037
0 0.122490 0.823457 0.008032 0.017284
0 0.935743 0.339506 0.060241 0.041975
0 0.048193 0.870370 0.024096 0.017284
0 0.059237 0.840741 0.034137 0.037037
0 0.604418 0.214815 0.060241 0.039506
0 0.080321 0.454321 0.060241 0.044444
0 0.273092 0.333333 0.052209 0.049383
0 0.342369 0.930864 0.030120 0.034568
0 0.299197 0.055556 0.016064 0.037037
0 0.101406 0.272840 0.070281 0.037037
0 0.405622 0.608642 0.060241 0.041975
0 0.244980 0.554321 0.004016 0.022222
0 0.531124 0.371605 0.014056 0.037037
0 0.238956 0.534568 0.008032 0.012346
0 0.255020 0.059259 0.028112 0.044444
0 0.573293 0.546914 0.026104 0.022222
0 0.282129 0.928395 0.054217 0.044444
