0 0.166667 0.801562 0.008264 0.021875
0 0.826446 0.126562 0.055096 0.078125
0 0.502755 0.326562 0.008264 0.021875
0 0.623967 0.757812 0.024793 0.053125
0 0.417355 0.889062 0.019284 0.046875
0 0.019284 0.292187 0.011019 0.015625
0 0.814050 0.656250 0.008264 0.018750
0 0.709366 0.860938 0.068871 0.065625
0 0.754821 0.554688 0.071625 0.059375
0 0.509642 0.935937 0.055096 0.071875
0 0.679063 0.303125 0.101928 0.043750
0 0.472452 0.900000 0.013774 0.031250
0 0.659780 0.120313 0.041322 0.028125
0 0.139118 0.095312 0.019284 0.040625
0 0.195592 0.717187 0.110193 0.040625
0 0.632231 0.126562 0.008264 0.021875
0 0.293388 0.521875 0.052342 0.087500
0 0.020661 0.164062 0.041322 0.053125
0 0.655647 0.456250 0.033058 0.075000
0 0.253444 0.501563 0.022039 0.071875
0 0.888430 0.684375 0.024793 0.037500
0 0.209366 0.210938 0.022039 0.046875
0 0.939394 0.468750 0.011019 0.025000
0 0.698347 0.521875 0.030303 0.056250
0 0.848485 0.375000 0.011019 0.018750
0 0.170799 0.231250 0.044077 0.062500
0 0.555096 0.078125 0.008264 0.025000
0 0.488981 0.325000 0.008264 0.025000
0 0.841598 0.653125 0.063361 0.018750
0 0.468320 0.651563 0.071625 0.059375
0 0.201102 0.318750 0.022039 0.018750
0 0.928375 0.428125 0.088154 0.050000
0 0.086777 0.731250 0.008264 0.018750
0 0.345730 0.310937 0.096419 0.046875
0 0.915978 0.929688 0.057851 0.078125
0 0.590909 0.457813 0.057851 0.078125
0 0.096419 0.604688 0.011019 0.015625
0 0.552342 0.840625 0.013774 0.018750
0 0.758953 0.634375 0.008264 0.018750
0 0.031680 0.125000 0.008264 0.018750
0 0.516529 0.856250 0.052342 0.081250
0 0.557851 0.293750 0.019284 0.031250
0 0.557851 0.359375 0.068871 0.068750
0 0.787879 0.825000 0.016529 0.025000
0 0.962810 0.203125 0.024793 0.050000
