0 0.728690 0.573651 0.035343 0.060166
0 0.925156 0.429461 0.054054 0.037344
0 0.826403 0.035270 0.031185 0.020747
0 0.015593 0.645228 0.014553 0.012448
0 0.681913 0.445021 0.033264 0.022822
0 0.265073 0.100622 0.035343 0.022822
0 0.800416 0.371369 0.054054 0.041494
0 0.616424 0.218880 0.022869 0.035270
0 0.864865 0.125519 0.037422 0.031120
0 0.972973 0.816390 0.016632 0.014523
0 0.191268 0.978216 0.008316 0.014523
0 0.013514 0.345436 0.006237 0.014523
0 0.532225 0.739627 0.012474 0.031120
0 0.144491 0.615145 0.060291 0.035270
0 0.377339 0.790456 0.039501 0.041494
0 0.423077 0.845436 0.010395 0.010373
0 0.415800 0.940871 0.004158 0.018672
0 0.608108 0.733402 0.043659 0.035270
0 0.550936 0.378631 0.037422 0.060166
0 0.369023 0.868257 0.018711 0.026971
0 0.395010 0.260373 0.008316 0.014523
0 0.564449 0.556017 0.056133 0.037344
0 0.792100 0.262448 0.058212 0.039419
0 0.295218 0.907676 0.066528 0.035270
0 0.862786 0.795643 0.054054 0.043568
0 0.892931 0.251037 0.006237 0.012448
0 0.114345 0.356846 0.054054 0.041494
0 0.861746 0.672199 0.006237 0.012448
0 0.168399 0.048755 0.008316 0.010373
0 0.813929 0.844398 0.010395 0.008299
0 0.741164 0.413900 0.027027 0.014523
0 0.670478 0.924274 0.027027 0.035270
0 0.983368 0.659751 0.004158 0.020747
0 0.208940 0.747925 0.022869 0.026971
0 0.361746 0.642116 0.016632 0.0228216
0 0.596674 0.401452 0.02079 0.026971
0 0.330561 0.894191 0.02079 0.0290456
0 0.329522 0.573651 0.014553 0.0186722
0 0.536383 0.238589 0.012474 0.0207469
0 0.43763 0.136929 0.014553 0.0290456
0 0.433472 0.291494 0.014553 0.0186722
0 0.231809 0.813278 0.018711 0.0290456
0 0.429314 0.545643 0.014553 0.0248963
0 0.397089 0.188797 0.012474 0.0248963
0 0.664241 0.488589 0.010395 0.026971
0 0.413721 0.134855 0.012474 0.0248963
0 0.389813 0.733402 0.018711 0.026971
0 0.408524 0.271784 0.014553 0.0207469
0 0.398129 0.303942 0.014553 0.026971
0 0.412682 0.186722 0.010395 0.0248963
0 0.439709 0.191909 0.014553 0.026971
0 0.304574 0.608921 0.014553 0.0228216
0 0.423077 0.170124 0.010395 0.0248963
0 0.438669 0.274896 0.012474 0.0228216
0 0.571726 0.158714 0.012474 0.0228216
0 0.566528 0.172199 0.010395 0.0207469
0 0.561331 0.284232 0.012474 0.0248963
0 0.435551 0.251037 0.014553 0.0248963
0 0.570686 0.290456 0.014553 0.0248963
0 0.495842 0.197095 0.014553 0.0290456
0 0.62474 0.161826 0.014553 0.0248963
