0 0.216049 0.542056 0.006173 0.024922
0 0.953704 0.609034 0.012346 0.015576
0 0.265432 0.780374 0.037037 0.059190
0 0.748457 0.367601 0.027778 0.012461
0 0.290123 0.478193 0.006173 0.015576
0 0.921296 0.915888 0.064815 0.074766
0 0.541667 0.171340 0.064815 0.037383
0 0.733025 0.562305 0.033951 0.077882
0 0.629630 0.593458 0.049383 0.034268
0 0.245370 0.471963 0.070988 0.034268
0 0.808642 0.395639 0.030864 0.056075
0 0.313272 0.961059 0.009259 0.015576
0 0.882716 0.378505 0.018519 0.034268
0 0.194444 0.479751 0.024691 0.062305
0 0.345679 0.257009 0.006173 0.021807
0 0.419753 0.870717 0.012346 0.009346
0 0.337963 0.186916 0.046296 0.112150
0 0.762346 0.982866 0.018519 0.015576
0 0.563272 0.827103 0.009259 0.009346
0 0.831790 0.922118 0.021605 0.024922
0 0.009259 0.903427 0.012346 0.024922
0 0.566358 0.816199 0.015432 0.006231
0 0.731481 0.057632 0.006173 0.015576
0 0.905864 0.283489 0.033951 0.043614
0 0.668210 0.481308 0.015432 0.015576
0 0.541667 0.448598 0.040123 0.018692
0 0.055556 0.467290 0.074074 0.043614
0 0.555556 0.688474 0.018519 0.037383
