0 0.830623 0.708219 0.040650 0.090411
0 0.386179 0.805479 0.018970 0.016438
0 0.848238 0.623288 0.016260 0.030137
0 0.643631 0.979452 0.008130 0.019178
0 0.697832 0.543836 0.056911 0.068493
0 0.657182 0.571233 0.018970 0.019178
0 0.647696 0.950685 0.016260 0.032877
0 0.399729 0.187671 0.013550 0.024658
0 0.771003 0.802740 0.008130 0.021918
0 0.371274 0.609589 0.070461 0.052055
0 0.788618 0.463014 0.070461 0.049315
0 0.376694 0.086301 0.016260 0.035616
0 0.422764 0.704110 0.043360 0.087671
0 0.046070 0.847945 0.086721 0.046575
0 0.200542 0.720548 0.081301 0.049315
0 0.051491 0.087671 0.075881 0.049315
0 0.840108 0.139726 0.070461 0.054795
0 0.536585 0.801370 0.086721 0.046575
0 0.079946 0.523288 0.056911 0.071233
0 0.505420 0.767123 0.008130 0.016438
0 0.752033 0.735616 0.094851 0.035616
0 0.483740 0.852055 0.035230 0.016438
0 0.604336 0.675342 0.010840 0.024658
0 0.143631 0.671233 0.081301 0.043836
0 0.172087 0.031507 0.008130 0.019178
0 0.224932 0.608219 0.059621 0.038356
0 0.771003 0.780822 0.008130 0.016438
0 0.817073 0.606849 0.018970 0.030137
0 0.406504 0.841096 0.102981 0.038356
0 0.386179 0.369863 0.078591 0.016438
0 0.298103 0.371233 0.086721 0.046575
0 0.659892 0.483562 0.084011 0.046575
0 0.299458 0.236986 0.018970 0.035616
0 0.234417 0.953425 0.008130 0.016438
0 0.528455 0.775342 0.027100 0.065753
0 0.065041 0.358904 0.010840 0.016438
0 0.359079 0.167123 0.013550 0.010959
