0 0.186636 0.268692 0.059908 0.037383
0 0.084101 0.051402 0.002304 0.009346
0 0.180876 0.088785 0.011521 0.009346
0 0.290323 0.946262 0.013825 0.042056
0 0.791475 0.889019 0.020737 0.021028
0 0.854839 0.865654 0.018433 0.021028
0 0.353687 0.228972 0.011521 0.009346
0 0.357143 0.265187 0.013825 0.025701
0 0.009217 0.528037 0.009217 0.018692
0 0.092166 0.452103 0.069124 0.039720
0 0.567972 0.970794 0.025346 0.053738
0 0.140553 0.837617 0.004608 0.011682
0 0.472350 0.629673 0.050691 0.053738
0 0.129032 0.568925 0.023041 0.035047
0 0.256912 0.254673 0.029954 0.037383
0 0.135945 0.873832 0.009217 0.023364
0 0.510369 0.730140 0.057604 0.044393
0 0.292627 0.893692 0.004608 0.011682
0 0.027650 0.630841 0.004608 0.009346
0 0.464286 0.956776 0.016129 0.025701
0 0.290323 0.620327 0.013825 0.030374
0 0.231567 0.433411 0.052995 0.049065
0 0.925115 0.123832 0.076037 0.028037
0 0.630184 0.514019 0.034562 0.032710
0 0.146313 0.938084 0.025346 0.039720
0 0.919355 0.907710 0.004608 0.016355
0 0.312212 0.468458 0.006912 0.007009
0 0.976959 0.578271 0.009217 0.021028
