0 0.222222 0.410989 0.008889 0.013187
0 0.061111 0.183516 0.020000 0.010989
0 0.652222 0.307692 0.011111 0.008791
0 0.363333 0.017582 0.015556 0.017582
0 0.082222 0.021978 0.062222 0.039560
0 0.836667 0.340659 0.064444 0.039560
0 0.336667 0.603297 0.046667 0.015385
0 0.703333 0.757143 0.046667 0.041758
0 0.336667 0.210989 0.006667 0.017582
0 0.823333 0.281319 0.011111 0.008791
0 0.903333 0.341758 0.020000 0.015385
0 0.676667 0.815385 0.006667 0.017582
0 0.650000 0.671429 0.006667 0.015385
0 0.234444 0.460440 0.037778 0.063736
0 0.670000 0.896703 0.006667 0.017582
0 0.236667 0.185714 0.015556 0.010989
0 0.386667 0.781319 0.062222 0.041758
0 0.368889 0.419780 0.053333 0.039560
0 0.895556 0.934066 0.066667 0.039560
0 0.508889 0.627473 0.008889 0.010989
0 0.882222 0.690110 0.080000 0.030769
0 0.626667 0.072527 0.035556 0.030769
0 0.985556 0.325275 0.011111 0.008791
0 0.817778 0.589011 0.040000 0.048352
0 0.203333 0.154945 0.055556 0.046154
0 0.504444 0.743956 0.080000 0.032967
0 0.811111 0.416484 0.004444 0.019780
0 0.344444 0.374725 0.044444 0.059341
0 0.436667 0.548352 0.006667 0.019780
0 0.105556 0.563736 0.037778 0.059341
0 0.200000 0.400000 0.031111 0.030769
0 0.445556 0.323077 0.006667 0.013187
0 0.464444 0.064835 0.031111 0.037363
0 0.440000 0.021978 0.062222 0.039560
0 0.914444 0.0274725 0.0155556 0.0461538
0 0.901111 0.0340659 0.0155556 0.0417582
0 0.971111 0.303297 0.0266667 0.0527473
