0 0.037688 0.555556 0.025126 0.040404
0 0.403266 0.084175 0.007538 0.026936
0 0.502513 0.109428 0.010050 0.057239
0 0.484925 0.703704 0.005025 0.006734
0 0.097990 0.934343 0.050251 0.050505
0 0.278894 0.769360 0.025126 0.043771
0 0.419598 0.387205 0.005025 0.006734
0 0.244975 0.308081 0.052764 0.077441
0 0.466080 0.826599 0.067839 0.050505
0 0.669598 0.735690 0.002513 0.003367
0 0.772613 0.239057 0.007538 0.013468
0 0.878141 0.688552 0.022613 0.050505
0 0.780151 0.178451 0.082915 0.033670
0 0.506281 0.530303 0.007538 0.023569
0 0.512563 0.799663 0.020101 0.043771
0 0.832915 0.681818 0.012563 0.016835
0 0.609296 0.966330 0.007538 0.020202
0 0.854271 0.776094 0.070352 0.057239
0 0.596734 0.397306 0.087940 0.047138
0 0.474874 0.437710 0.020101 0.026936
0 0.355528 0.957912 0.057789 0.070707
0 0.631910 0.969697 0.007538 0.006734
0 0.809045 0.143098 0.015075 0.016835
0 0.194724 0.415825 0.057789 0.050505
0 0.744975 0.134680 0.027638 0.047138
0 0.346734 0.638047 0.020101 0.037037
0 0.667085 0.033670 0.047739 0.040404
0 0.365578 0.053872 0.067839 0.026936
0 0.801508 0.328283 0.010050 0.016835
0 0.834171 0.558923 0.0301508 0.107744
0 0.835427 0.363636 0.0326633 0.0942761
0 0.896985 0.951178 0.0351759 0.0976431
0 0.929648 0.419192 0.0351759 0.138047
