0 0.630872 0.899775 0.049217 0.024775
0 0.022371 0.753378 0.013423 0.015766
0 0.639821 0.438063 0.067114 0.038288
0 0.818792 0.939189 0.017897 0.054054
0 0.709172 0.153153 0.049217 0.054054
0 0.797539 0.376126 0.033557 0.076577
0 0.281879 0.047297 0.008949 0.018018
0 0.569351 0.931306 0.011186 0.020270
0 0.680089 0.805180 0.044743 0.038288
0 0.168904 0.756757 0.064877 0.040541
0 0.960850 0.886261 0.024609 0.024775
0 0.980984 0.693694 0.038031 0.045045
0 0.202461 0.465090 0.055928 0.047297
0 0.788591 0.131757 0.033557 0.024775
0 0.135347 0.009009 0.006711 0.018018
0 0.112975 0.617117 0.051454 0.049550
0 0.040268 0.816441 0.013423 0.011261
0 0.840045 0.886261 0.055928 0.047297
0 0.978747 0.858108 0.006711 0.018018
0 0.238255 0.290541 0.029083 0.036036
0 0.494407 0.203829 0.017897 0.015766
0 0.187919 0.362613 0.013423 0.031532
0 0.089485 0.942568 0.067114 0.038288
0 0.673378 0.676802 0.008949 0.015766
0 0.284116 0.838964 0.040268 0.060811
0 0.910515 0.581081 0.085011 0.031532
0 0.675615 0.108108 0.017897 0.031532
0 0.456376 0.960586 0.004474 0.020270
0 0.222595 0.902027 0.020134 0.029279
0 0.786353 0.260135 0.015660 0.033784
0 0.373602 0.762387 0.013423 0.029279
0 0.532438 0.493243 0.049217 0.054054
0 0.918345 0.648649 0.015660 0.031532
0 0.310962 0.706081 0.040268 0.011261
0 0.256152 0.833333 0.006711 0.018018
0 0.455257 0.483108 0.015660 0.033784
0 0.732662 0.492117 0.073826 0.033784
0 0.677852 0.778153 0.026846 0.011261
0 0.089485 0.238739 0.062640 0.040541
0 0.073826 0.663288 0.008949 0.011261
0 0.163311 0.855856 0.026846 0.058559
0 0.573825 0.573198 0.01566 0.0427928
0 0.938479 0.795045 0.033557 0.0585586
0 0.958613 0.665541 0.0201342 0.0427928
0 0.917226 0.563063 0.0268456 0.0630631
0 0.45302 0.542793 0.0290828 0.0675676
