0 0.300546 0.123418 0.014572 0.023207
0 0.905282 0.297468 0.003643 0.012658
0 0.021858 0.895570 0.040073 0.035865
0 0.417122 0.551688 0.014572 0.014768
0 0.183060 0.794304 0.020036 0.031646
0 0.153005 0.666667 0.032787 0.021097
0 0.597450 0.237342 0.014572 0.010549
0 0.267760 0.964135 0.003643 0.012658
0 0.459927 0.289030 0.005464 0.004219
0 0.339709 0.759494 0.023679 0.029536
0 0.553734 0.194093 0.036430 0.050633
0 0.275956 0.763713 0.005464 0.012658
0 0.600182 0.492616 0.012750 0.035865
0 0.348816 0.822785 0.023679 0.046414
0 0.063752 0.470464 0.018215 0.012658
0 0.563752 0.739451 0.009107 0.014768
0 0.214026 0.391350 0.001821 0.002110
0 0.936248 0.932489 0.010929 0.012658
