0 0.062143 0.838571 0.004286 0.008571
0 0.405714 0.765714 0.014286 0.014286
0 0.209286 0.882143 0.035714 0.030000
0 0.506429 0.974286 0.024286 0.045714
0 0.629286 0.446429 0.015714 0.015714
0 0.721429 0.544286 0.020000 0.017143
0 0.573571 0.467143 0.004286 0.008571
0 0.033571 0.789286 0.038571 0.027143
0 0.847857 0.817143 0.030000 0.037143
0 0.661429 0.477857 0.031429 0.035714
0 0.981429 0.167857 0.031429 0.035714
0 0.343571 0.795000 0.021429 0.050000
0 0.974286 0.431429 0.008571 0.020000
0 0.912143 0.137143 0.004286 0.011429
0 0.183571 0.884286 0.004286 0.011429
0 0.790000 0.327143 0.005714 0.008571
0 0.829286 0.986429 0.038571 0.027143
0 0.835000 0.491429 0.035714 0.031429
0 0.815000 0.189286 0.012857 0.018571
0 0.952143 0.375714 0.035714 0.017143
0 0.222857 0.607143 0.022857 0.011429
0 0.655714 0.620714 0.008571 0.024286
0 0.889286 0.540714 0.004286 0.012857
0 0.780000 0.289286 0.020000 0.041429
0 0.512143 0.633571 0.010000 0.010000
0 0.403571 0.829286 0.041429 0.007143
0 0.840714 0.011429 0.050000 0.020000
0 0.767857 0.718571 0.010000 0.020000
0 0.715714 0.423571 0.020000 0.010000
