0 0.249688 0.034208 0.013125 0.019681
0 0.749062 0.093252 0.015625 0.019681
0 0.731563 0.313027 0.013125 0.024367
0 0.623750 0.948922 0.006250 0.017807
0 0.955313 0.438613 0.006875 0.016870
0 0.944688 0.649016 0.001875 0.006560
0 0.571562 0.189316 0.014375 0.014995
0 0.744062 0.546392 0.001875 0.005623
0 0.385313 0.141518 0.005625 0.013121
0 0.881563 0.746017 0.006875 0.003749
0 0.078437 0.367385 0.001875 0.005623
0 0.517813 0.078725 0.016875 0.018744
0 0.633750 0.078257 0.011250 0.027179
0 0.985938 0.065136 0.001875 0.008435
0 0.270625 0.200562 0.010000 0.014995
0 0.144687 0.747891 0.011875 0.026242
0 0.692813 0.056232 0.009375 0.014995
0 0.474687 0.918463 0.001875 0.005623
0 0.210313 0.901125 0.018125 0.008435
0 0.960000 0.780694 0.013750 0.022493
0 0.303750 0.348172 0.018750 0.015933
0 0.929688 0.268510 0.013125 0.021556
0 0.861563 0.012184 0.011875 0.011246
0 0.437500 0.410965 0.003750 0.002812
0 0.079062 0.690722 0.003125 0.003749
0 0.685937 0.609653 0.023125 0.010309
0 0.135313 0.804124 0.003125 0.005623
0 0.505313 0.444705 0.001875 0.006560
0 0.884062 0.447048 0.015625 0.020619
0 0.631250 0.780225 0.002500 0.004686
0 0.109375 0.744611 0.008750 0.025305
0 0.975000 0.367854 0.013750 0.010309
0 0.925937 0.214152 0.013125 0.023430
0 0.642813 0.905342 0.010625 0.028116
0 0.924063 0.494845 0.004375 0.016870
0 0.602187 0.449391 0.020625 0.014058
0 0.861250 0.930647 0.017500 0.016870
0 0.598125 0.673383 0.005000 0.014058
0 0.912813 0.651359 0.003125 0.014995
0 0.258750 0.186973 0.012500 0.023430
0 0.197500 0.412840 0.002500 0.004686
0 0.908125 0.948454 0.012500 0.024367
0 0.522500 0.746485 0.011250 0.015933
0 0.152500 0.889410 0.006250 0.028116
0 0.589375 0.238051 0.02 0.0524836
0 0.52125 0.408622 0.01375 0.0431115
0 0.55875 0.52343 0.02 0.0477976
