0 0.646209 0.181185 0.057762 0.041812
0 0.525271 0.348432 0.075812 0.034843
0 0.492780 0.790941 0.075812 0.048780
0 0.602888 0.531359 0.007220 0.010453
0 0.341155 0.364111 0.025271 0.059233
0 0.563177 0.259582 0.014440 0.017422
0 0.460289 0.454704 0.003610 0.010453
0 0.505415 0.921603 0.021661 0.010453
0 0.756318 0.930314 0.039711 0.034843
0 0.350181 0.179443 0.101083 0.059233
0 0.987365 0.113240 0.025271 0.031359
0 0.166065 0.468641 0.036101 0.066202
0 0.496390 0.541812 0.003610 0.010453
0 0.070397 0.543554 0.010830 0.027875
0 0.142599 0.956446 0.010830 0.031359
0 0.398917 0.353659 0.018051 0.031359
0 0.602888 0.614983 0.079422 0.038328
0 0.777978 0.188153 0.054152 0.048780
0 0.774368 0.834495 0.003610 0.010453
0 0.370036 0.695122 0.054152 0.052265
0 0.832130 0.168990 0.003610 0.010453
0 0.853791 0.470383 0.061372 0.055749
0 0.059567 0.299652 0.010830 0.013937
0 0.615523 0.287456 0.010830 0.024390
0 0.776173 0.334495 0.007220 0.006969
0 0.191336 0.689895 0.036101 0.048780
0 0.106498 0.221254 0.061372 0.045296
0 0.709386 0.214286 0.046931 0.066202
0 0.815884 0.193380 0.021661 0.045296
0 0.575812 0.168990 0.025271 0.038328
0 0.036101 0.182927 0.050542 0.045296
0 0.182310 0.146341 0.039711 0.020906
0 0.532491 0.668990 0.046931 0.041812
