0 0.498145 0.390684 0.009276 0.009506
0 0.051020 0.296578 0.050093 0.034221
0 0.873840 0.091255 0.007421 0.019011
0 0.756030 0.747148 0.009276 0.011407
0 0.424861 0.508555 0.018553 0.013308
0 0.536178 0.942015 0.007421 0.020913
0 0.106679 0.134030 0.012987 0.032319
0 0.742115 0.272814 0.007421 0.009506
0 0.061224 0.525665 0.014842 0.005703
0 0.285714 0.852662 0.033395 0.020913
0 0.576994 0.223384 0.029685 0.028517
0 0.994434 0.980989 0.003711 0.007605
0 0.917440 0.768061 0.001855 0.007605
0 0.653989 0.905894 0.001855 0.005703
0 0.101113 0.666350 0.061224 0.028517
0 0.239332 0.596008 0.029685 0.036122
0 0.399814 0.149240 0.024119 0.032319
0 0.811688 0.113118 0.012987 0.024715
0 0.529685 0.289924 0.035250 0.020913
0 0.536178 0.192015 0.044527 0.038023
0 0.707792 0.328897 0.046382 0.038023
0 0.268089 0.799430 0.012987 0.020913
0 0.590909 0.459125 0.012987 0.009506
0 0.373840 0.611217 0.001855 0.005703
0 0.752319 0.234791 0.005566 0.005703
0 0.921150 0.611217 0.072356 0.024715
0 0.651206 0.269962 0.029685 0.019011
0 0.520408 0.112167 0.012987 0.026616
0 0.675325 0.14924 0.0111317 0.0247148
0 0.526902 0.807034 0.0148423 0.0247148
0 0.38961 0.604563 0.0111317 0.0228137
0 0.679963 0.406844 0.0204082 0.0304183
0 0.588126 0.213878 0.0111317 0.0209125
0 0.538033 0.290875 0.0111317 0.0228137
0 0.432282 0.527567 0.0148423 0.0323194
0 0.625232 0.259506 0.0111317 0.0247148
0 0.656772 0.304182 0.0111317 0.0228137
0 0.673469 0.493346 0.0148423 0.0209125
0 0.511132 0.287072 0.012987 0.0190114
0 0.719852 0.415399 0.0148423 0.0247148
0 0.500928 0.31749 0.0148423 0.026616
0 0.518553 0.161597 0.00927644 0.0228137
0 0.54731 0.0836502 0.0111317 0.0228137
0 0.525974 0.193916 0.00927644 0.0228137
0 0.538033 0.214829 0.0111317 0.026616
0 0.656772 0.18346 0.0111317 0.0247148
0 0.420223 0.596008 0.012987 0.0247148
0 0.441558 0.856464 0.0148423 0.0209125
0 0.703154 0.186312 0.0148423 0.026616
0 0.53525 0.26616 0.012987 0.0228137
