0 0.166667 0.840909 0.022831 0.027273
0 0.847032 0.456818 0.050228 0.040909
0 0.842466 0.045455 0.013699 0.027273
0 0.611872 0.086364 0.045662 0.090909
0 0.052511 0.579545 0.095890 0.113636
0 0.468037 0.220455 0.059361 0.095455
0 0.267123 0.836364 0.114155 0.100000
0 0.936073 0.109091 0.082192 0.063636
0 0.326484 0.295455 0.132420 0.027273
0 0.086758 0.034091 0.018265 0.022727
0 0.826484 0.497727 0.018265 0.022727
0 0.534247 0.061364 0.100457 0.113636
0 0.257991 0.947727 0.105023 0.095455
0 0.570776 0.538636 0.018265 0.022727
0 0.920091 0.352273 0.022831 0.050000
0 0.831050 0.861364 0.036530 0.013636
0 0.557078 0.952273 0.045662 0.040909
0 0.246575 0.229545 0.118721 0.086364
0 0.700913 0.063636 0.114155 0.063636
0 0.518265 0.913636 0.041096 0.027273
0 0.417808 0.045455 0.123288 0.081818
0 0.123288 0.263636 0.109589 0.100000
0 0.600457 0.259091 0.013699 0.027273
0 0.417808 0.131818 0.105023 0.063636
0 0.294521 0.527273 0.013699 0.036364
0 0.273973 0.056818 0.054795 0.040909
0 0.853881 0.979545 0.018265 0.022727
0 0.292237 0.165909 0.018265 0.022727
0 0.052511 0.154545 0.077626 0.109091
0 0.470320 0.820455 0.018265 0.022727
0 0.648402 0.681818 0.146119 0.054545
0 0.509132 0.418182 0.059361 0.127273
0 0.773973 0.975000 0.022831 0.022727
