0 0.720588 0.516176 0.052941 0.055882
0 0.375000 0.477941 0.091176 0.050000
0 0.719118 0.705882 0.055882 0.082353
0 0.425000 0.098529 0.055882 0.050000
0 0.073529 0.395588 0.094118 0.050000
0 0.836765 0.752941 0.008824 0.017647
0 0.038235 0.520588 0.017647 0.035294
0 0.872059 0.470588 0.008824 0.017647
0 0.377941 0.704412 0.020588 0.050000
0 0.214706 0.925000 0.041176 0.073529
0 0.411765 0.633824 0.011765 0.014706
0 0.360294 0.070588 0.061765 0.058824
0 0.813235 0.882353 0.032353 0.052941
0 0.180882 0.547059 0.008824 0.017647
0 0.251471 0.201471 0.014706 0.020588
0 0.939706 0.214706 0.014706 0.011765
0 0.610294 0.838235 0.008824 0.017647
0 0.577941 0.577941 0.038235 0.032353
0 0.922059 0.380882 0.044118 0.085294
0 0.442647 0.327941 0.055882 0.055882
0 0.901471 0.582353 0.091176 0.047059
0 0.594118 0.480882 0.094118 0.050000
0 0.619118 0.733824 0.055882 0.032353
0 0.682353 0.551471 0.017647 0.020588
0 0.660294 0.476471 0.014706 0.011765
0 0.513235 0.744118 0.014706 0.011765
0 0.763235 0.175000 0.044118 0.055882
