0 0.978701 0.077697 0.012780 0.031079
0 0.232162 0.124314 0.019169 0.040219
0 0.019169 0.641682 0.006390 0.025594
0 0.981896 0.288848 0.010650 0.043876
0 0.503727 0.602377 0.006390 0.016453
0 0.960596 0.068556 0.008520 0.034735
0 0.068158 0.340951 0.027689 0.038391
0 0.736954 0.906764 0.027689 0.036563
0 0.403621 0.477148 0.014909 0.036563
0 0.365815 0.050274 0.003195 0.012797
0 0.417998 0.861974 0.030884 0.031079
0 0.565495 0.904022 0.021299 0.012797
0 0.626731 0.089580 0.013845 0.029250
0 0.271565 0.851005 0.006390 0.023766
0 0.832268 0.978976 0.050053 0.020110
0 0.770501 0.439671 0.005325 0.009141
0 0.320554 0.492687 0.021299 0.045704
0 0.574015 0.031993 0.029819 0.034735
0 0.735357 0.671846 0.022364 0.042048
0 0.872204 0.100548 0.040469 0.025594
0 0.167732 0.720293 0.018104 0.047532
0 0.800319 0.395795 0.020234 0.020110
0 0.689031 0.891225 0.019169 0.038391
0 0.534079 0.102377 0.028754 0.036563
0 0.316826 0.797989 0.003195 0.012797
0 0.192226 0.493601 0.030884 0.032907
0 0.356763 0.223949 0.004260 0.023766
0 0.776890 0.408592 0.003195 0.012797
0 0.397764 0.917733 0.005325 0.007313
0 0.403088 0.829068 0.033014 0.031079
0 0.229499 0.514625 0.005325 0.016453
0 0.813632 0.808044 0.014909 0.025594
0 0.816826 0.528336 0.021299 0.047532
0 0.460596 0.360146 0.003195 0.010969
0 0.580937 0.745887 0.009585 0.025594
0 0.584665 0.704753 0.012780 0.049360
0 0.961661 0.517367 0.023429 0.018282
0 0.936635 0.535649 0.005325 0.007313
0 0.838658 0.538391 0.013845 0.023766
0 0.342386 0.457038 0.020234 0.047532
0 0.507455 0.411335 0.024494 0.040219
0 0.706070 0.110603 0.014909 0.038391
0 0.961129 0.276965 0.028754 0.140768
