0 0.371951 0.922414 0.012195 0.008621
0 0.582317 0.676724 0.042683 0.025862
0 0.225610 0.411638 0.006098 0.021552
0 0.702744 0.950431 0.027439 0.056034
0 0.283537 0.422414 0.024390 0.094828
0 0.277439 0.818966 0.006098 0.008621
0 0.246951 0.588362 0.012195 0.012931
0 0.266768 0.965517 0.003049 0.017241
0 0.702744 0.741379 0.015244 0.060345
0 0.370427 0.540948 0.009146 0.021552
0 0.471037 0.116379 0.003049 0.008621
0 0.532012 0.461207 0.021341 0.034483
0 0.248476 0.646552 0.033537 0.008621
0 0.182927 0.191810 0.042683 0.056034
0 0.797256 0.168103 0.027439 0.043103
0 0.274390 0.217672 0.012195 0.038793
0 0.326220 0.551724 0.024390 0.051724
0 0.769817 0.592672 0.003049 0.012931
0 0.725610 0.407328 0.054878 0.116379
0 0.333841 0.19181 0.0152439 0.0474138
0 0.629573 0.43319 0.0152439 0.0387931
0 0.614329 0.4375 0.0152439 0.0387931
0 0.853659 0.515086 0.0182927 0.0560345
0 0.469512 0.338362 0.0182927 0.0474138
0 0.605183 0.303879 0.0152439 0.0474138
