0 0.349885 0.810023 0.011547 0.016317
0 0.958430 0.536131 0.078522 0.037296
0 0.685912 0.796037 0.041570 0.062937
0 0.445727 0.284382 0.018476 0.051282
0 0.147806 0.125874 0.023095 0.013986
0 0.375289 0.174825 0.006928 0.013986
0 0.792148 0.290210 0.009238 0.016317
0 0.092379 0.849650 0.009238 0.011655
0 0.045035 0.916084 0.006928 0.013986
0 0.622402 0.460373 0.048499 0.020979
0 0.289838 0.501166 0.016166 0.023310
0 0.750577 0.424242 0.013857 0.009324
0 0.933025 0.484848 0.046189 0.060606
0 0.822171 0.537296 0.078522 0.034965
0 0.513857 0.628205 0.034642 0.044289
0 0.687067 0.537296 0.016166 0.016317
0 0.802540 0.493007 0.025404 0.048951
0 0.243649 0.884615 0.011547 0.011655
0 0.337182 0.967366 0.046189 0.060606
0 0.815242 0.263403 0.083141 0.032634
0 0.797921 0.067599 0.030023 0.027972
0 0.778291 0.532634 0.004619 0.020979
0 0.323326 0.162005 0.050808 0.058275
0 0.389145 0.709790 0.034642 0.076923
0 0.914550 0.775058 0.073903 0.039627
0 0.133949 0.275058 0.078522 0.037296
0 0.525404 0.840326 0.025404 0.020979
0 0.222864 0.296037 0.030023 0.097902
0 0.935335 0.269231 0.009238 0.020979
0 0.387991 0.111888 0.087760 0.032634
0 0.518476 0.328671 0.085450 0.032634
0 0.904157 0.737762 0.034642 0.025641
0 0.874134 0.455711 0.062356 0.044289
0 0.953811 0.695804 0.009238 0.011655
0 0.110855 0.017483 0.018476 0.025641
0 0.264434 0.107226 0.057737 0.041958
0 0.879908 0.392774 0.069284 0.039627
0 0.839492 0.102564 0.043880 0.037296
0 0.308314 0.441725 0.048499 0.058275
0 0.397229 0.919580 0.069284 0.039627
0 0.871824 0.959207 0.011547 0.016317
