0 0.759587 0.672619 0.061947 0.071429
0 0.761062 0.424107 0.005900 0.014881
0 0.427729 0.294643 0.053097 0.047619
0 0.025074 0.171131 0.008850 0.026786
0 0.712389 0.052083 0.038348 0.014881
0 0.839233 0.055060 0.008850 0.020833
0 0.769912 0.229167 0.047198 0.071429
0 0.938053 0.410714 0.005900 0.005952
0 0.382006 0.974702 0.020649 0.044643
0 0.492625 0.647321 0.076696 0.056548
0 0.039823 0.430060 0.073746 0.038690
0 0.554572 0.779762 0.029499 0.017857
0 0.370206 0.157738 0.085546 0.053571
0 0.541298 0.308036 0.026549 0.062500
0 0.575221 0.090774 0.017699 0.032738
0 0.365782 0.485119 0.023599 0.029762
0 0.261062 0.855655 0.038348 0.068452
0 0.414454 0.040179 0.026549 0.026786
0 0.227139 0.653274 0.005900 0.014881
0 0.278761 0.431548 0.032448 0.053571
0 0.250737 0.424107 0.017699 0.050595
0 0.109145 0.343750 0.011799 0.020833
0 0.414454 0.836310 0.002950 0.005952
0 0.166667 0.285714 0.056047 0.047619
0 0.675516 0.574405 0.106195 0.041667
0 0.805310 0.032738 0.053097 0.023810
0 0.674041 0.950893 0.056047 0.056548
0 0.085546 0.882440 0.023599 0.056548
0 0.305310 0.275298 0.032448 0.020833
0 0.045723 0.828869 0.073746 0.044643
0 0.99115 0.678571 0.0176991 0.0654762
0 0.148968 0.19494 0.0383481 0.0863095
