0 0.972010 0.529745 0.050891 0.022663
0 0.213740 0.130312 0.030534 0.039660
0 0.628499 0.851275 0.005089 0.008499
0 0.291349 0.550992 0.002545 0.008499
0 0.127226 0.624646 0.005089 0.008499
0 0.156489 0.883853 0.007634 0.011331
0 0.888041 0.338527 0.015267 0.014164
0 0.136132 0.385269 0.007634 0.022663
0 0.660305 0.354108 0.078880 0.045326
0 0.194656 0.364023 0.017812 0.025496
0 0.886768 0.542493 0.033079 0.025496
0 0.734097 0.198300 0.017812 0.028329
0 0.162850 0.388102 0.035623 0.033994
0 0.765903 0.783286 0.035623 0.065156
0 0.421120 0.495751 0.022901 0.022663
0 0.652672 0.556657 0.017812 0.014164
0 0.567430 0.786119 0.020356 0.031161
0 0.697201 0.804533 0.086514 0.039660
0 0.413486 0.967422 0.012723 0.014164
0 0.446565 0.475921 0.012723 0.005666
0 0.706107 0.092068 0.012723 0.031161
0 0.581425 0.834278 0.007634 0.014164
0 0.452926 0.702550 0.066158 0.056657
0 0.680662 0.164306 0.022901 0.028329
0 0.167939 0.483003 0.025445 0.070822
0 0.146310 0.007082 0.002545 0.008499
0 0.661578 0.872521 0.055980 0.056657
0 0.002545 0.198300 0.005089 0.022663
0 0.641221 0.184136 0.015267 0.028329
0 0.586514 0.143059 0.012723 0.036827
0 0.701018 0.956091 0.012723 0.008499
0 0.709924 0.745042 0.071247 0.050992
0 0.372774 0.029745 0.053435 0.048159
0 0.302799 0.294618 0.040712 0.039660
0 0.043257 0.308782 0.0203562 0.0566572
0 0.0852417 0.509915 0.0178117 0.0793201
0 0.438931 0.143059 0.0178117 0.0424929
0 0.665394 0.621813 0.0229008 0.0538244
0 0.117048 0.531161 0.0254453 0.0651558
0 0.117048 0.533994 0.0254453 0.0651558
0 0.860051 0.334278 0.0152672 0.0396601
0 0.418575 0.128895 0.0127226 0.0481586
0 0.37659 0.688385 0.0254453 0.0679887
0 0.215013 0.29745 0.0178117 0.0509915
0 0.673028 0.652974 0.0229008 0.0651558
0 0.0229008 0.33711 0.0152672 0.0566572
0 0.226463 0.220963 0.0152672 0.0453258
0 0.577608 0.491501 0.0203562 0.0538244
0 0.0292621 0.385269 0.0178117 0.0509915
0 0.00763359 0.388102 0.0152672 0.0566572
0 0.0547074 0.334278 0.0178117 0.0566572
0 0.141221 0.565156 0.0229008 0.0708215
0 0.655216 0.688385 0.0229008 0.0736544
0 0.624682 0.713881 0.0229008 0.0736544
0 0.424936 0.831445 0.0407125 0.0878187
