0 0.523529 0.558824 0.029412 0.035294
0 0.402941 0.348529 0.017647 0.014706
0 0.772059 0.901471 0.008824 0.020588
0 0.791176 0.263235 0.005882 0.014706
0 0.988235 0.048529 0.011765 0.020588
0 0.844118 0.033824 0.005882 0.014706
0 0.044118 0.373529 0.070588 0.041176
0 0.302941 0.438235 0.017647 0.017647
0 0.354412 0.311765 0.085294 0.052941
0 0.767647 0.295588 0.105882 0.044118
0 0.154412 0.363235 0.014706 0.032353
0 0.395588 0.051471 0.073529 0.044118
0 0.795588 0.567647 0.061765 0.035294
0 0.564706 0.797059 0.011765 0.023529
0 0.580882 0.082353 0.008824 0.011765
0 0.088235 0.802941 0.011765 0.023529
0 0.951471 0.875000 0.050000 0.020588
0 0.770588 0.964706 0.058824 0.041176
0 0.395588 0.783824 0.008824 0.020588
0 0.107353 0.200000 0.008824 0.011765
0 0.829412 0.473529 0.011765 0.023529
0 0.310294 0.180882 0.020588 0.014706
0 0.694118 0.589706 0.058824 0.032353
