0 0.231228 0.039773 0.002384 0.008117
0 0.684148 0.601461 0.035757 0.024351
0 0.153754 0.437500 0.002384 0.008117
0 0.563766 0.369318 0.016687 0.014610
0 0.235995 0.546266 0.002384 0.008117
0 0.405840 0.731331 0.036949 0.027597
0 0.959476 0.737825 0.002384 0.008117
0 0.407628 0.082792 0.021454 0.045455
0 0.788439 0.521104 0.005959 0.006494
0 0.442193 0.367695 0.030989 0.027597
0 0.712753 0.060877 0.004768 0.017857
0 0.738975 0.256494 0.007151 0.009740
0 0.768176 0.746753 0.003576 0.006494
0 0.800954 0.150974 0.033373 0.029221
0 0.901669 0.314123 0.008343 0.014610
0 0.821216 0.673701 0.026222 0.038961
0 0.338498 0.250000 0.028605 0.032468
0 0.276520 0.526786 0.014303 0.040584
0 0.144219 0.468344 0.002384 0.011364
0 0.694875 0.464286 0.007151 0.022727
0 0.853993 0.982955 0.003576 0.008117
0 0.385578 0.448052 0.005959 0.003247
0 0.300954 0.681006 0.008343 0.021104
0 0.221097 0.816558 0.005959 0.006494
