0 0.143969 0.672619 0.015564 0.019841
0 0.865759 0.087302 0.066148 0.095238
0 0.951362 0.501984 0.058366 0.130952
0 0.311284 0.325397 0.054475 0.142857
0 0.671206 0.841270 0.027237 0.063492
0 0.178988 0.073413 0.023346 0.051587
0 0.581712 0.228175 0.105058 0.043651
0 0.906615 0.801587 0.015564 0.031746
0 0.356031 0.442460 0.042802 0.035714
0 0.891051 0.257937 0.038911 0.103175
0 0.387160 0.855159 0.097276 0.083333
0 0.739300 0.805556 0.062257 0.031746
0 0.591440 0.799603 0.108949 0.075397
0 0.468872 0.515873 0.011673 0.031746
0 0.980545 0.946429 0.023346 0.043651
0 0.941634 0.164683 0.116732 0.067460
0 0.422179 0.777778 0.042802 0.063492
0 0.359922 0.728175 0.073930 0.083333
0 0.079767 0.093254 0.058366 0.075397
0 0.435798 0.162698 0.116732 0.071429
0 0.073930 0.928571 0.108949 0.047619
0 0.268482 0.257937 0.023346 0.031746
0 0.443580 0.658730 0.070039 0.071429
0 0.138132 0.543651 0.011673 0.023810
0 0.486381 0.829365 0.054475 0.150794
0 0.274319 0.625000 0.027237 0.035714
0 0.431907 0.111111 0.038911 0.023810
0 0.015564 0.880952 0.031128 0.039683
0 0.587549 0.585317 0.023346 0.019841
0 0.762646 0.632937 0.132296 0.059524
0 0.272374 0.964286 0.147860 0.055556
0 0.867704 0.823413 0.015564 0.027778
0 0.634241 0.916667 0.101167 0.079365
