0 0.392683 0.147202 0.009756 0.017032
0 0.532927 0.441606 0.007317 0.017032
0 0.593902 0.774939 0.041463 0.065693
0 0.354878 0.281022 0.007317 0.017032
0 0.564634 0.520681 0.012195 0.019465
0 0.726829 0.656934 0.068293 0.043796
0 0.593902 0.641119 0.007317 0.017032
0 0.812195 0.690998 0.068293 0.029197
0 0.091463 0.368613 0.017073 0.007299
0 0.848780 0.638686 0.048780 0.065693
0 0.568293 0.675182 0.073171 0.041363
0 0.575610 0.565693 0.058537 0.036496
0 0.474390 0.712895 0.041463 0.072993
0 0.469512 0.956204 0.007317 0.014599
0 0.730488 0.708029 0.026829 0.048662
0 0.537805 0.500000 0.036585 0.070560
0 0.860976 0.830900 0.014634 0.026764
0 0.510976 0.633820 0.080488 0.036496
0 0.771951 0.683698 0.007317 0.019465
0 0.825610 0.940389 0.036585 0.036496
0 0.171951 0.621655 0.036585 0.026764
0 0.417073 0.604623 0.024390 0.017032
0 0.313415 0.051095 0.041463 0.038929
0 0.663415 0.642336 0.053659 0.058394
0 0.570732 0.875912 0.063415 0.048662
0 0.653659 0.580292 0.053659 0.055961
0 0.853659 0.950122 0.009756 0.012165
0 0.613415 0.042579 0.007317 0.017032
0 0.907317 0.463504 0.039024 0.080292
0 0.828049 0.824818 0.026829 0.019465
0 0.702439 0.350365 0.063415 0.038929
