0 0.413208 0.282075 0.015094 0.035849
0 0.403774 0.766038 0.045283 0.041509
0 0.230189 0.921698 0.052830 0.035849
0 0.633962 0.819811 0.060377 0.032075
0 0.890566 0.772642 0.041509 0.043396
0 0.607547 0.249057 0.049057 0.037736
0 0.792453 0.233962 0.011321 0.026415
0 0.850000 0.306604 0.054717 0.020755
0 0.518868 0.688679 0.007547 0.018868
0 0.604717 0.975472 0.062264 0.030189
0 0.448113 0.551887 0.009434 0.016981
0 0.462264 0.161321 0.056604 0.032075
0 0.733019 0.518868 0.028302 0.060377
0 0.697170 0.888679 0.032075 0.022642
0 0.064151 0.893396 0.015094 0.028302
0 0.700000 0.085849 0.007547 0.013208
0 0.777358 0.202830 0.011321 0.005660
0 0.735849 0.206604 0.007547 0.009434
0 0.404717 0.491509 0.035849 0.028302
0 0.103774 0.854717 0.060377 0.030189
0 0.759434 0.817925 0.005660 0.013208
0 0.224528 0.671698 0.007547 0.015094
0 0.759434 0.128302 0.005660 0.011321
0 0.828302 0.480189 0.049057 0.035849
0 0.872642 0.391509 0.062264 0.020755
0 0.354717 0.210377 0.007547 0.009434
0 0.820755 0.280189 0.067925 0.028302
0 0.500000 0.056604 0.018868 0.037736
0 0.483962 0.463208 0.054717 0.032075
0 0.401887 0.160377 0.026415 0.026415
0 0.682075 0.638679 0.035849 0.035849
0 0.612264 0.045283 0.069811 0.026415
0 0.246226 0.450000 0.016981 0.013208
0 0.180189 0.102830 0.024528 0.016981
0 0.413208 0.246226 0.018868 0.028302
0 0.358491 0.125472 0.049057 0.035849
0 0.734906 0.906604 0.009434 0.024528
0 0.453774 0.907547 0.039623 0.033962
0 0.817924 0.656604 0.0320755 0.101887
0 0.0924528 0.734906 0.00754717 0.0207547
0 0.724528 0.665094 0.0377358 0.111321
0 0.684906 0.914151 0.00754717 0.0169811
0 0.693396 0.912264 0.00566038 0.0132075
0 0.769811 0.674528 0.0377358 0.0962264
