0 0.404506 0.723270 0.049356 0.046122
0 0.972103 0.236897 0.008584 0.041929
0 0.048283 0.503145 0.006438 0.016771
0 0.830472 0.471698 0.030043 0.029350
0 0.240343 0.401468 0.060086 0.027254
0 0.546137 0.071279 0.023605 0.025157
0 0.961373 0.519916 0.042918 0.029350
0 0.605150 0.380503 0.055794 0.039832
0 0.447425 0.037736 0.057940 0.041929
0 0.768240 0.465409 0.034335 0.016771
0 0.839056 0.082809 0.021459 0.048218
0 0.725322 0.946541 0.064378 0.035639
0 0.195279 0.867925 0.064378 0.037736
0 0.760730 0.876310 0.006438 0.016771
0 0.077253 0.124738 0.021459 0.018868
0 0.281116 0.079665 0.042918 0.054507
0 0.895923 0.670860 0.070815 0.033543
0 0.635193 0.894130 0.012876 0.023061
0 0.968884 0.598532 0.036481 0.044025
0 0.293991 0.635220 0.012876 0.008386
0 0.177039 0.341719 0.006438 0.012579
0 0.915236 0.343816 0.006438 0.012579
0 0.606223 0.052411 0.006438 0.020964
0 0.114807 0.895178 0.057940 0.041929
0 0.078326 0.050314 0.070815 0.033543
0 0.675966 0.051363 0.008584 0.010482
0 0.347639 0.684486 0.051502 0.044025
0 0.682403 0.352201 0.047210 0.037736
0 0.638412 0.287212 0.006438 0.016771
0 0.292918 0.933962 0.040773 0.039832
0 0.554721 0.765199 0.006438 0.012579
0 0.134120 0.955975 0.006438 0.012579
0 0.189914 0.039832 0.057940 0.037736
0 0.592275 0.908805 0.068670 0.035639
0 0.652361 0.472746 0.008584 0.010482
0 0.531116 0.784067 0.006438 0.012579
0 0.770386 0.927673 0.008584 0.010482
0 0.409871 0.367925 0.008584 0.010482
0 0.590129 0.460168 0.064378 0.035639
0 0.710300 0.420335 0.047210 0.035639
0 0.459227 0.929769 0.021459 0.039832
0 0.020386 0.023061 0.040773 0.046122
0 0.368026 0.523061 0.006438 0.014675
0 0.445279 0.377358 0.057940 0.025157
