0 0.610951 0.432320 0.011527 0.024862
0 0.864553 0.404696 0.051873 0.080110
0 0.325648 0.472376 0.023055 0.038674
0 0.099424 0.618785 0.054755 0.077348
0 0.034582 0.063536 0.034582 0.022099
0 0.103746 0.064917 0.023055 0.041436
0 0.943804 0.198895 0.054755 0.071823
0 0.244957 0.477901 0.046110 0.038674
0 0.285303 0.596685 0.103746 0.027624
0 0.403458 0.683702 0.028818 0.019337
0 0.364553 0.237569 0.031700 0.027624
0 0.501441 0.279006 0.063401 0.066298
0 0.459654 0.834254 0.008646 0.016575
0 0.345821 0.911602 0.034582 0.055249
0 0.142651 0.302486 0.008646 0.019337
0 0.752161 0.955801 0.028818 0.022099
0 0.842939 0.175414 0.100865 0.041436
0 0.932277 0.585635 0.020173 0.022099
0 0.903458 0.548343 0.037464 0.041436
0 0.618156 0.542818 0.060519 0.046961
0 0.801153 0.773481 0.034582 0.049724
0 0.572046 0.104972 0.089337 0.044199
0 0.027378 0.600829 0.043228 0.041436
0 0.961095 0.958564 0.014409 0.016575
0 0.636888 0.393646 0.086455 0.046961
0 0.600865 0.850829 0.008646 0.016575
0 0.570605 0.357735 0.040346 0.063536
0 0.886167 0.698895 0.054755 0.077348
0 0.504323 0.374309 0.034582 0.030387
0 0.364553 0.668508 0.014409 0.022099
0 0.027378 0.538674 0.054755 0.077348
0 0.368876 0.162983 0.097983 0.044199
0 0.734870 0.806630 0.017291 0.027624
0 0.798271 0.877072 0.023055 0.013812
0 0.246398 0.772099 0.0432277 0.0690608
0 0.28098 0.774862 0.0317003 0.0745856
