0 0.188742 0.658703 0.112583 0.047782
0 0.935430 0.692833 0.023179 0.040956
0 0.346026 0.515358 0.023179 0.047782
0 0.738411 0.733788 0.006623 0.020478
0 0.269868 0.537543 0.069536 0.078498
0 0.057947 0.679181 0.016556 0.034130
0 0.137417 0.249147 0.003311 0.013652
0 0.658940 0.146758 0.013245 0.013652
0 0.521523 0.609215 0.009934 0.010239
0 0.314570 0.841297 0.019868 0.017065
0 0.609272 0.778157 0.019868 0.034130
0 0.913907 0.281570 0.066225 0.023891
0 0.943709 0.139932 0.013245 0.047782
0 0.264901 0.708191 0.046358 0.017065
0 0.167219 0.288396 0.029801 0.044369
0 0.430464 0.320819 0.046358 0.040956
0 0.721854 0.424915 0.099338 0.058020
0 0.233444 0.435154 0.115894 0.037543
0 0.740066 0.496587 0.003311 0.010239
0 0.211921 0.223549 0.026490 0.017065
0 0.344371 0.341297 0.026490 0.034130
0 0.125828 0.088737 0.059603 0.034130
0 0.331126 0.281570 0.026490 0.078498
0 0.584437 0.709898 0.029801 0.034130
0 0.185430 0.242321 0.019868 0.027304
