0 0.987013 0.593664 0.005195 0.013774
0 0.512987 0.754821 0.018182 0.016529
0 0.361039 0.867769 0.010390 0.027548
0 0.044156 0.432507 0.083117 0.038567
0 0.893506 0.969697 0.025974 0.022039
0 0.963636 0.866391 0.010390 0.030303
0 0.693506 0.577135 0.005195 0.013774
0 0.764935 0.822314 0.007792 0.013774
0 0.281818 0.322314 0.007792 0.011019
0 0.861039 0.699725 0.023377 0.016529
0 0.627273 0.122590 0.012987 0.013774
0 0.644156 0.458678 0.036364 0.024793
0 0.702597 0.512397 0.018182 0.033058
0 0.055844 0.657025 0.018182 0.030303
0 0.262338 0.785124 0.051948 0.044077
0 0.531169 0.168044 0.033766 0.044077
0 0.783117 0.147383 0.018182 0.024793
0 0.874026 0.440771 0.007792 0.022039
0 0.375325 0.005510 0.007792 0.011019
0 0.972727 0.796143 0.012987 0.038567
0 0.659740 0.983471 0.031169 0.022039
0 0.623377 0.968320 0.031169 0.052342
0 0.383117 0.643251 0.070130 0.052342
0 0.728571 0.151515 0.085714 0.044077
0 0.598701 0.954545 0.012987 0.024793
0 0.302597 0.184573 0.018182 0.027548
0 0.970130 0.833333 0.007792 0.008264
