0 0.684726 0.548611 0.030026 0.022222
0 0.415796 0.870833 0.040470 0.022222
0 0.023499 0.521528 0.010444 0.004167
0 0.261749 0.070139 0.030026 0.031944
0 0.095300 0.408333 0.007833 0.005556
0 0.116188 0.497917 0.039164 0.023611
0 0.163838 0.663889 0.001305 0.005556
0 0.466710 0.469444 0.006527 0.016667
0 0.817885 0.086111 0.030026 0.030556
0 0.089426 0.794444 0.009138 0.022222
0 0.812010 0.994444 0.005222 0.002778
0 0.598564 0.296528 0.019582 0.020833
0 0.921671 0.715278 0.002611 0.002778
0 0.185379 0.614583 0.026110 0.018056
0 0.137728 0.270833 0.011749 0.011111
0 0.934726 0.123611 0.033943 0.016667
0 0.135117 0.027083 0.003916 0.009722
0 0.354439 0.372222 0.027415 0.033333
0 0.984334 0.260417 0.005222 0.006944
0 0.311358 0.386806 0.024804 0.015278
0 0.218016 0.711806 0.015666 0.012500
0 0.977807 0.345139 0.002611 0.004167
0 0.914491 0.788889 0.003916 0.013889
0 0.428198 0.692361 0.002611 0.004167
0 0.869452 0.191667 0.013055 0.016667
0 0.140339 0.470139 0.016971 0.023611
0 0.374674 0.323611 0.0130548 0.0222222
0 0.396214 0.319444 0.0117493 0.0222222
0 0.644256 0.370833 0.0117493 0.0166667
0 0.634465 0.375694 0.0104439 0.0208333
0 0.733029 0.432639 0.0143603 0.0180556
0 0.693864 0.427778 0.00913838 0.0194444
0 0.810705 0.394444 0.0156658 0.0194444
0 0.731723 0.41875 0.0143603 0.0208333
0 0.666449 0.371528 0.0117493 0.0208333
0 0.712141 0.4125 0.0143603 0.0194444
0 0.678851 0.365278 0.0156658 0.0222222
