0 0.695283 0.100000 0.043396 0.041509
0 0.295283 0.624528 0.005660 0.011321
0 0.237736 0.683962 0.015094 0.013208
0 0.888679 0.280189 0.026415 0.050943
0 0.957547 0.838679 0.035849 0.020755
0 0.783962 0.394340 0.005660 0.011321
0 0.493396 0.494340 0.009434 0.007547
0 0.237736 0.309434 0.011321 0.015094
0 0.365094 0.422642 0.005660 0.011321
0 0.916038 0.830189 0.035849 0.022642
0 0.211321 0.282075 0.060377 0.032075
0 0.854717 0.570755 0.041509 0.047170
0 0.955660 0.412264 0.013208 0.020755
0 0.814151 0.801887 0.016981 0.041509
0 0.170755 0.422642 0.005660 0.011321
0 0.638679 0.055660 0.043396 0.043396
0 0.142453 0.834906 0.032075 0.058491
0 0.761321 0.289623 0.047170 0.039623
0 0.755660 0.555660 0.013208 0.013208
0 0.723585 0.239623 0.050943 0.033962
0 0.060377 0.136792 0.007547 0.009434
0 0.274528 0.853774 0.024528 0.039623
0 0.535849 0.165094 0.011321 0.020755
0 0.385849 0.606604 0.035849 0.020755
0 0.481132 0.029245 0.011321 0.035849
0 0.783019 0.101887 0.022642 0.037736
0 0.317925 0.416038 0.054717 0.032075
0 0.948113 0.484906 0.009434 0.007547
0 0.796226 0.651887 0.026415 0.058491
0 0.817924 0.656604 0.0320755 0.101887
0 0.0924528 0.734906 0.00754717 0.0207547
0 0.724528 0.665094 0.0377358 0.111321
0 0.684906 0.914151 0.00754717 0.0169811
0 0.693396 0.912264 0.00566038 0.0132075
0 0.769811 0.674528 0.0377358 0.0962264
