0 0.039906 0.697561 0.018779 0.024390
0 0.490610 0.363415 0.056338 0.048780
0 0.480047 0.984146 0.016432 0.031707
0 0.083333 0.196341 0.007042 0.012195
0 0.061033 0.823171 0.023474 0.036585
0 0.569249 0.764634 0.058685 0.031707
0 0.492958 0.554878 0.009390 0.021951
0 0.198357 0.878049 0.021127 0.034146
0 0.489437 0.941463 0.044601 0.043902
0 0.382629 0.300000 0.061033 0.039024
0 0.740610 0.671951 0.016432 0.012195
0 0.176056 0.704878 0.037559 0.024390
0 0.421362 0.323171 0.002347 0.007317
0 0.676056 0.620732 0.018779 0.017073
0 0.544601 0.593902 0.004695 0.007317
0 0.948357 0.406098 0.051643 0.021951
0 0.319249 0.832927 0.051643 0.031707
0 0.433099 0.310976 0.007042 0.007317
0 0.069249 0.765854 0.021127 0.073171
0 0.908451 0.417073 0.023474 0.034146
0 0.210094 0.390244 0.025822 0.019512
0 0.154930 0.975610 0.018779 0.014634
0 0.352113 0.957317 0.014085 0.041463
0 0.454225 0.931707 0.021127 0.019512
0 0.264085 0.109756 0.007042 0.019512
0 0.497653 0.893902 0.028169 0.026829
0 0.393192 0.208537 0.007042 0.007317
0 0.276995 0.951220 0.014085 0.024390
0 0.124413 0.581707 0.009390 0.026829
0 0.692488 0.398780 0.009390 0.012195
0 0.549296 0.626829 0.004695 0.009756
0 0.511737 0.506098 0.028169 0.0609756
0 0.852113 0.931707 0.0234742 0.0634146
0 0.880282 0.963415 0.028169 0.0585366
