0 0.613115 0.479687 0.072131 0.071875
0 0.068852 0.123438 0.072131 0.034375
0 0.950820 0.196875 0.052459 0.050000
0 0.377049 0.884375 0.052459 0.031250
0 0.818033 0.968750 0.049180 0.050000
0 0.660656 0.290625 0.049180 0.106250
0 0.944262 0.517188 0.045902 0.065625
0 0.619672 0.117188 0.019672 0.021875
0 0.286885 0.387500 0.127869 0.043750
0 0.709836 0.395313 0.022951 0.009375
0 0.690164 0.650000 0.016393 0.025000
0 0.450820 0.678125 0.029508 0.075000
0 0.824590 0.521875 0.009836 0.018750
0 0.863934 0.692187 0.009836 0.021875
0 0.806557 0.531250 0.019672 0.018750
0 0.488525 0.557813 0.104918 0.053125
0 0.285246 0.126562 0.072131 0.071875
0 0.083607 0.073438 0.147541 0.034375
0 0.139344 0.273438 0.016393 0.015625
0 0.557377 0.945312 0.045902 0.040625
0 0.026230 0.481250 0.013115 0.037500
0 0.057377 0.421875 0.009836 0.018750
0 0.450820 0.414062 0.088525 0.059375
0 0.952459 0.293750 0.062295 0.068750
0 0.103279 0.556250 0.108197 0.050000
0 0.322951 0.528125 0.029508 0.018750
0 0.808197 0.385937 0.062295 0.034375
0 0.693443 0.089063 0.062295 0.040625
0 0.260656 0.975000 0.016393 0.031250
0 0.024590 0.739062 0.042623 0.034375
0 0.626230 0.667188 0.006557 0.028125
0 0.516393 0.518750 0.009836 0.018750
0 0.852459 0.787500 0.045902 0.062500
0 0.624590 0.921875 0.009836 0.018750
0 0.559016 0.114062 0.068852 0.065625
0 0.260656 0.081250 0.016393 0.012500
