0 0.204505 0.055133 0.012613 0.011407
0 0.031532 0.203422 0.030631 0.041825
0 0.314414 0.692015 0.041441 0.019011
0 0.818018 0.299430 0.025225 0.036122
0 0.269369 0.301331 0.023423 0.077947
0 0.377477 0.061787 0.027027 0.024715
0 0.204505 0.403042 0.027027 0.064639
0 0.128829 0.649240 0.023423 0.028517
0 0.029730 0.248099 0.016216 0.013308
0 0.052252 0.867871 0.014414 0.028517
0 0.267568 0.482890 0.019820 0.038023
0 0.911712 0.877376 0.039640 0.047529
0 0.206306 0.642586 0.030631 0.053232
0 0.779279 0.746198 0.009009 0.028517
0 0.083784 0.297529 0.037838 0.047529
0 0.630631 0.038973 0.014414 0.005703
0 0.295495 0.077947 0.028829 0.019011
0 0.302703 0.287072 0.021622 0.015209
0 0.098198 0.369772 0.009009 0.009506
0 0.596396 0.018061 0.050450 0.036122
0 0.930631 0.793726 0.005405 0.013308
0 0.709009 0.665399 0.016216 0.026616
0 0.517117 0.875475 0.039640 0.047529
0 0.218919 0.197719 0.041441 0.034221
0 0.616216 0.277567 0.039640 0.045627
0 0.357658 0.392586 0.034234 0.017110
0 0.972973 0.184411 0.043243 0.041825
0 0.843243 0.068441 0.043243 0.041825
0 0.072072 0.442015 0.036036 0.051331
0 0.158559 0.656844 0.018018 0.028517
0 0.600000 0.734791 0.010811 0.028517
