0 0.752427 0.800325 0.009709 0.016234
0 0.978964 0.750000 0.022654 0.025974
0 0.671521 0.978896 0.016181 0.022727
0 0.804207 0.048701 0.009709 0.012987
0 0.126214 0.920455 0.045307 0.068182
0 0.833333 0.478896 0.029126 0.035714
0 0.241100 0.686688 0.016181 0.009740
0 0.728155 0.347403 0.006472 0.019481
0 0.770227 0.051948 0.045307 0.038961
0 0.179612 0.425325 0.035599 0.071429
0 0.401294 0.930195 0.006472 0.016234
0 0.797735 0.329545 0.009709 0.009740
0 0.919094 0.113636 0.045307 0.077922
0 0.914239 0.702922 0.080906 0.035714
0 0.093851 0.868506 0.012945 0.048701
0 0.652104 0.386364 0.055016 0.051948
0 0.281553 0.280844 0.019417 0.022727
0 0.946602 0.220779 0.016181 0.019481
0 0.666667 0.913961 0.006472 0.016234
0 0.402913 0.977273 0.035599 0.038961
0 0.907767 0.353896 0.074434 0.038961
0 0.724919 0.196429 0.032362 0.074675
0 0.330097 0.826299 0.103560 0.055195
0 0.064725 0.324675 0.019417 0.025974
0 0.844660 0.126623 0.058252 0.071429
0 0.807443 0.574675 0.035599 0.051948
0 0.058252 0.092532 0.019417 0.029221
0 0.773463 0.108766 0.077670 0.061688
0 0.186084 0.227273 0.016181 0.025974
