0 0.050137 0.994475 0.015110 0.011050
0 0.875000 0.255525 0.008242 0.013812
0 0.344093 0.154006 0.034341 0.026243
0 0.734890 0.254834 0.021978 0.015193
0 0.774725 0.046961 0.005495 0.011050
0 0.365385 0.057320 0.021978 0.023481
0 0.616758 0.141575 0.010989 0.015193
0 0.039835 0.623619 0.027473 0.034530
0 0.732830 0.430249 0.034341 0.026243
0 0.780220 0.160912 0.002747 0.009669
0 0.620192 0.970304 0.006868 0.020718
0 0.575549 0.840470 0.005495 0.006906
0 0.103709 0.328729 0.006868 0.008287
0 0.158654 0.191989 0.037088 0.024862
0 0.366071 0.996547 0.009615 0.006906
0 0.411401 0.084945 0.015110 0.012431
0 0.847527 0.811464 0.024725 0.037293
0 0.208104 0.187845 0.006868 0.008287
0 0.388049 0.587707 0.009615 0.017956
0 0.166209 0.631906 0.008242 0.012431
0 0.696429 0.158149 0.024725 0.020718
0 0.583104 0.093923 0.006868 0.019337
0 0.187500 0.872928 0.017857 0.013812
0 0.359203 0.410912 0.006868 0.020718
0 0.350275 0.228591 0.010989 0.026243
0 0.827610 0.631215 0.009615 0.008287
0 0.236264 0.500691 0.043956 0.020718
0 0.675137 0.404696 0.015110 0.022099
0 0.131868 0.785912 0.0412088 0.0635359
0 0.535714 0.937845 0.032967 0.0883978
0 0.352335 0.796961 0.0288462 0.0911602
