0 0.578295 0.334829 0.055814 0.026930
0 0.427907 0.114004 0.027907 0.008977
0 0.710078 0.087074 0.031008 0.026930
0 0.979845 0.330341 0.006202 0.010772
0 0.827132 0.598743 0.038760 0.034111
0 0.962791 0.993716 0.006202 0.005386
0 0.175969 0.061041 0.010853 0.010772
0 0.820155 0.784560 0.027907 0.017953
0 0.606202 0.214542 0.003101 0.008977
0 0.360465 0.376122 0.004651 0.016158
0 0.174419 0.675943 0.004651 0.005386
0 0.269767 0.102334 0.037209 0.035907
0 0.756589 0.582585 0.012403 0.012567
0 0.044186 0.379713 0.032558 0.008977
0 0.126357 0.947935 0.007752 0.003591
0 0.529457 0.964093 0.010853 0.035907
0 0.515504 0.315081 0.029457 0.019749
0 0.590698 0.758528 0.015504 0.023339
0 0.047287 0.089767 0.007752 0.014363
0 0.558915 0.703770 0.013953 0.010772
0 0.340310 0.990126 0.004651 0.008977
0 0.027907 0.480251 0.049612 0.030521
0 0.796124 0.681329 0.029457 0.016158
0 0.564341 0.988330 0.003101 0.008977
0 0.358915 0.430880 0.044961 0.032316
0 0.247287 0.698384 0.007752 0.025135
0 0.477519 0.243268 0.003101 0.012567
0 0.659690 0.413824 0.017054 0.016158
0 0.189922 0.573609 0.023256 0.037702
0 0.407752 0.062837 0.009302 0.007181
0 0.397674 0.561041 0.017054 0.016158
0 0.559690 0.733393 0.009302 0.019749
0 0.289922 0.535009 0.0186047 0.05386
0 0.21938 0.429084 0.0139535 0.0466786
0 0.575194 0.535009 0.0155039 0.0466786
0 0.503876 0.574506 0.0155039 0.043088
0 0.453488 0.460503 0.020155 0.0520646
0 0.44186 0.4614 0.0186047 0.05386
0 0.517829 0.428187 0.0186047 0.048474
