0 0.326590 0.836914 0.001927 0.005859
0 0.846821 0.386719 0.055877 0.023438
0 0.157996 0.269531 0.061657 0.027344
0 0.562620 0.584961 0.007707 0.017578
0 0.305395 0.063477 0.055877 0.033203
0 0.210019 0.809570 0.069364 0.025391
0 0.638728 0.704102 0.021195 0.025391
0 0.322736 0.704102 0.005780 0.009766
0 0.825626 0.593750 0.025048 0.031250
0 0.219653 0.180664 0.011561 0.029297
0 0.971098 0.640625 0.057803 0.031250
0 0.847784 0.358398 0.007707 0.005859
0 0.844894 0.410156 0.009634 0.007812
0 0.736994 0.664062 0.013487 0.011719
0 0.653179 0.414062 0.026975 0.042969
0 0.817919 0.353516 0.017341 0.019531
0 0.211946 0.419922 0.053950 0.035156
0 0.600193 0.449219 0.032755 0.023438
0 0.903661 0.389648 0.003854 0.013672
0 0.783237 0.204102 0.028902 0.013672
0 0.121387 0.211914 0.007707 0.017578
0 0.864162 0.842773 0.040462 0.025391
0 0.315992 0.147461 0.003854 0.013672
0 0.583815 0.294922 0.011561 0.007812
