0 0.463750 0.168148 0.004167 0.007407
0 0.682083 0.334074 0.010833 0.016296
0 0.097500 0.249630 0.008333 0.013333
0 0.359167 0.391852 0.006667 0.019259
0 0.964167 0.097778 0.005000 0.014815
0 0.701250 0.126667 0.009167 0.013333
0 0.577083 0.448889 0.022500 0.029630
0 0.839583 0.798519 0.004167 0.017778
0 0.163333 0.066667 0.006667 0.026667
0 0.429583 0.793333 0.007500 0.022222
0 0.075417 0.321481 0.012500 0.035556
0 0.654167 0.129630 0.010000 0.025185
0 0.731667 0.987407 0.001667 0.007407
0 0.783333 0.254815 0.008333 0.020741
0 0.380000 0.741481 0.001667 0.010370
0 0.787917 0.765926 0.002500 0.005926
0 0.304583 0.252593 0.020833 0.031111
0 0.807500 0.514074 0.003333 0.008889
0 0.536667 0.106667 0.008333 0.005926
0 0.002500 0.554815 0.003333 0.019259
0 0.749167 0.397778 0.001667 0.007407
0 0.157083 0.381481 0.007500 0.010370
0 0.292083 0.346667 0.025833 0.023704
0 0.826250 0.380000 0.004167 0.013333
0 0.924583 0.695556 0.002500 0.004444
0 0.141250 0.482963 0.009167 0.014815
0 0.374167 0.324444 0.005000 0.008889
0 0.890833 0.973333 0.016667 0.020741
0 0.276667 0.836296 0.001667 0.007407
0 0.111250 0.100741 0.024167 0.026667
0 0.919167 0.231111 0.025000 0.026667
0 0.879167 0.105926 0.010000 0.025185
0 0.236250 0.608889 0.002500 0.005926
