0 0.956403 0.913352 0.054496 0.042614
0 0.232970 0.413352 0.013624 0.019886
0 0.658038 0.353693 0.019074 0.019886
0 0.318801 0.919034 0.027248 0.031250
0 0.461853 0.348011 0.019074 0.025568
0 0.392371 0.389205 0.049046 0.079545
0 0.490463 0.085227 0.021798 0.022727
0 0.742507 0.524148 0.013624 0.019886
0 0.288828 0.782670 0.027248 0.014205
0 0.016349 0.916193 0.027248 0.031250
0 0.064033 0.232955 0.024523 0.045455
0 0.811989 0.808239 0.005450 0.014205
0 0.350136 0.308239 0.008174 0.014205
0 0.618529 0.507102 0.027248 0.065341
0 0.495913 0.896307 0.016349 0.036932
0 0.514986 0.248580 0.027248 0.048295
0 0.539510 0.776989 0.005450 0.014205
0 0.846049 0.428977 0.029973 0.017045
0 0.215259 0.076705 0.027248 0.056818
0 0.521798 0.626420 0.008174 0.008523
0 0.054496 0.201705 0.027248 0.011364
0 0.653951 0.464489 0.010899 0.008523
0 0.035422 0.646307 0.016349 0.031250
0 0.786104 0.088068 0.029973 0.034091
0 0.519074 0.744318 0.013624 0.011364
0 0.103542 0.651989 0.070845 0.042614
0 0.824251 0.75 0.0245232 0.0625
0 0.757493 0.754261 0.0217984 0.0653409
0 0.787466 0.755682 0.027248 0.0625
