0 0.925676 0.733232 0.013514 0.051829
0 0.848649 0.265244 0.016216 0.030488
0 0.890541 0.887195 0.013514 0.012195
0 0.037838 0.448171 0.021622 0.036585
0 0.471622 0.757622 0.002703 0.009146
0 0.951351 0.778963 0.005405 0.009146
0 0.012162 0.195122 0.024324 0.024390
0 0.708108 0.908537 0.005405 0.018293
0 0.490541 0.428354 0.002703 0.009146
0 0.577027 0.253049 0.008108 0.012195
0 0.208108 0.835366 0.081081 0.048780
0 0.072973 0.411585 0.021622 0.024390
0 0.598649 0.091463 0.008108 0.012195
0 0.583784 0.984756 0.037838 0.024390
0 0.993243 0.131098 0.002703 0.012195
0 0.079730 0.865854 0.013514 0.012195
0 0.498649 0.449695 0.024324 0.003049
0 0.781081 0.239329 0.048649 0.064024
0 0.271622 0.672256 0.051351 0.033537
0 0.445946 0.925305 0.005405 0.015244
0 0.517568 0.326220 0.024324 0.048780
0 0.113514 0.560976 0.016216 0.036585
0 0.456757 0.027439 0.086486 0.048780
0 0.877027 0.195122 0.008108 0.012195
0 0.331081 0.850610 0.062162 0.036585
0 0.337838 0.483232 0.005405 0.021341
0 0.187838 0.932927 0.002703 0.012195
0 0.743243 0.388719 0.0216216 0.0518293
0 0.743243 0.310976 0.0162162 0.0426829
0 0.260811 0.847561 0.0189189 0.0426829
0 0.714865 0.315549 0.0135135 0.0457317
0 0.390541 0.545732 0.0135135 0.0487805
0 0.590541 0.466463 0.0135135 0.0426829
0 0.72027 0.289634 0.0135135 0.0365854
0 0.647297 0.434451 0.0135135 0.0457317
0 0.359459 0.545732 0.0162162 0.054878
0 0.659459 0.367378 0.0162162 0.0457317
0 0.344595 0.560976 0.0189189 0.054878
0 0.67027 0.469512 0.0162162 0.0487805
0 0.124324 0.717988 0.0162162 0.0518293
0 0.381081 0.551829 0.0162162 0.0487805
0 0.756757 0.291159 0.0162162 0.0457317
0 0.847297 0.189024 0.0135135 0.0487805
0 0.643243 0.356707 0.0162162 0.0487805
0 0.771622 0.268293 0.0135135 0.0426829
0 0.689189 0.25 0.0162162 0.0487805
0 0.656757 0.448171 0.0162162 0.0487805
0 0.706757 0.408537 0.0189189 0.0426829
0 0.728378 0.382622 0.0135135 0.0457317
0 0.586486 0.375 0.0162162 0.0487805
0 0.460811 0.603659 0.0189189 0.0487805
0 0.658108 0.344512 0.0135135 0.0426829
0 0.551351 0.371951 0.0162162 0.054878
0 0.675676 0.33689 0.0162162 0.0396341
0 0.683784 0.304878 0.0162162 0.0426829
0 0.794595 0.259146 0.0162162 0.0487805
0 0.566216 0.378049 0.0135135 0.0426829
0 0.62973 0.396341 0.0162162 0.0426829
0 0.816216 0.219512 0.0162162 0.0487805
0 0.360811 0.625 0.0189189 0.054878
0 0.672973 0.432927 0.0162162 0.0487805
0 0.232432 0.855183 0.0162162 0.0518293
0 0.0810811 0.966463 0.0216216 0.054878
