0 0.773109 0.227273 0.022409 0.039773
0 0.556022 0.251420 0.070028 0.048295
0 0.843137 0.941761 0.028011 0.019886
0 0.163866 0.954545 0.008403 0.017045
0 0.619048 0.250000 0.011204 0.017045
0 0.739496 0.265625 0.011204 0.031250
0 0.826331 0.130682 0.022409 0.045455
0 0.232493 0.426136 0.044818 0.034091
0 0.627451 0.380682 0.011204 0.017045
0 0.158263 0.663352 0.036415 0.048295
0 0.498599 0.228693 0.039216 0.042614
0 0.469188 0.674716 0.030812 0.019886
0 0.462185 0.093750 0.084034 0.051136
0 0.446779 0.198864 0.058824 0.073864
0 0.693277 0.519886 0.042017 0.062500
0 0.282913 0.291193 0.072829 0.042614
0 0.591036 0.686080 0.050420 0.065341
0 0.271709 0.079545 0.016807 0.011364
0 0.822129 0.951705 0.008403 0.017045
0 0.085434 0.264205 0.008403 0.017045
0 0.490196 0.596591 0.011204 0.028409
0 0.648459 0.549716 0.036415 0.048295
0 0.669468 0.417614 0.061625 0.039773
0 0.226891 0.552557 0.011204 0.019886
0 0.161064 0.526989 0.014006 0.031250
0 0.448179 0.903409 0.056022 0.056818
0 0.626050 0.413352 0.019608 0.008523
0 0.303922 0.235795 0.064426 0.062500
0 0.556022 0.650568 0.014006 0.011364
0 0.781513 0.098011 0.050420 0.082386
0 0.389356 0.036932 0.056022 0.073864
0 0.724090 0.039773 0.008403 0.017045
0 0.033613 0.865057 0.022409 0.025568
0 0.333333 0.613636 0.050420 0.039773
0 0.577031 0.444602 0.011204 0.014205
0 0.810924 0.889205 0.014006 0.011364
0 0.838936 0.238636 0.025210 0.034091
