0 0.274510 0.269886 0.084034 0.051136
0 0.441176 0.223011 0.053221 0.036932
0 0.287115 0.700284 0.030812 0.042614
0 0.441176 0.306818 0.008403 0.017045
0 0.379552 0.443182 0.014006 0.005682
0 0.756303 0.600852 0.005602 0.014205
0 0.950980 0.474432 0.081232 0.051136
0 0.850140 0.556818 0.036415 0.062500
0 0.658263 0.856534 0.005602 0.014205
0 0.210084 0.778409 0.056022 0.045455
0 0.941176 0.100852 0.028011 0.031250
0 0.179272 0.541193 0.005602 0.014205
0 0.556022 0.779830 0.019608 0.019886
0 0.281513 0.369318 0.036415 0.062500
0 0.677871 0.241477 0.011204 0.022727
0 0.577031 0.880682 0.028011 0.051136
0 0.770308 0.582386 0.016807 0.017045
0 0.578431 0.500000 0.008403 0.011364
0 0.637255 0.225852 0.008403 0.014205
0 0.054622 0.482955 0.025210 0.017045
0 0.729692 0.683239 0.036415 0.076705
0 0.105042 0.127841 0.008403 0.011364
0 0.394958 0.005682 0.011204 0.011364
0 0.228291 0.667614 0.014006 0.017045
0 0.812325 0.424716 0.078431 0.053977
0 0.535014 0.573864 0.005602 0.017045
0 0.967787 0.214489 0.064426 0.042614
0 0.403361 0.227273 0.016807 0.017045
0 0.761905 0.211648 0.005602 0.014205
0 0.536415 0.904830 0.008403 0.008523
0 0.948179 0.434659 0.019608 0.022727
0 0.729692 0.292614 0.047619 0.056818
0 0.859944 0.333807 0.005602 0.014205
