0 0.130000 0.961429 0.014286 0.020000
0 0.571429 0.710000 0.040000 0.100000
0 0.571429 0.481429 0.040000 0.077143
0 0.664286 0.538571 0.014286 0.014286
0 0.320000 0.944286 0.040000 0.111429
0 0.105714 0.314286 0.028571 0.022857
0 0.802857 0.394286 0.108571 0.040000
0 0.260000 0.531429 0.097143 0.040000
0 0.988571 0.212857 0.011429 0.014286
0 0.020000 0.521429 0.011429 0.014286
0 0.141429 0.348571 0.025714 0.080000
0 0.432857 0.771429 0.020000 0.034286
0 0.155714 0.231429 0.077143 0.057143
0 0.811429 0.224286 0.022857 0.020000
0 0.338571 0.708571 0.014286 0.017143
0 0.575714 0.402857 0.094286 0.045714
0 0.312857 0.770000 0.048571 0.071429
0 0.731429 0.911429 0.085714 0.051429
0 0.621429 0.292857 0.008571 0.020000
0 0.404286 0.747143 0.031429 0.025714
0 0.404286 0.681429 0.008571 0.020000
0 0.078571 0.681429 0.008571 0.020000
0 0.082857 0.810000 0.017143 0.008571
0 0.088571 0.245714 0.045714 0.091429
0 0.110000 0.895714 0.065714 0.065714
0 0.448571 0.290000 0.034286 0.065714
0 0.804286 0.332857 0.082857 0.048571
0 0.847143 0.838571 0.037143 0.025714
0 0.068571 0.177143 0.017143 0.040000
0 0.251429 0.454286 0.028571 0.022857
0 0.540000 0.645714 0.017143 0.034286
0 0.544286 0.221429 0.042857 0.071429
0 0.392857 0.921429 0.088571 0.048571
0 0.664286 0.268571 0.0314286 0.0742857
