0 0.566940 0.283333 0.073770 0.050000
0 0.232240 0.665278 0.038251 0.030556
0 0.461749 0.334722 0.016393 0.008333
0 0.225410 0.545833 0.057377 0.047222
0 0.046448 0.280556 0.032787 0.055556
0 0.532787 0.615278 0.005464 0.025000
0 0.968579 0.118056 0.013661 0.013889
0 0.851093 0.370833 0.040984 0.058333
0 0.459016 0.480556 0.120219 0.033333
0 0.286885 0.529167 0.016393 0.008333
0 0.729508 0.661111 0.071038 0.044444
0 0.362022 0.988889 0.008197 0.016667
0 0.756831 0.088889 0.032787 0.088889
0 0.564208 0.759722 0.030055 0.013889
0 0.266393 0.055556 0.073770 0.055556
0 0.170765 0.706944 0.046448 0.036111
0 0.613388 0.834722 0.057377 0.069444
0 0.290984 0.204167 0.040984 0.036111
0 0.121585 0.555556 0.008197 0.022222
0 0.080601 0.537500 0.062842 0.058333
0 0.349727 0.195833 0.021858 0.025000
0 0.465847 0.848611 0.008197 0.025000
0 0.359290 0.448611 0.073770 0.052778
0 0.131148 0.679167 0.010929 0.013889
0 0.142077 0.056944 0.032787 0.019444
0 0.424863 0.305556 0.084699 0.044444
0 0.577869 0.775000 0.090164 0.044444
0 0.127049 0.655556 0.013661 0.027778
0 0.693989 0.156944 0.010929 0.030556
0 0.801913 0.384722 0.051913 0.041667
0 0.275956 0.813889 0.054645 0.072222
0 0.984973 0.961111 0.019126 0.038889
0 0.027322 0.230556 0.016393 0.033333
0 0.426230 0.841667 0.065574 0.022222
0 0.176230 0.419444 0.024590 0.033333
0 0.178962 0.025000 0.095628 0.038889
0 0.599727 0.377778 0.035519 0.044444
0 0.378415 0.800000 0.068306 0.050000
0 0.545082 0.473611 0.024590 0.047222
0 0.416667 0.048611 0.079235 0.047222
0 0.121585 0.0972222 0.0300546 0.0666667
0 0.370219 0.243056 0.0300546 0.0638889
0 0.896175 0.0638889 0.0218579 0.0666667
0 0.147541 0.0333333 0.0273224 0.05
0 0.826503 0.665278 0.0355191 0.0805556
0 0.919399 0.744444 0.0300546 0.0722222
0 0.592896 0.0652778 0.0327869 0.0972222
0 0.77459 0.615278 0.0409836 0.075
0 0.912568 0.0347222 0.0218579 0.0694444
0 0.969945 0.075 0.0273224 0.0833333
0 0.88388 0.783333 0.0355191 0.0777778
0 0.948087 0.0930556 0.0273224 0.0805556
0 0.939891 0.0347222 0.0273224 0.0638889
0 0.0122951 0.116667 0.0245902 0.0777778
0 0.187158 0.736111 0.0355191 0.0833333
