0 0.682848 0.064762 0.009709 0.022857
0 0.893204 0.541905 0.029126 0.024762
0 0.499191 0.840952 0.004854 0.005714
0 0.366505 0.459048 0.011327 0.015238
0 0.100324 0.539048 0.058252 0.026667
0 0.892395 0.613333 0.014563 0.026667
0 0.934466 0.138095 0.033981 0.013333
0 0.097087 0.302857 0.006472 0.007619
0 0.410194 0.728571 0.008091 0.017143
0 0.140777 0.314286 0.048544 0.034286
0 0.943366 0.927619 0.051780 0.030476
0 0.212783 0.897143 0.004854 0.007619
0 0.631877 0.967619 0.027508 0.022857
0 0.174757 0.972381 0.009709 0.020952
0 0.779126 0.277143 0.004854 0.005714
0 0.119741 0.279048 0.003236 0.009524
0 0.068770 0.914286 0.011327 0.007619
0 0.908576 0.142857 0.008091 0.011429
0 0.076861 0.314286 0.030744 0.038095
0 0.601942 0.400952 0.029126 0.020952
0 0.036408 0.820000 0.030744 0.028571
0 0.902913 0.311429 0.009709 0.009524
0 0.694984 0.381905 0.027508 0.028571
0 0.981392 0.721905 0.033981 0.026667
0 0.0671521 0.0285714 0.0307443 0.0571429
