0 0.861213 0.605893 0.020221 0.036832
0 0.466912 0.197053 0.044118 0.040516
0 0.397978 0.415285 0.020221 0.034991
0 0.308824 0.250460 0.014706 0.007366
0 0.583640 0.453959 0.009191 0.020258
0 0.704044 0.306630 0.029412 0.060773
0 0.011029 0.266114 0.018382 0.046041
0 0.068015 0.908840 0.022059 0.034991
0 0.060662 0.578269 0.044118 0.040516
0 0.385110 0.082873 0.005515 0.011050
0 0.763787 0.642726 0.005515 0.011050
0 0.597426 0.155617 0.055147 0.031308
0 0.143382 0.767956 0.055147 0.033149
0 0.360294 0.510129 0.014706 0.036832
0 0.330882 0.353591 0.029412 0.040516
0 0.079044 0.497238 0.018382 0.025783
0 0.522978 0.459484 0.034926 0.049724
0 0.349265 0.971455 0.047794 0.031308
0 0.425551 0.105893 0.034926 0.034991
0 0.031250 0.418048 0.018382 0.018416
0 0.442096 0.042357 0.031250 0.033149
0 0.666360 0.625230 0.020221 0.031308
0 0.851103 0.253223 0.033088 0.031308
0 0.703125 0.255985 0.016544 0.011050
0 0.488971 0.253223 0.014706 0.023941
0 0.603860 0.084715 0.016544 0.003683
0 0.481618 0.660221 0.011029 0.023941
0 0.764706 0.627072 0.036765 0.016575
0 0.869485 0.432781 0.018382 0.007366
0 0.240809 0.947514 0.007353 0.009208
0 0.215074 0.494475 0.062500 0.027624
