0 0.046791 0.107550 0.008021 0.018519
0 0.661096 0.100427 0.004011 0.009972
0 0.669118 0.262108 0.004011 0.008547
0 0.961898 0.245726 0.033422 0.029915
0 0.540775 0.548433 0.020053 0.051282
0 0.807487 0.808405 0.008021 0.015670
0 0.467246 0.283476 0.036096 0.028490
0 0.737968 0.618946 0.016043 0.038462
0 0.134358 0.876068 0.033422 0.028490
0 0.485963 0.492877 0.012032 0.011396
0 0.778075 0.407407 0.005348 0.011396
0 0.181150 0.026353 0.017380 0.047009
0 0.760695 0.218661 0.021390 0.007123
0 0.377005 0.128205 0.034759 0.028490
0 0.043449 0.903134 0.006684 0.005698
0 0.532086 0.963675 0.024064 0.029915
0 0.159759 0.423077 0.028075 0.034188
0 0.112968 0.734330 0.054813 0.018519
0 0.225267 0.475071 0.041444 0.024217
0 0.372995 0.867521 0.008021 0.019943
0 0.044118 0.064103 0.024064 0.025641
0 0.108957 0.863248 0.014706 0.008547
0 0.372995 0.099003 0.024064 0.027066
0 0.944519 0.727920 0.006684 0.014245
0 0.720588 0.825499 0.021390 0.021368
0 0.219920 0.220085 0.038770 0.024217
0 0.721925 0.722222 0.018717 0.019943
0 0.354947 0.925926 0.004011 0.008547
0 0.342246 0.086182 0.034759 0.029915
0 0.913770 0.356838 0.004011 0.012821
0 0.982620 0.027778 0.016043 0.038462
0 0.189171 0.397436 0.004011 0.008547
0 0.838235 0.902422 0.042781 0.024217
0 0.20254 0.482194 0.0280749 0.0726496
0 0.284091 0.196581 0.0227273 0.0740741
0 0.308824 0.19302 0.026738 0.0754986
