0 0.575137 0.038560 0.051913 0.030848
0 0.209016 0.426735 0.013661 0.025707
0 0.260929 0.233933 0.008197 0.020566
0 0.424863 0.086118 0.030055 0.033419
0 0.807377 0.111825 0.030055 0.064267
0 0.068306 0.020566 0.021858 0.015424
0 0.282787 0.795630 0.030055 0.069409
0 0.062842 0.762211 0.087432 0.043702
0 0.827869 0.845758 0.049180 0.071979
0 0.243169 0.088689 0.010929 0.012853
0 0.804645 0.051414 0.008197 0.015424
0 0.908470 0.438303 0.040984 0.084833
0 0.129781 0.386889 0.062842 0.023136
0 0.745902 0.388175 0.021858 0.025707
0 0.577869 0.120823 0.057377 0.061697
0 0.066940 0.677378 0.035519 0.017995
0 0.266393 0.470437 0.013661 0.010283
0 0.400273 0.489717 0.019126 0.007712
0 0.693989 0.073265 0.010929 0.012853
0 0.831967 0.757069 0.084699 0.033419
0 0.056011 0.722365 0.040984 0.020566
0 0.333333 0.073265 0.043716 0.084833
0 0.952186 0.591260 0.013661 0.010283
0 0.811475 0.511568 0.038251 0.061697
0 0.415301 0.258355 0.071038 0.053985
0 0.846995 0.240360 0.032787 0.038560
0 0.280055 0.749357 0.019126 0.017995
0 0.073770 0.847044 0.016393 0.017995
0 0.389344 0.462725 0.084699 0.041131
