0 0.606968 0.526066 0.023227 0.026066
0 0.636308 0.724526 0.025672 0.029621
0 0.267115 0.222156 0.013447 0.017773
0 0.380196 0.957938 0.029340 0.015403
0 0.506112 0.366706 0.014670 0.027251
0 0.335575 0.807464 0.006112 0.008294
0 0.298289 0.263626 0.004890 0.015403
0 0.446822 0.235190 0.030562 0.024882
0 0.179095 0.573460 0.040342 0.018957
0 0.761002 0.719787 0.006112 0.005924
0 0.365526 0.879739 0.007335 0.005924
0 0.282396 0.924171 0.046455 0.016588
0 0.647311 0.995853 0.018337 0.008294
0 0.603301 0.883294 0.008557 0.017773
0 0.919927 0.076422 0.020782 0.036730
0 0.626528 0.678318 0.011002 0.008294
0 0.139976 0.606043 0.011002 0.005924
0 0.848411 0.869076 0.007335 0.003555
0 0.184597 0.756517 0.009780 0.005924
0 0.910147 0.228081 0.013447 0.022512
0 0.946210 0.287915 0.009780 0.011848
0 0.629584 0.870853 0.024450 0.023697
0 0.323961 0.250000 0.031785 0.023697
0 0.526284 0.524882 0.003667 0.009479
0 0.915037 0.841825 0.006112 0.005924
0 0.266504 0.828199 0.044010 0.016588
0 0.381418 0.715047 0.012225 0.005924
0 0.221883 0.045616 0.013447 0.010664
0 0.988386 0.703791 0.003667 0.014218
0 0.792176 0.896919 0.022005 0.030806
0 0.351467 0.025474 0.006112 0.013033
0 0.825795 0.734597 0.0256724 0.0473934
0 0.479829 0.650474 0.0232274 0.0521327
0 0.467604 0.38981 0.0281174 0.0663507
0 0.0458435 0.419431 0.0256724 0.0473934
