0 0.319481 0.335492 0.020779 0.049223
0 0.736364 0.176166 0.018182 0.025907
0 0.796104 0.209845 0.007792 0.010363
0 0.759740 0.739637 0.012987 0.028497
0 0.750649 0.291451 0.015584 0.007772
0 0.489610 0.620466 0.018182 0.038860
0 0.158442 0.071244 0.015584 0.028497
0 0.588312 0.853627 0.012987 0.018135
0 0.097403 0.797927 0.044156 0.036269
0 0.858442 0.287565 0.007792 0.015544
0 0.176623 0.470207 0.025974 0.049223
0 0.446753 0.985751 0.010390 0.007772
0 0.309091 0.291451 0.051948 0.033679
0 0.412987 0.726684 0.010390 0.028497
0 0.570130 0.674870 0.012987 0.028497
0 0.593506 0.580311 0.044156 0.025907
0 0.455844 0.836788 0.049351 0.062176
0 0.742857 0.207254 0.020779 0.020725
0 0.457143 0.733161 0.067532 0.041451
0 0.946753 0.601036 0.007792 0.015544
0 0.697403 0.154145 0.049351 0.044041
0 0.735065 0.261658 0.020779 0.041451
0 0.225974 0.386010 0.010390 0.015544
0 0.354545 0.433938 0.023377 0.012953
0 0.936364 0.889896 0.070130 0.038860
0 0.677922 0.334197 0.020779 0.046632
0 0.118182 0.444301 0.007792 0.007772
0 0.314286 0.227979 0.031169 0.051813
0 0.325974 0.691710 0.007792 0.015544
0 0.766234 0.037565 0.036364 0.018135
0 0.275325 0.829016 0.0155844 0.0362694
0 0.51039 0.32772 0.012987 0.0336788
0 0.287013 0.797927 0.012987 0.0362694
0 0.283117 0.806995 0.0155844 0.0336788
0 0.771429 0.332902 0.0155844 0.0284974
0 0.454545 0.321244 0.0103896 0.0362694
0 0.725974 0.528497 0.012987 0.0259067
0 0.312987 0.852332 0.012987 0.0362694
0 0.5 0.332902 0.012987 0.0336788
0 0.458442 0.329016 0.012987 0.0362694
0 0.3 0.803109 0.012987 0.0414508
0 0.479221 0.32772 0.012987 0.0336788
0 0.251948 0.82513 0.0155844 0.0388601
0 0.442857 0.332902 0.012987 0.0336788
0 0.564935 0.301813 0.012987 0.0336788
0 0.436364 0.63342 0.0155844 0.0388601
