0 0.806020 0.410714 0.120401 0.071429
0 0.901338 0.937500 0.050167 0.053571
0 0.361204 0.934524 0.020067 0.023810
0 0.663880 0.223214 0.076923 0.136905
0 0.197324 0.199405 0.060201 0.101190
0 0.481605 0.970238 0.026756 0.023810
0 0.386288 0.467262 0.036789 0.029762
0 0.908027 0.818452 0.010033 0.065476
0 0.545151 0.473214 0.086957 0.113095
0 0.025084 0.461310 0.030100 0.041667
0 0.510033 0.345238 0.016722 0.083333
0 0.138796 0.172619 0.050167 0.083333
0 0.289298 0.398810 0.050167 0.059524
0 0.060201 0.669643 0.013378 0.041667
0 0.560201 0.845238 0.083612 0.119048
0 0.367893 0.125000 0.033445 0.071429
0 0.593645 0.113095 0.023411 0.059524
0 0.152174 0.116071 0.010033 0.017857
0 0.526756 0.642857 0.016722 0.083333
0 0.685619 0.026786 0.013378 0.041667
0 0.494983 0.773810 0.040134 0.035714
0 0.545151 0.113095 0.066890 0.059524
0 0.866221 0.880952 0.013378 0.047619
0 0.197324 0.583333 0.093645 0.107143
0 0.212375 0.702381 0.056856 0.119048
0 0.931438 0.761905 0.023411 0.047619
0 0.750836 0.592262 0.036789 0.053571
0 0.108696 0.943452 0.036789 0.077381
0 0.265886 0.339286 0.010033 0.047619
0 0.389632 0.648810 0.016722 0.023810
0 0.272575 0.809524 0.0167224 0.0833333
0 0.714047 0.125 0.0100334 0.047619
0 0.622074 0.151786 0.0133779 0.0535714
0 0.622074 0.127976 0.0133779 0.0416667
0 0.32107 0.529762 0.0133779 0.0595238
0 0.361204 0.60119 0.0200669 0.0714286
0 0.620401 0.452381 0.0167224 0.0595238
0 0.245819 0.130952 0.0167224 0.0595238
0 0.602007 0.154762 0.0133779 0.0595238
0 0.362876 0.0595238 0.0100334 0.0595238
0 0.64214 0.455357 0.0133779 0.0654762
0 0.750836 0.738095 0.0167224 0.0714286
0 0.270903 0.247024 0.0133779 0.0654762
0 0.264214 0.252976 0.0133779 0.0654762
