0 0.178934 0.649639 0.040609 0.020433
0 0.896574 0.493990 0.029188 0.019231
0 0.324873 0.274639 0.005076 0.006010
0 0.417513 0.535457 0.010152 0.013221
0 0.061548 0.556490 0.036802 0.021635
0 0.126904 0.308293 0.022843 0.032452
0 0.207487 0.236779 0.011421 0.014423
0 0.701142 0.740986 0.026650 0.022837
0 0.012690 0.911659 0.022843 0.032452
0 0.388959 0.129207 0.003807 0.008413
0 0.953680 0.625000 0.003807 0.007212
0 0.804569 0.293870 0.017766 0.015625
0 0.380076 0.043870 0.026650 0.027644
0 0.076777 0.049279 0.003807 0.007212
0 0.161168 0.267428 0.027919 0.027644
0 0.581853 0.411659 0.003807 0.008413
0 0.835660 0.930288 0.006345 0.012019
0 0.875635 0.887620 0.025381 0.032452
0 0.376904 0.947716 0.005076 0.006010
0 0.454949 0.847957 0.006345 0.008413
0 0.273477 0.908654 0.008883 0.007212
0 0.425761 0.779447 0.026650 0.030048
0 0.895939 0.732572 0.022843 0.032452
0 0.382614 0.200120 0.019036 0.015625
0 0.599619 0.484375 0.003807 0.007212
0 0.147843 0.561298 0.029188 0.026442
0 0.411168 0.108173 0.030457 0.026442
0 0.668782 0.736178 0.007614 0.003606
0 0.039340 0.064904 0.043147 0.019231
0 0.760152 0.324519 0.005076 0.012019
0 0.267766 0.486178 0.005076 0.006010
0 0.223350 0.057091 0.040609 0.020433
0 0.214467 0.771034 0.038071 0.013221
0 0.566624 0.254207 0.026650 0.003606
0 0.492386 0.480769 0.0304569 0.0480769
0 0.522843 0.46875 0.0329949 0.0480769
0 0.450508 0.498798 0.0329949 0.0384615
0 0.266497 0.278245 0.0279188 0.0348558
0 0.267767 0.337139 0.0253807 0.046875
0 0.288071 0.281851 0.0406091 0.0372596
