0 0.329011 0.125235 0.019449 0.028249
0 0.844408 0.599812 0.035656 0.047081
0 0.280389 0.948211 0.032415 0.050847
0 0.566451 0.089454 0.063209 0.024482
0 0.364668 0.133710 0.048622 0.033898
0 0.145057 0.067797 0.004862 0.011299
0 0.601297 0.599812 0.045381 0.035782
0 0.088331 0.666667 0.034036 0.041431
0 0.726904 0.756121 0.004862 0.016949
0 0.601297 0.367232 0.012966 0.045198
0 0.401135 0.213748 0.004862 0.013183
0 0.652350 0.264595 0.014587 0.020716
0 0.716370 0.501883 0.016207 0.013183
0 0.961102 0.752354 0.022690 0.065913
0 0.409238 0.062147 0.059968 0.026365
0 0.877634 0.504708 0.037277 0.033898
0 0.593193 0.457627 0.025932 0.015066
0 0.487034 0.967043 0.014587 0.013183
0 0.805511 0.036723 0.025932 0.035782
0 0.177472 0.493409 0.021070 0.064030
0 0.360616 0.573446 0.034036 0.047081
0 0.735008 0.222222 0.008104 0.007533
0 0.269044 0.724105 0.045381 0.035782
0 0.082658 0.633710 0.006483 0.020716
0 0.213128 0.049906 0.011345 0.020716
0 0.840357 0.006591 0.004862 0.013183
0 0.033225 0.975518 0.040519 0.041431
0 0.688006 0.615819 0.034036 0.048964
0 0.576175 0.979284 0.037277 0.041431
0 0.299838 0.131827 0.032415 0.048964
0 0.564830 0.911488 0.047002 0.033898
0 0.799028 0.531073 0.042139 0.037665
0 0.507293 0.636535 0.048622 0.018832
0 0.849271 0.540490 0.009724 0.033898
0 0.259319 0.263653 0.035656 0.045198
0 0.846029 0.497175 0.016207 0.048964
0 0.771475 0.334275 0.012966 0.039548
0 0.389789 0.897363 0.017828 0.009416
0 0.662885 0.121469 0.006483 0.009416
0 0.275527 0.821092 0.029173 0.011299
0 0.664506 0.170433 0.0291734 0.0809793
0 0.568071 0.771186 0.0275527 0.0621469
0 0.54376 0.760829 0.0243112 0.0602637
0 0.101297 0.858757 0.0275527 0.0715631
0 0.538088 0.739171 0.0226904 0.0659134
0 0.0640194 0.875706 0.0243112 0.0753296
0 0.0915721 0.884181 0.0210697 0.0621469
