0 0.025490 0.915686 0.035294 0.035294
0 0.474510 0.547059 0.101961 0.074510
0 0.029412 0.741176 0.058824 0.070588
0 0.823529 0.115686 0.094118 0.050980
0 0.268627 0.607843 0.019608 0.015686
0 0.841176 0.282353 0.011765 0.023529
0 0.243137 0.864706 0.078431 0.043137
0 0.617647 0.184314 0.011765 0.031373
0 0.366667 0.625490 0.105882 0.074510
0 0.058824 0.215686 0.047059 0.062745
0 0.709804 0.776471 0.070588 0.117647
0 0.627451 0.513725 0.070588 0.031373
0 0.700000 0.390196 0.058824 0.050980
0 0.545098 0.752941 0.117647 0.070588
0 0.231373 0.815686 0.164706 0.047059
0 0.115686 0.266667 0.035294 0.047059
0 0.249020 0.411765 0.082353 0.078431
0 0.152941 0.360784 0.015686 0.023529
0 0.896078 0.868627 0.011765 0.027451
0 0.382353 0.482353 0.035294 0.109804
0 0.578431 0.503922 0.019608 0.027451
0 0.407843 0.778431 0.023529 0.011765
0 0.049020 0.368627 0.019608 0.015686
0 0.350980 0.792157 0.066667 0.047059
0 0.023529 0.176471 0.015686 0.031373
0 0.258824 0.543137 0.086275 0.090196
0 0.298039 0.337255 0.015686 0.031373
0 0.294118 0.449020 0.086275 0.090196
0 0.421569 0.601961 0.0352941 0.0745098
