0 0.492593 0.894444 0.059259 0.040741
0 0.659259 0.390741 0.051852 0.085185
0 0.633333 0.314815 0.140741 0.051852
0 0.740741 0.729630 0.059259 0.111111
0 0.288889 0.577778 0.029630 0.059259
0 0.968519 0.557407 0.033333 0.055556
0 0.538889 0.055556 0.018519 0.059259
0 0.683333 0.168519 0.077778 0.085185
0 0.570370 0.527778 0.014815 0.018519
0 0.772222 0.385185 0.011111 0.022222
0 0.548148 0.775926 0.125926 0.055556
0 0.857407 0.388889 0.011111 0.022222
0 0.062963 0.070370 0.022222 0.029630
0 0.457407 0.846296 0.018519 0.048148
0 0.064815 0.948148 0.077778 0.066667
0 0.427778 0.859259 0.033333 0.037037
0 0.942593 0.803704 0.025926 0.051852
0 0.594444 0.470370 0.107407 0.066667
0 0.850000 0.894444 0.011111 0.025926
0 0.970370 0.716667 0.051852 0.048148
0 0.774074 0.562963 0.044444 0.066667
0 0.522222 0.407407 0.088889 0.051852
0 0.266667 0.079630 0.007407 0.033333
0 0.188889 0.448148 0.074074 0.051852
0 0.444444 0.762963 0.051852 0.118519
0 0.150000 0.135185 0.055556 0.100000
0 0.396296 0.531481 0.007407 0.033333
0 0.231481 0.922222 0.114815 0.059259
0 0.259259 0.746296 0.014815 0.018519
0 0.783333 0.290741 0.151852 0.048148
0 0.624074 0.918519 0.0259259 0.0740741
0 0.927778 0.0518519 0.0259259 0.0592593
