0 0.191847 0.354067 0.043165 0.033493
0 0.417266 0.516746 0.019185 0.052632
0 0.894484 0.116029 0.033573 0.050239
0 0.559952 0.041866 0.011990 0.007177
0 0.968825 0.667464 0.009592 0.028708
0 0.079137 0.405502 0.014388 0.026316
0 0.332134 0.937799 0.016787 0.014354
0 0.589928 0.858852 0.057554 0.047847
0 0.959233 0.848086 0.028777 0.040670
0 0.408873 0.443780 0.011990 0.021531
0 0.591127 0.552632 0.055156 0.038278
0 0.053957 0.917464 0.045564 0.011962
0 0.574341 0.070574 0.021583 0.035885
0 0.567146 0.942584 0.059952 0.047847
0 0.892086 0.958134 0.052758 0.021531
0 0.242206 0.744019 0.038369 0.052632
0 0.808153 0.734450 0.023981 0.009569
0 0.932854 0.059809 0.004796 0.014354
0 0.119904 0.808612 0.019185 0.033493
0 0.651079 0.692584 0.040767 0.040670
0 0.840528 0.828947 0.011990 0.021531
0 0.630695 0.400718 0.028777 0.011962
0 0.272182 0.375598 0.007194 0.019139
0 0.188249 0.202153 0.026379 0.021531
0 0.851319 0.540670 0.009592 0.023923
0 0.586331 0.373206 0.050360 0.057416
