0 0.017584 0.142857 0.004587 0.009740
0 0.918960 0.690747 0.036697 0.030844
0 0.324924 0.667208 0.007645 0.006494
0 0.800459 0.418831 0.019878 0.032468
0 0.627676 0.681818 0.025994 0.019481
0 0.782875 0.794643 0.039755 0.030844
0 0.820336 0.628247 0.047401 0.025974
0 0.402141 0.017045 0.045872 0.027597
0 0.850153 0.153409 0.006116 0.008117
0 0.076453 0.279221 0.024465 0.029221
0 0.296636 0.174513 0.027523 0.027597
0 0.295107 0.632305 0.033639 0.037338
0 0.292813 0.487013 0.010703 0.016234
0 0.934251 0.240260 0.051988 0.025974
0 0.043578 0.722403 0.022936 0.016234
0 0.546636 0.562500 0.007645 0.008117
0 0.736239 0.169643 0.010703 0.017857
0 0.649847 0.862825 0.027523 0.043831
0 0.448777 0.697240 0.053517 0.024351
0 0.253058 0.819805 0.010703 0.009740
0 0.624618 0.082792 0.004587 0.009740
0 0.622324 0.447240 0.039755 0.030844
0 0.820336 0.883117 0.029052 0.042208
0 0.606269 0.849026 0.007645 0.012987
0 0.559633 0.350649 0.039755 0.032468
0 0.025229 0.767045 0.007645 0.011364
0 0.387615 0.285714 0.025994 0.029221
0 0.902905 0.082792 0.029052 0.032468
0 0.662844 0.293019 0.019878 0.050325
0 0.595566 0.422890 0.022936 0.014610
0 0.211009 0.895292 0.030581 0.040584
0 0.383792 0.156656 0.012232 0.008117
0 0.153670 0.578734 0.004587 0.011364
0 0.301988 0.683442 0.004587 0.012987
0 0.340979 0.060877 0.048930 0.027597
0 0.631498 0.068182 0.055046 0.016234
0 0.427370 0.206169 0.004587 0.009740
0 0.795872 0.452110 0.029052 0.014610
0 0.0688073 0.439935 0.0214067 0.0487013
0 0.348624 0.288149 0.0183486 0.0503247
0 0.0428135 0.443994 0.0183486 0.0503247
0 0.222477 0.387987 0.0198777 0.0519481
0 0.30581 0.353084 0.0214067 0.0633117
0 0.894495 0.967532 0.0275229 0.0616883
0 0.266055 0.374188 0.0214067 0.0535714
0 0.245413 0.383117 0.0168196 0.0519481
