0 0.629870 0.264214 0.045455 0.127090
0 0.433442 0.787625 0.100649 0.056856
0 0.733766 0.178930 0.012987 0.016722
0 0.426948 0.744147 0.009740 0.023411
0 0.215909 0.523411 0.074675 0.023411
0 0.152597 0.468227 0.077922 0.073579
0 0.926948 0.145485 0.009740 0.023411
0 0.503247 0.033445 0.077922 0.066890
0 0.313312 0.334448 0.009740 0.020067
0 0.889610 0.035117 0.058442 0.070234
0 0.889610 0.401338 0.025974 0.046823
0 0.550325 0.127090 0.068182 0.080268
0 0.474026 0.132107 0.071429 0.076923
0 0.504870 0.043478 0.068182 0.080268
0 0.576299 0.755853 0.009740 0.020067
0 0.745130 0.740803 0.055195 0.016722
0 0.172078 0.971572 0.019481 0.016722
0 0.839286 0.720736 0.042208 0.076923
0 0.543831 0.737458 0.042208 0.056856
0 0.775974 0.911371 0.051948 0.070234
0 0.209416 0.697324 0.022727 0.016722
0 0.375000 0.566890 0.016234 0.016722
0 0.946429 0.123746 0.016234 0.033445
0 0.595779 0.187291 0.029221 0.033445
0 0.232143 0.929766 0.081169 0.046823
0 0.941558 0.409699 0.071429 0.063545
0 0.017857 0.351171 0.016234 0.013378
0 0.470779 0.978261 0.025974 0.043478
0 0.077922 0.068562 0.071429 0.070234
0 0.514610 0.739130 0.009740 0.020067
0 0.360390 0.299331 0.051948 0.076923
0 0.675325 0.366221 0.077922 0.036789
0 0.323052 0.918060 0.048701 0.023411
0 0.712662 0.780936 0.100649 0.056856
0 0.024351 0.722408 0.042208 0.086957
0 0.938312 0.185619 0.012987 0.016722
0 0.532468 0.665552 0.032468 0.080268
0 0.415584 0.147157 0.038961 0.033445
0 0.457792 0.924749 0.006494 0.030100
0 0.019481 0.892977 0.038961 0.020067
