0 0.556818 0.821281 0.010331 0.014463
0 0.717975 0.041322 0.014463 0.037190
0 0.760331 0.257231 0.008264 0.018595
0 0.558884 0.266529 0.026860 0.024793
0 0.588843 0.864669 0.008264 0.022727
0 0.352273 0.339876 0.059917 0.035124
0 0.838843 0.663223 0.020661 0.024793
0 0.264463 0.710744 0.020661 0.041322
0 0.457645 0.332645 0.006198 0.008264
0 0.850207 0.442149 0.002066 0.008264
0 0.168388 0.955579 0.039256 0.051653
0 0.361570 0.715909 0.004132 0.006198
0 0.064050 0.474174 0.008264 0.010331
0 0.122934 0.770661 0.010331 0.024793
0 0.463843 0.764463 0.002066 0.008264
0 0.884298 0.664256 0.024793 0.010331
0 0.967975 0.673554 0.018595 0.037190
0 0.297521 0.763430 0.008264 0.010331
0 0.168388 0.629132 0.035124 0.043388
0 0.889463 0.849174 0.035124 0.028926
0 0.302686 0.362603 0.010331 0.002066
0 0.901860 0.908058 0.006198 0.010331
0 0.623967 0.848140 0.004132 0.006198
0 0.552686 0.575413 0.018595 0.026860
0 0.182851 0.582645 0.047521 0.045455
0 0.095041 0.216942 0.016529 0.041322
0 0.557851 0.608471 0.020661 0.026860
0 0.056818 0.551653 0.014463 0.016529
0 0.572314 0.372934 0.053719 0.13843
0 0.517562 0.379132 0.0475207 0.150826
0 0.454545 0.383264 0.0619835 0.146694
0 0.0423554 0.424587 0.0847107 0.154959
0 0.0206612 0.0764463 0.0413223 0.123967
