0 0.075328 0.388298 0.010917 0.021277
0 0.704148 0.635638 0.067686 0.042553
0 0.770742 0.763298 0.008734 0.021277
0 0.901747 0.726064 0.026201 0.037234
0 0.669214 0.599734 0.024017 0.023936
0 0.584061 0.559840 0.010917 0.018617
0 0.268559 0.244681 0.030568 0.015957
0 0.537118 0.046543 0.017467 0.013298
0 0.518559 0.509309 0.002183 0.002660
0 0.344978 0.110372 0.013100 0.018617
0 0.024017 0.948138 0.043668 0.050532
0 0.505459 0.204787 0.024017 0.047872
0 0.375546 0.449468 0.039301 0.042553
0 0.515284 0.751330 0.030568 0.018617
0 0.953057 0.663564 0.037118 0.023936
0 0.967249 0.553191 0.004367 0.015957
0 0.917031 0.671543 0.030568 0.045213
0 0.723799 0.230053 0.028384 0.071809
0 0.751092 0.204787 0.021834 0.031915
0 0.468341 0.106383 0.076419 0.037234
0 0.124454 0.062500 0.008734 0.007979
0 0.525109 0.538564 0.002183 0.002660
0 0.449782 0.747340 0.008734 0.010638
0 0.182314 0.562500 0.054585 0.039894
0 0.598253 0.132979 0.069869 0.042553
0 0.806769 0.498670 0.002183 0.002660
0 0.439956 0.331117 0.0414847 0.125
0 0.018559 0.831117 0.0371179 0.146277
0 0.0676856 0.796543 0.0393013 0.130319
