0 0.640472 0.540456 0.031434 0.018672
0 0.601179 0.082988 0.039293 0.037344
0 0.035363 0.811203 0.031434 0.041494
0 0.066798 0.484440 0.003929 0.006224
0 0.903733 0.129668 0.015717 0.014523
0 0.207269 0.520747 0.005894 0.012448
0 0.097250 0.568465 0.001965 0.008299
0 0.415521 0.626556 0.001965 0.004149
0 0.807466 0.617220 0.007859 0.002075
0 0.356582 0.940871 0.001965 0.006224
0 0.583497 0.406639 0.019646 0.008299
0 0.140472 0.709544 0.009823 0.012448
0 0.070727 0.164938 0.031434 0.047718
0 0.799607 0.862033 0.003929 0.006224
0 0.954813 0.596473 0.058939 0.035270
0 0.702358 0.626556 0.009823 0.012448
0 0.388016 0.509336 0.017682 0.010373
0 0.625737 0.560166 0.021611 0.008299
0 0.633595 0.856846 0.005894 0.008299
0 0.771120 0.964730 0.013752 0.016598
0 0.781925 0.974066 0.003929 0.010373
0 0.981336 0.816390 0.013752 0.022822
0 0.333006 0.750000 0.001965 0.006224
0 0.787819 0.267635 0.003929 0.004149
0 0.870334 0.418050 0.011788 0.006224
