0 0.932692 0.036538 0.050000 0.065385
0 0.542308 0.359615 0.030769 0.042308
0 0.775000 0.451923 0.103846 0.019231
0 0.084615 0.796154 0.084615 0.084615
0 0.719231 0.030769 0.007692 0.030769
0 0.290385 0.046154 0.019231 0.015385
0 0.326923 0.521154 0.038462 0.011538
0 0.946154 0.857692 0.069231 0.053846
0 0.717308 0.836538 0.042308 0.026923
0 0.761538 0.975000 0.023077 0.026923
0 0.926923 0.355769 0.023077 0.019231
0 0.209615 0.073077 0.065385 0.107692
0 0.630769 0.909615 0.007692 0.019231
0 0.884615 0.330769 0.015385 0.038462
0 0.319231 0.501923 0.007692 0.019231
0 0.159615 0.226923 0.142308 0.053846
0 0.857692 0.263462 0.123077 0.050000
0 0.821154 0.582692 0.080769 0.065385
0 0.028846 0.240385 0.057692 0.042308
0 0.809615 0.876923 0.034615 0.076923
0 0.228846 0.292308 0.011538 0.015385
0 0.786538 0.265385 0.011538 0.015385
0 0.151923 0.523077 0.011538 0.015385
0 0.442308 0.938462 0.046154 0.053846
0 0.688462 0.551923 0.038462 0.065385
0 0.730769 0.286538 0.092308 0.080769
0 0.209615 0.801923 0.080769 0.065385
0 0.778846 0.944231 0.088462 0.026923
0 0.659615 0.094231 0.026923 0.034615
0 0.611538 0.373077 0.015385 0.015385
0 0.321154 0.323077 0.073077 0.046154
