0 0.177578 0.708527 0.047463 0.024806
0 0.733224 0.751938 0.019640 0.015504
0 0.621931 0.668992 0.009820 0.004651
0 0.409984 0.713953 0.014730 0.023256
0 0.225859 0.896124 0.032733 0.034109
0 0.909984 0.703876 0.009820 0.015504
0 0.024550 0.260465 0.013093 0.021705
0 0.674304 0.060465 0.009820 0.009302
0 0.618658 0.965891 0.013093 0.012403
0 0.418167 0.523256 0.001637 0.007752
0 0.658756 0.310078 0.031097 0.021705
0 0.077741 0.362791 0.040917 0.031008
0 0.684124 0.522481 0.003273 0.006202
0 0.115385 0.775969 0.027823 0.020155
0 0.140753 0.960465 0.019640 0.023256
0 0.462357 0.439535 0.011457 0.010853
0 0.436170 0.943411 0.001637 0.004651
0 0.175941 0.600775 0.014730 0.004651
0 0.853519 0.986822 0.004910 0.007752
0 0.446809 0.991473 0.003273 0.004651
0 0.092471 0.474419 0.001637 0.003101
0 0.801146 0.550388 0.0343699 0.0589147
0 0.541735 0.730233 0.0720131 0.148837
0 0.675123 0.723256 0.0801964 0.162791
