0 0.361511 0.492908 0.010791 0.021277
0 0.251799 0.698582 0.064748 0.035461
0 0.093525 0.879433 0.050360 0.042553
0 0.805755 0.709220 0.021583 0.014184
0 0.863309 0.134752 0.086331 0.078014
0 0.491007 0.620567 0.082734 0.078014
0 0.341727 0.475177 0.021583 0.028369
0 0.766187 0.250000 0.021583 0.039007
0 0.715827 0.070922 0.107914 0.063830
0 0.634892 0.326241 0.046763 0.078014
0 0.241007 0.645390 0.107914 0.063830
0 0.760791 0.379433 0.140288 0.049645
0 0.219424 0.755319 0.050360 0.042553
0 0.500000 0.368794 0.100719 0.063830
0 0.329137 0.819149 0.118705 0.028369
0 0.107914 0.363475 0.021583 0.060284
0 0.197842 0.131206 0.014388 0.035461
0 0.473022 0.290780 0.068345 0.078014
0 0.861511 0.257092 0.089928 0.074468
0 0.219424 0.039007 0.028777 0.042553
0 0.683453 0.865248 0.050360 0.049645
0 0.251799 0.241135 0.093525 0.070922
0 0.541367 0.253546 0.061151 0.031915
0 0.570144 0.510638 0.010791 0.021277
0 0.636691 0.519504 0.100719 0.053191
0 0.652878 0.379433 0.061151 0.070922
0 0.751799 0.331560 0.122302 0.053191
0 0.473022 0.450355 0.111511 0.056738
0 0.230216 0.425532 0.057554 0.035461
0 0.134892 0.586879 0.097122 0.067376
0 0.688849 0.150709 0.053957 0.017730
0 0.442446 0.409574 0.014388 0.017730
0 0.055755 0.450355 0.053957 0.035461
0 0.269784 0.569149 0.071942 0.060284
0 0.791367 0.953901 0.028777 0.028369
0 0.660072 0.466312 0.010791 0.024823
0 0.550360 0.170213 0.021583 0.042553
0 0.647482 0.319149 0.021583 0.042553
0 0.341727 0.636525 0.064748 0.102837
0 0.924460 0.131206 0.021583 0.085106
