0 0.300885 0.419355 0.079646 0.107527
0 0.088496 0.416667 0.097345 0.123656
0 0.776549 0.548387 0.048673 0.053763
0 0.451327 0.857527 0.097345 0.123656
0 0.088496 0.959677 0.017699 0.059140
0 0.685841 0.658602 0.079646 0.123656
0 0.261062 0.666667 0.123894 0.096774
0 0.141593 0.669355 0.079646 0.145161
0 0.654867 0.389785 0.008850 0.048387
0 0.050885 0.161290 0.048673 0.064516
0 0.648230 0.067204 0.039823 0.112903
0 0.615044 0.543011 0.017699 0.053763
0 0.530973 0.190860 0.185841 0.069892
0 0.431416 0.102151 0.119469 0.096774
0 0.473451 0.545699 0.079646 0.112903
0 0.918142 0.043011 0.030973 0.043011
0 0.530973 0.760753 0.017699 0.026882
0 0.811947 0.814516 0.048673 0.048387
0 0.823009 0.717742 0.097345 0.123656
0 0.548673 0.295699 0.061947 0.096774
0 0.477876 0.405914 0.061947 0.209677
0 0.876106 0.293011 0.026549 0.048387
0 0.336283 0.107527 0.053097 0.107527
0 0.893805 0.193548 0.070796 0.139785
