0 0.035891 0.845588 0.007426 0.004902
0 0.742574 0.492647 0.029703 0.049020
0 0.252475 0.936275 0.004950 0.009804
0 0.320545 0.905637 0.032178 0.041667
0 0.919554 0.835784 0.022277 0.019608
0 0.595297 0.721814 0.007426 0.007353
0 0.327970 0.580882 0.022277 0.019608
0 0.753713 0.752451 0.032178 0.039216
0 0.027228 0.393382 0.004950 0.007353
0 0.818069 0.849265 0.027228 0.041667
0 0.050743 0.323529 0.032178 0.019608
0 0.111386 0.180147 0.004950 0.007353
0 0.268564 0.446078 0.027228 0.014706
0 0.502475 0.726716 0.029703 0.051471
0 0.962871 0.241422 0.019802 0.036765
0 0.236386 0.411765 0.027228 0.014706
0 0.648515 0.013480 0.039604 0.026961
0 0.383663 0.886029 0.034653 0.056373
0 0.533416 0.916667 0.022277 0.024510
0 0.804455 0.149510 0.064356 0.049020
0 0.397277 0.944853 0.027228 0.017157
0 0.896040 0.661765 0.009901 0.019608
