0 0.175305 0.567143 0.076220 0.031429
0 0.905488 0.452857 0.036585 0.088571
0 0.807927 0.824286 0.079268 0.037143
0 0.643293 0.725714 0.048780 0.097143
0 0.954268 0.351429 0.048780 0.034286
0 0.592988 0.501429 0.064024 0.020000
0 0.888720 0.734286 0.015244 0.028571
0 0.359756 0.225714 0.012195 0.034286
0 0.772866 0.777143 0.021341 0.034286
0 0.658537 0.251429 0.054878 0.028571
0 0.045732 0.918571 0.054878 0.077143
0 0.594512 0.287143 0.060976 0.077143
0 0.016768 0.940000 0.033537 0.028571
0 0.530488 0.258571 0.060976 0.031429
0 0.634146 0.795714 0.012195 0.031429
0 0.596037 0.724286 0.039634 0.054286
0 0.257622 0.857143 0.082317 0.057143
0 0.106707 0.810000 0.012195 0.020000
0 0.198171 0.722857 0.036585 0.051429
0 0.048780 0.840000 0.060976 0.074286
0 0.961890 0.761429 0.015244 0.020000
0 0.452744 0.260000 0.009146 0.022857
0 0.157012 0.221429 0.009146 0.025714
0 0.867378 0.300000 0.015244 0.011429
0 0.905488 0.691429 0.030488 0.045714
0 0.009146 0.071429 0.018293 0.034286
0 0.562500 0.190000 0.045732 0.100000
0 0.339939 0.585714 0.076220 0.062857
0 0.327744 0.017143 0.015244 0.011429
0 0.739329 0.740000 0.033537 0.062857
0 0.762195 0.572857 0.006098 0.025714
0 0.832317 0.604286 0.024390 0.014286
0 0.440549 0.368571 0.051829 0.085714
0 0.118902 0.185714 0.091463 0.040000
0 0.352134 0.741429 0.021341 0.014286
0 0.199695 0.0128571 0.0152439 0.0257143
