0 0.263383 0.242981 0.051392 0.045356
0 0.389722 0.536717 0.004283 0.006479
0 0.638116 0.946004 0.004283 0.004320
0 0.518201 0.560475 0.025696 0.015119
0 0.564240 0.104752 0.036403 0.053996
0 0.864026 0.299136 0.006424 0.015119
0 0.168094 0.060475 0.006424 0.008639
0 0.800857 0.586393 0.029979 0.041037
0 0.549251 0.468683 0.053533 0.043197
0 0.122056 0.169546 0.017131 0.019438
0 0.383298 0.754860 0.047109 0.015119
0 0.400428 0.645788 0.042827 0.047516
0 0.701285 0.055076 0.002141 0.006479
0 0.552463 0.664147 0.042827 0.045356
0 0.837259 0.626350 0.004283 0.004320
0 0.600642 0.963283 0.066381 0.034557
0 0.820128 0.845572 0.042827 0.023758
0 0.682013 0.825054 0.053533 0.025918
0 0.847966 0.192225 0.081370 0.030238
0 0.592077 0.559395 0.070664 0.034557
