0 0.858000 0.943000 0.028000 0.050000
0 0.861000 0.666000 0.014000 0.020000
0 0.342000 0.280000 0.004000 0.004000
0 0.081000 0.649000 0.022000 0.014000
0 0.263000 0.311000 0.018000 0.014000
0 0.506000 0.285000 0.004000 0.006000
0 0.631000 0.813000 0.038000 0.030000
0 0.023000 0.120000 0.006000 0.016000
0 0.597000 0.150000 0.006000 0.008000
0 0.993000 0.777000 0.002000 0.006000
0 0.268000 0.089000 0.004000 0.006000
0 0.615000 0.987000 0.034000 0.026000
0 0.064000 0.510000 0.004000 0.008000
0 0.219000 0.255000 0.050000 0.038000
0 0.666000 0.204000 0.044000 0.032000
0 0.969000 0.967000 0.002000 0.006000
0 0.640000 0.572000 0.060000 0.032000
0 0.005000 0.145000 0.002000 0.006000
0 0.901000 0.975000 0.014000 0.022000
0 0.617000 0.019000 0.014000 0.018000
0 0.622000 0.368000 0.044000 0.024000
0 0.420000 0.159000 0.016000 0.014000
0 0.716000 0.550000 0.008000 0.008000
0 0.137000 0.546000 0.002000 0.008000
0 0.048000 0.145000 0.012000 0.026000
0 0.405000 0.821000 0.026000 0.050000
0 0.579000 0.238000 0.022000 0.028000
0 0.412000 0.062000 0.012000 0.032000
0 0.865000 0.712000 0.002000 0.008000
0 0.800000 0.696000 0.084000 0.024000
0 0.819000 0.937000 0.010000 0.030000
0 0.645000 0.875000 0.002000 0.002000
0 0.820000 0.150000 0.044000 0.044000
0 0.306000 0.849000 0.092000 0.022000
0 0.087 0.424 0.006 0.02
0 0.539 0.821 0.058 0.118
0 0.038 0.382 0.008 0.02
0 0.058 0.281 0.008 0.018
0 0.019 0.471 0.006 0.018
0 0.098 0.429 0.008 0.018
0 0.049 0.376 0.006 0.02
0 0.07 0.423 0.012 0.018
0 0.05 0.28 0.008 0.016
0 0.062 0.441 0.008 0.022
0 0.56 0.896 0.056 0.136
