0 0.962137 0.911806 0.030083 0.015278
0 0.052905 0.886111 0.006224 0.019444
0 0.629668 0.965278 0.024896 0.030556
0 0.790975 0.277083 0.013485 0.031944
0 0.530083 0.996528 0.004149 0.006944
0 0.095436 0.836806 0.010373 0.020833
0 0.357365 0.315278 0.015560 0.030556
0 0.925311 0.144444 0.012448 0.008333
0 0.431017 0.089583 0.015560 0.009722
0 0.235996 0.883333 0.003112 0.005556
0 0.881224 0.235417 0.003112 0.009722
0 0.656639 0.092361 0.018672 0.040278
0 0.272303 0.249306 0.003112 0.009722
0 0.376556 0.656944 0.004149 0.008333
0 0.872407 0.550000 0.006224 0.019444
0 0.565353 0.720833 0.033195 0.022222
0 0.171162 0.707639 0.004149 0.006944
0 0.560685 0.080556 0.003112 0.005556
0 0.689834 0.709722 0.002075 0.008333
0 0.830913 0.293750 0.002075 0.006944
0 0.080394 0.816667 0.019710 0.016667
0 0.089730 0.179167 0.003112 0.005556
0 0.393154 0.656944 0.018672 0.030556
0 0.401971 0.476389 0.013485 0.008333
0 0.757780 0.934028 0.013485 0.034722
0 0.590249 0.740278 0.014523 0.016667
0 0.800311 0.326389 0.003112 0.005556
