0 0.959893 0.209402 0.005348 0.008547
0 0.342914 0.523504 0.020053 0.018519
0 0.628342 0.776353 0.040107 0.025641
0 0.396390 0.259972 0.020053 0.018519
0 0.085561 0.831197 0.008021 0.015670
0 0.125000 0.004274 0.006684 0.005698
0 0.054813 0.459402 0.008021 0.007123
0 0.235294 0.094729 0.016043 0.041311
0 0.161096 0.761396 0.004011 0.012821
0 0.561497 0.410969 0.016043 0.027066
0 0.472594 0.847578 0.017380 0.022792
0 0.732620 0.113960 0.048128 0.019943
0 0.162433 0.581197 0.006684 0.008547
0 0.405749 0.917379 0.054813 0.011396
0 0.379679 0.614672 0.018717 0.018519
0 0.278743 0.675214 0.033422 0.031339
0 0.432487 0.099715 0.025401 0.034188
0 0.595588 0.217949 0.004011 0.008547
0 0.115642 0.769231 0.044118 0.022792
0 0.338235 0.772080 0.045455 0.022792
0 0.814171 0.692308 0.048128 0.019943
0 0.550802 0.532051 0.018717 0.029915
0 0.950535 0.787749 0.005348 0.008547
0 0.407086 0.410969 0.014706 0.009972
0 0.405080 0.207977 0.010695 0.017094
0 0.566845 0.391026 0.005348 0.007123
0 0.980615 0.552707 0.004011 0.011396
0 0.840241 0.505698 0.006684 0.017094
0 0.050802 0.430912 0.040107 0.024217
0 0.600267 0.352564 0.005348 0.007123
0 0.483289 0.120370 0.012032 0.015670
0 0.805481 0.256410 0.004011 0.008547
0 0.232620 0.542023 0.008021 0.004274
0 0.20254 0.482194 0.0280749 0.0726496
0 0.284091 0.196581 0.0227273 0.0740741
0 0.308824 0.19302 0.026738 0.0754986
