0 0.246753 0.699482 0.072727 0.046632
0 0.376623 0.088083 0.025974 0.041451
0 0.509091 0.453368 0.062338 0.056995
0 0.440260 0.397668 0.007792 0.018135
0 0.746753 0.525907 0.070130 0.046632
0 0.496104 0.126943 0.077922 0.031088
0 0.320779 0.117876 0.059740 0.044041
0 0.523377 0.896373 0.049351 0.015544
0 0.680519 0.314767 0.046753 0.075130
0 0.403896 0.317358 0.080519 0.044041
0 0.457143 0.786269 0.015584 0.044041
0 0.916883 0.669689 0.010390 0.012953
0 0.692208 0.130829 0.059740 0.059585
0 0.522078 0.963731 0.020779 0.015544
0 0.232468 0.615285 0.038961 0.075130
0 0.402597 0.229275 0.010390 0.012953
0 0.725974 0.202073 0.033766 0.036269
0 0.538961 0.264249 0.007792 0.020725
0 0.775325 0.841969 0.090909 0.036269
0 0.549351 0.534974 0.033766 0.023316
0 0.136364 0.143782 0.018182 0.033679
0 0.298701 0.691710 0.020779 0.020725
0 0.297403 0.401554 0.028571 0.036269
0 0.158442 0.705959 0.025974 0.038860
0 0.192208 0.079016 0.041558 0.054404
0 0.814286 0.470207 0.044156 0.080311
0 0.716883 0.768135 0.020779 0.012953
0 0.642857 0.955959 0.012987 0.015544
0 0.497403 0.411917 0.044156 0.020725
0 0.751948 0.953368 0.080519 0.041451
0 0.240260 0.345855 0.080519 0.044041
0 0.766234 0.321244 0.046753 0.046632
0 0.644156 0.286269 0.020779 0.023316
0 0.381818 0.044041 0.015584 0.036269
0 0.357143 0.220207 0.059740 0.056995
0 0.077922 0.411917 0.031169 0.020725
0 0.275325 0.829016 0.0155844 0.0362694
0 0.51039 0.32772 0.012987 0.0336788
0 0.287013 0.797927 0.012987 0.0362694
0 0.283117 0.806995 0.0155844 0.0336788
0 0.771429 0.332902 0.0155844 0.0284974
0 0.454545 0.321244 0.0103896 0.0362694
0 0.725974 0.528497 0.012987 0.0259067
0 0.312987 0.852332 0.012987 0.0362694
0 0.5 0.332902 0.012987 0.0336788
0 0.458442 0.329016 0.012987 0.0362694
0 0.3 0.803109 0.012987 0.0414508
0 0.479221 0.32772 0.012987 0.0336788
0 0.251948 0.82513 0.0155844 0.0388601
0 0.442857 0.332902 0.012987 0.0336788
0 0.564935 0.301813 0.012987 0.0336788
0 0.436364 0.63342 0.0155844 0.0388601
