0 0.537838 0.191057 0.005405 0.013550
0 0.848649 0.153117 0.027027 0.040650
0 0.828378 0.639566 0.029730 0.048780
0 0.378378 0.161247 0.032432 0.018970
0 0.390541 0.525745 0.040541 0.092141
0 0.736486 0.577236 0.008108 0.016260
0 0.397297 0.331978 0.016216 0.024390
0 0.894595 0.532520 0.086486 0.046070
0 0.310811 0.216802 0.086486 0.043360
0 0.698649 0.540650 0.072973 0.051491
0 0.571622 0.136856 0.024324 0.035230
0 0.559459 0.845528 0.010811 0.010840
0 0.847297 0.264228 0.008108 0.013550
0 0.651351 0.532520 0.016216 0.013550
0 0.250000 0.949864 0.035135 0.029810
0 0.129730 0.331978 0.075676 0.051491
0 0.632432 0.707317 0.010811 0.021680
0 0.700000 0.716802 0.043243 0.073171
0 0.010811 0.731707 0.005405 0.016260
0 0.822973 0.588076 0.040541 0.048780
0 0.650000 0.402439 0.013514 0.035230
0 0.662162 0.817073 0.027027 0.013550
0 0.931081 0.132791 0.013514 0.021680
0 0.794595 0.405149 0.032432 0.013550
0 0.131081 0.894309 0.083784 0.043360
0 0.754054 0.086721 0.032432 0.027100
0 0.055405 0.850949 0.008108 0.032520
0 0.918919 0.388889 0.032432 0.067751
0 0.356757 0.313008 0.059459 0.056911
0 0.658108 0.906504 0.067568 0.035230
0 0.698649 0.968835 0.013514 0.013550
