0 0.696970 0.806691 0.007576 0.014870
0 0.876894 0.531599 0.041667 0.022305
0 0.662879 0.486989 0.015152 0.022305
0 0.909091 0.184015 0.045455 0.055762
0 0.405303 0.037175 0.037879 0.037175
0 0.034091 0.258364 0.068182 0.048327
0 0.354167 0.135688 0.003788 0.011152
0 0.715909 0.503717 0.007576 0.011152
0 0.821970 0.044610 0.075758 0.052045
0 0.181818 0.514870 0.098485 0.070632
0 0.645833 0.460967 0.011364 0.014870
0 0.719697 0.763941 0.030303 0.040892
0 0.897727 0.840149 0.083333 0.081784
0 0.702652 0.399628 0.056818 0.033457
0 0.948864 0.576208 0.003788 0.014870
0 0.458333 0.490706 0.030303 0.037175
0 0.606061 0.970260 0.030303 0.059480
0 0.289773 0.711896 0.011364 0.026022
0 0.145833 0.808550 0.003788 0.011152
0 0.227273 0.068773 0.022727 0.018587
0 0.865530 0.343866 0.018939 0.011152
0 0.223485 0.345725 0.007576 0.014870
0 0.799242 0.039033 0.098485 0.070632
0 0.714015 0.667286 0.018939 0.033457
0 0.657197 0.182156 0.064394 0.044610
0 0.571970 0.457249 0.106061 0.066914
0 0.784091 0.293680 0.053030 0.066914
0 0.676136 0.552045 0.087121 0.055762
