0 0.989655 0.334596 0.017241 0.063131
0 0.939655 0.207071 0.006897 0.020202
0 0.805172 0.659091 0.017241 0.060606
0 0.632759 0.898990 0.027586 0.075758
0 0.267241 0.125000 0.034483 0.058081
0 0.489655 0.102273 0.006897 0.012626
0 0.799138 0.578283 0.012069 0.050505
0 0.480172 0.505051 0.043103 0.055556
0 0.108621 0.104798 0.010345 0.042929
0 0.039655 0.507576 0.017241 0.030303
0 0.031897 0.465909 0.053448 0.042929
0 0.211207 0.931818 0.018966 0.010101
0 0.868103 0.074495 0.022414 0.017677
0 0.841379 0.276515 0.006897 0.022727
0 0.454310 0.489899 0.005172 0.015152
0 0.357759 0.220960 0.005172 0.017677
0 0.602586 0.724747 0.015517 0.040404
0 0.323276 0.714646 0.056897 0.040404
0 0.968103 0.784091 0.029310 0.037879
0 0.143103 0.080808 0.013793 0.030303
0 0.825862 0.205808 0.027586 0.063131
0 0.231034 0.775253 0.058621 0.040404
0 0.112069 0.378788 0.010345 0.025253
0 0.932759 0.905303 0.034483 0.047980
0 0.290517 0.232323 0.036207 0.065657
0 0.744828 0.839646 0.031034 0.027778
0 0.131034 0.986111 0.013793 0.027778
0 0.345690 0.256313 0.029310 0.042929
0 0.754310 0.407828 0.025862 0.083333
0 0.147414 0.527778 0.005172 0.015152
0 0.278448 0.651515 0.0362069 0.141414
0 0.318103 0.645202 0.0293103 0.128788
