0 0.547912 0.333747 0.054054 0.037221
0 0.590909 0.192308 0.002457 0.007444
0 0.093366 0.522333 0.054054 0.017370
0 0.619165 0.359801 0.078624 0.039702
0 0.124079 0.781638 0.002457 0.009926
0 0.669533 0.394541 0.081081 0.024814
0 0.249386 0.248139 0.022113 0.014888
0 0.062654 0.895782 0.036855 0.054591
0 0.916462 0.492556 0.004914 0.007444
0 0.493857 0.328784 0.039312 0.032258
0 0.508600 0.750620 0.009828 0.007444
0 0.941032 0.631514 0.029484 0.042184
0 0.141278 0.652605 0.002457 0.004963
0 0.101966 0.470223 0.041769 0.071960
0 0.680590 0.357320 0.034398 0.039702
0 0.035627 0.753102 0.041769 0.071960
0 0.452088 0.550868 0.014742 0.014888
0 0.320639 0.694789 0.031941 0.014888
0 0.406634 0.317618 0.066339 0.044665
0 0.538084 0.496278 0.029484 0.049628
0 0.660934 0.090571 0.019656 0.027295
0 0.208845 0.400744 0.009828 0.007444
0 0.798526 0.222084 0.034398 0.032258
0 0.504914 0.650124 0.061425 0.049628
0 0.808354 0.305211 0.078624 0.039702
0 0.732187 0.816377 0.014742 0.044665
0 0.396806 0.842432 0.017199 0.0471464
0 0.703931 0.854839 0.017199 0.0421836
