0 0.515385 0.118211 0.033846 0.031949
0 0.115385 0.912141 0.040000 0.022364
0 0.710769 0.979233 0.006154 0.028754
0 0.070769 0.725240 0.067692 0.057508
0 0.596923 0.381789 0.012308 0.022364
0 0.809231 0.196486 0.018462 0.041534
0 0.564615 0.570288 0.009231 0.022364
0 0.056923 0.345048 0.046154 0.057508
0 0.093846 0.143770 0.083077 0.057508
0 0.166154 0.889776 0.024615 0.035144
0 0.227692 0.777955 0.006154 0.028754
0 0.860000 0.920128 0.058462 0.089457
0 0.546154 0.345048 0.107692 0.044728
0 0.169231 0.231629 0.024615 0.022364
0 0.973846 0.298722 0.027692 0.028754
0 0.156923 0.678914 0.018462 0.047923
0 0.500000 0.730032 0.052308 0.060703
0 0.527692 0.233227 0.040000 0.044728
0 0.332308 0.113419 0.092308 0.054313
0 0.350769 0.372204 0.012308 0.015974
0 0.855385 0.153355 0.018462 0.025559
0 0.293846 0.076677 0.015385 0.012780
0 0.747692 0.458466 0.067692 0.079872
0 0.163077 0.635783 0.024615 0.025559
0 0.815385 0.017572 0.024615 0.022364
0 0.789231 0.779553 0.052308 0.102236
0 0.620000 0.162939 0.070769 0.070288
0 0.921538 0.070288 0.070769 0.070288
0 0.218462 0.388179 0.086154 0.060703
0 0.067692 0.279553 0.073846 0.035144
0 0.449231 0.664537 0.080000 0.063898
0 0.349231 0.960064 0.070769 0.073482
0 0.944615 0.193291 0.012308 0.015974
