0 0.385463 0.256667 0.039648 0.037778
0 0.245595 0.181111 0.028634 0.020000
0 0.702643 0.005556 0.013216 0.006667
0 0.339207 0.938889 0.057269 0.028889
0 0.664097 0.554444 0.015419 0.015556
0 0.361233 0.792222 0.044053 0.051111
0 0.398678 0.297778 0.008811 0.013333
0 0.453744 0.581111 0.008811 0.020000
0 0.262115 0.711111 0.083700 0.031111
0 0.026432 0.430000 0.013216 0.006667
0 0.711454 0.755556 0.030837 0.031111
0 0.079295 0.427778 0.035242 0.051111
0 0.714758 0.546667 0.019824 0.040000
0 0.479075 0.776667 0.085903 0.028889
0 0.580396 0.826667 0.006608 0.017778
0 0.596916 0.247778 0.061674 0.042222
0 0.233480 0.162222 0.026432 0.013333
0 0.191630 0.665556 0.017621 0.024444
0 0.372247 0.895556 0.030837 0.044444
0 0.678414 0.020000 0.022026 0.035556
0 0.494493 0.652222 0.015419 0.020000
0 0.446035 0.491111 0.006608 0.013333
0 0.068282 0.625556 0.044053 0.055556
0 0.197137 0.558889 0.059471 0.042222
0 0.742291 0.772222 0.008811 0.011111
0 0.329295 0.422222 0.050661 0.026667
0 0.302863 0.090000 0.050661 0.046667
0 0.273128 0.875556 0.074890 0.035556
0 0.582599 0.300000 0.006608 0.013333
0 0.540749 0.615556 0.055066 0.044444
0 0.537445 0.293333 0.026432 0.075556
0 0.886564 0.818889 0.011013 0.037778
0 0.063877 0.095556 0.013216 0.017778
0 0.714758 0.393333 0.006608 0.017778
0 0.013216 0.428889 0.008811 0.022222
0 0.110132 0.274444 0.008811 0.011111
0 0.312775 0.534444 0.017621 0.020000
0 0.436123 0.343333 0.022026 0.042222
0 0.193833 0.031111 0.013216 0.008889
0 0.946035 0.162222 0.028634 0.022222
0 0.082599 0.284444 0.041850 0.062222
0 0.714758 0.917778 0.055066 0.048889
0 0.547357 0.074444 0.063877 0.037778
0 0.514317 0.497778 0.046256 0.057778
0 0.039648 0.447778 0.013216 0.024444
0 0.557269 0.365556 0.00881057 0.0155556
0 0.422908 0.416667 0.00881057 0.02
0 0.481278 0.533333 0.0110132 0.0355556
0 0.494493 0.533333 0.0110132 0.0355556
