0 0.575448 0.205808 0.015345 0.007576
0 0.590793 0.660354 0.081841 0.042929
0 0.177749 0.422980 0.074169 0.017677
0 0.498721 0.347222 0.056266 0.032828
0 0.384910 0.102273 0.012788 0.017677
0 0.210997 0.743687 0.017903 0.027778
0 0.654731 0.359848 0.061381 0.053030
0 0.324808 0.922980 0.046036 0.068182
0 0.693095 0.748737 0.092072 0.032828
0 0.826087 0.367424 0.025575 0.007576
0 0.126598 0.782828 0.017903 0.035354
0 0.804348 0.371212 0.012788 0.030303
0 0.034527 0.032828 0.053708 0.035354
0 0.079284 0.142677 0.015345 0.022727
0 0.933504 0.551768 0.020460 0.022727
0 0.113811 0.526515 0.038363 0.037879
0 0.437340 0.983586 0.030691 0.017677
0 0.322251 0.353535 0.035806 0.050505
0 0.667519 0.141414 0.020460 0.025253
0 0.144501 0.170455 0.079284 0.042929
0 0.581841 0.818182 0.069054 0.050505
0 0.106138 0.345960 0.007673 0.015152
0 0.469309 0.941919 0.007673 0.015152
0 0.450128 0.294192 0.056266 0.063131
0 0.401535 0.566919 0.051151 0.068182
0 0.523018 0.859848 0.017903 0.027778
0 0.731458 0.635101 0.025575 0.047980
0 0.813299 0.842172 0.005115 0.022727
0 0.147059 0.587121 0.017903 0.022727
0 0.147059 0.919192 0.012788 0.025253
0 0.557545 0.878788 0.015345 0.020202
0 0.226343 0.919192 0.063939 0.055556
0 0.634271 0.789141 0.020460 0.037879
0 0.937340 0.797980 0.028133 0.030303
0 0.172634 0.382576 0.058824 0.058081
0 0.948849 0.375000 0.010230 0.012626
0 0.127877 0.421717 0.020460 0.025253
0 0.910486 0.186869 0.015345 0.030303
0 0.86445 0.633838 0.0306905 0.0808081
0 0.946292 0.670455 0.0306905 0.0782828
0 0.984655 0.756313 0.0306905 0.0681818
0 0.973146 0.699495 0.028133 0.0656566
0 0.823529 0.671717 0.0306905 0.0757576
0 0.2289 0.417929 0.0383632 0.0782828
0 0.0485933 0.502525 0.0255754 0.0606061
0 0.943734 0.739899 0.0306905 0.0808081
0 0.516624 0.57702 0.0358056 0.0782828
0 0.305627 0.584596 0.0383632 0.0833333
0 0.466752 0.736111 0.0332481 0.0833333
