0 0.089914 0.601285 0.027593 0.016798
0 0.607041 0.296937 0.024738 0.018775
0 0.760704 0.176383 0.008563 0.016798
0 0.554234 0.408103 0.019981 0.025692
0 0.185538 0.479743 0.001903 0.008893
0 0.602759 0.724802 0.010466 0.010870
0 0.563749 0.087945 0.025690 0.017787
0 0.454805 0.445158 0.001903 0.008893
0 0.823977 0.498518 0.015224 0.012846
0 0.036632 0.776186 0.029496 0.016798
0 0.223597 0.316206 0.011418 0.019763
0 0.494767 0.855237 0.011418 0.024704
0 0.794006 0.401186 0.002854 0.005929
0 0.585633 0.641304 0.012369 0.003953
0 0.631304 0.041008 0.002854 0.006917
0 0.127022 0.660573 0.025690 0.018775
0 0.785442 0.068182 0.002854 0.005929
0 0.456708 0.237154 0.017127 0.021739
0 0.557564 0.122530 0.003806 0.007905
0 0.894386 0.583498 0.007612 0.024704
0 0.025214 0.471344 0.014272 0.005929
0 0.690295 0.403656 0.019981 0.024704
0 0.264510 0.902668 0.024738 0.018775
0 0.794481 0.711957 0.003806 0.004941
0 0.539010 0.982708 0.018078 0.022727
0 0.347764 0.298419 0.008563 0.005929
0 0.168411 0.147727 0.019029 0.020751
0 0.624643 0.105237 0.019981 0.024704
0 0.503330 0.680336 0.005709 0.006917
0 0.834443 0.384881 0.011418 0.020751
0 0.857279 0.257905 0.007612 0.013834
0 0.807326 0.736660 0.027593 0.016798
0 0.925309 0.0247036 0.0313987 0.0454545
0 0.983825 0.0340909 0.0323501 0.0662055
