0 0.076596 0.241784 0.076596 0.136150
0 0.044681 0.105634 0.089362 0.117371
0 0.874468 0.164319 0.114894 0.093897
0 0.589362 0.373239 0.106383 0.098592
0 0.525532 0.575117 0.123404 0.070423
0 0.495745 0.816901 0.012766 0.028169
0 0.329787 0.868545 0.012766 0.028169
0 0.412766 0.868545 0.110638 0.093897
0 0.380851 0.511737 0.012766 0.028169
0 0.887234 0.450704 0.012766 0.037559
0 0.461702 0.481221 0.055319 0.107981
0 0.921277 0.561033 0.097872 0.107981
0 0.134043 0.828638 0.012766 0.032864
0 0.517021 0.328638 0.029787 0.056338
0 0.327660 0.115023 0.127660 0.079812
0 0.651064 0.492958 0.144681 0.065728
0 0.253191 0.401408 0.063830 0.070423
0 0.510638 0.549296 0.110638 0.093897
0 0.729787 0.328638 0.012766 0.028169
0 0.219149 0.347418 0.012766 0.028169
0 0.597872 0.669014 0.089362 0.107981
0 0.627660 0.528169 0.055319 0.154930
0 0.125532 0.434272 0.029787 0.023474
0 0.295745 0.549296 0.131915 0.075117
0 0.057447 0.575117 0.038298 0.079812
0 0.519149 0.211268 0.025532 0.028169
0 0.872340 0.661972 0.051064 0.037559
0 0.406383 0.248826 0.080851 0.075117
0 0.844681 0.039906 0.029787 0.032864
0 0.193617 0.460094 0.080851 0.093897
0 0.270213 0.643192 0.038298 0.084507
0 0.114894 0.082160 0.195745 0.051643
