0 0.352368 0.030471 0.069638 0.055402
0 0.871866 0.768698 0.011142 0.036011
0 0.590529 0.476454 0.016713 0.011080
0 0.094708 0.688366 0.011142 0.013850
0 0.863510 0.171745 0.011142 0.022161
0 0.814763 0.918283 0.036212 0.024931
0 0.910864 0.889197 0.033426 0.055402
0 0.625348 0.524931 0.086351 0.047091
0 0.214485 0.807479 0.022284 0.030471
0 0.785515 0.078947 0.011142 0.013850
0 0.721448 0.264543 0.011142 0.024931
0 0.211699 0.749307 0.061281 0.069252
0 0.724234 0.030471 0.011142 0.016620
0 0.256267 0.963989 0.038997 0.038781
0 0.020891 0.763158 0.025070 0.030471
0 0.144847 0.209141 0.011142 0.013850
0 0.937326 0.480609 0.013928 0.024931
0 0.186630 0.178670 0.044568 0.041551
0 0.642061 0.282548 0.025070 0.044321
0 0.119777 0.458449 0.061281 0.063712
0 0.527855 0.678670 0.019499 0.022161
0 0.952646 0.427978 0.011142 0.013850
0 0.828691 0.559557 0.019499 0.027701
0 0.651811 0.940443 0.072423 0.052632
0 0.430362 0.041551 0.008357 0.016620
0 0.675487 0.578947 0.058496 0.055402
0 0.465181 0.268698 0.027855 0.022161
0 0.810585 0.765928 0.061281 0.063712
0 0.594708 0.418283 0.008357 0.016620
0 0.600279 0.693906 0.008357 0.019391
0 0.263231 0.578947 0.086351 0.044321
0 0.739554 0.166205 0.036212 0.011080
0 0.310585 0.153740 0.013928 0.019391
0 0.708914 0.240997 0.008357 0.022161
