0 0.557692 0.347436 0.017949 0.002564
0 0.465385 0.670513 0.074359 0.043590
0 0.230769 0.871795 0.030769 0.030769
0 0.347436 0.580769 0.017949 0.033333
0 0.474359 0.353846 0.005128 0.015385
0 0.684615 0.626923 0.041026 0.012821
0 0.735897 0.626923 0.010256 0.023077
0 0.005128 0.751282 0.005128 0.015385
0 0.625641 0.576923 0.020513 0.010256
0 0.773077 0.985897 0.017949 0.017949
0 0.979487 0.308974 0.020513 0.012821
0 0.423077 0.848718 0.005128 0.005128
0 0.802564 0.651282 0.030769 0.051282
0 0.373077 0.476923 0.023077 0.046154
0 0.930769 0.692308 0.005128 0.010256
0 0.512821 0.919231 0.010256 0.017949
0 0.406410 0.184615 0.002564 0.010256
0 0.017949 0.030769 0.030769 0.041026
0 0.515385 0.524359 0.061538 0.053846
0 0.694872 0.911538 0.056410 0.033333
0 0.343590 0.698718 0.015385 0.028205
0 0.674359 0.584615 0.071795 0.046154
0 0.555128 0.379487 0.002564 0.005128
0 0.324359 0.070513 0.043590 0.038462
0 0.316667 0.632051 0.023077 0.043590
0 0.424359 0.638462 0.007692 0.015385
0 0.505128 0.460256 0.041026 0.058974
0 0.165385 0.056410 0.069231 0.046154
0 0.530769 0.102564 0.030769 0.035897
0 0.658974 0.888462 0.005128 0.012821
0 0.196154 0.357692 0.058974 0.053846
0 0.160256 0.305128 0.058974 0.030769
