0 0.792621 0.482097 0.012723 0.012788
0 0.561069 0.492327 0.078880 0.043478
0 0.515267 0.488491 0.007634 0.020460
0 0.984733 0.176471 0.015267 0.015345
0 0.175573 0.653453 0.050891 0.038363
0 0.436387 0.506394 0.053435 0.056266
0 0.052163 0.727621 0.078880 0.043478
0 0.488550 0.320972 0.010178 0.012788
0 0.352417 0.538363 0.073791 0.043478
0 0.265903 0.219949 0.083969 0.040921
0 0.798982 0.150895 0.035623 0.086957
0 0.631043 0.172634 0.050891 0.069054
0 0.659033 0.741688 0.045802 0.076726
0 0.292621 0.392583 0.020356 0.012788
0 0.071247 0.035806 0.035623 0.056266
0 0.852417 0.322251 0.086514 0.040921
0 0.916031 0.456522 0.020356 0.023018
0 0.244275 0.413043 0.005089 0.023018
0 0.283715 0.468031 0.038168 0.030691
0 0.591603 0.134271 0.022901 0.063939
0 0.097964 0.523018 0.063613 0.043478
0 0.194656 0.718670 0.007634 0.020460
0 0.804071 0.896419 0.010178 0.012788
0 0.243003 0.539642 0.012723 0.010230
0 0.838422 0.819693 0.048346 0.048593
0 0.372774 0.204604 0.007634 0.015345
0 0.222646 0.306905 0.043257 0.035806
0 0.884224 0.294118 0.012723 0.010230
0 0.282443 0.554987 0.055980 0.030691
0 0.895674 0.199488 0.050891 0.015345
0 0.716285 0.484655 0.012723 0.012788
0 0.115776 0.07289 0.0178117 0.0434783
0 0.0470738 0.345269 0.0178117 0.0511509
0 0.320611 0.0933504 0.0203562 0.0485933
