0 0.791444 0.745726 0.002674 0.004274
0 0.645722 0.045584 0.005348 0.008547
0 0.439171 0.840456 0.001337 0.002849
0 0.133690 0.888177 0.005348 0.012821
0 0.610294 0.077635 0.001337 0.001425
0 0.040775 0.796296 0.004011 0.008547
0 0.833556 0.507123 0.006684 0.017094
0 0.592914 0.725071 0.033422 0.028490
0 0.701203 0.282051 0.012032 0.014245
0 0.070856 0.720085 0.021390 0.012821
0 0.320856 0.443020 0.010695 0.014245
0 0.780080 0.662393 0.014706 0.017094
0 0.827540 0.677350 0.018717 0.018519
0 0.692513 0.816239 0.008021 0.019943
0 0.727941 0.780627 0.046791 0.019943
0 0.294118 0.438746 0.002674 0.002849
0 0.727273 0.622507 0.005348 0.011396
0 0.807487 0.173077 0.002674 0.004274
0 0.086898 0.788462 0.053476 0.015670
0 0.244652 0.382479 0.024064 0.038462
0 0.014037 0.597578 0.004011 0.007123
0 0.651070 0.378205 0.018717 0.009972
0 0.633690 0.793447 0.005348 0.011396
0 0.060160 0.026353 0.005348 0.007123
0 0.858957 0.623219 0.038770 0.024217
0 0.311497 0.574074 0.005348 0.005698
0 0.20254 0.482194 0.0280749 0.0726496
0 0.284091 0.196581 0.0227273 0.0740741
0 0.308824 0.19302 0.026738 0.0754986
