0 0.228033 0.442797 0.012552 0.012712
0 0.265690 0.650424 0.020921 0.016949
0 0.313808 0.794492 0.075314 0.029661
0 0.103556 0.425847 0.006276 0.004237
0 0.238494 0.055085 0.058577 0.038136
0 0.182008 0.490466 0.054393 0.040254
0 0.708159 0.652542 0.035565 0.021186
0 0.675732 0.353814 0.087866 0.025424
0 0.917364 0.588983 0.018828 0.016949
0 0.969665 0.494703 0.010460 0.031780
0 0.420502 0.736229 0.020921 0.014831
0 0.887029 0.906780 0.037657 0.059322
0 0.983264 0.234110 0.029289 0.027542
0 0.389121 0.252119 0.008368 0.016949
0 0.043933 0.525424 0.008368 0.008475
0 0.819038 0.190678 0.027197 0.021186
0 0.384937 0.825212 0.004184 0.006356
0 0.750000 0.805085 0.031381 0.016949
0 0.123431 0.962924 0.025105 0.027542
0 0.031381 0.550847 0.025105 0.025424
0 0.594142 0.753178 0.012552 0.014831
0 0.322176 0.209746 0.012552 0.012712
0 0.638075 0.221398 0.054393 0.040254
0 0.548117 0.161017 0.016736 0.016949
0 0.646444 0.562500 0.062762 0.036017
0 0.700837 0.670551 0.0292887 0.0699153
