0 0.919444 0.858333 0.061111 0.116667
0 0.391667 0.097222 0.038889 0.016667
0 0.050000 0.861111 0.055556 0.066667
0 0.691667 0.836111 0.083333 0.183333
0 0.255556 0.611111 0.166667 0.100000
0 0.508333 0.338889 0.105556 0.122222
0 0.188889 0.483333 0.122222 0.133333
0 0.927778 0.216667 0.144444 0.088889
0 0.097222 0.358333 0.150000 0.105556
0 0.388889 0.175000 0.166667 0.094444
0 0.255556 0.341667 0.100000 0.138889
0 0.088889 0.775000 0.166667 0.083333
0 0.925000 0.297222 0.027778 0.038889
0 0.538889 0.208333 0.044444 0.116667
0 0.658333 0.111111 0.050000 0.011111
0 0.394444 0.822222 0.200000 0.077778
0 0.186111 0.300000 0.027778 0.033333
0 0.775000 0.361111 0.027778 0.033333
0 0.819444 0.833333 0.150000 0.111111
0 0.622222 0.055556 0.033333 0.077778
0 0.813889 0.719444 0.161111 0.094444
0 0.813889 0.319444 0.038889 0.083333
0 0.288889 0.058333 0.144444 0.105556
0 0.680556 0.519444 0.038889 0.027778
0 0.791667 0.177778 0.116667 0.144444
0 0.375000 0.375000 0.127778 0.105556
0 0.786111 0.947222 0.038889 0.061111
0 0.161111 0.141667 0.066667 0.072222
0 0.033333 0.652778 0.066667 0.127778
0 0.577778 0.552778 0.077778 0.127778
0 0.755556 0.086111 0.022222 0.027778
