0 0.717494 0.893506 0.011820 0.015584
0 0.819149 0.320779 0.007092 0.018182
0 0.130024 0.815584 0.023641 0.020779
0 0.029551 0.377922 0.035461 0.044156
0 0.108747 0.568831 0.066194 0.046753
0 0.091017 0.902597 0.068558 0.044156
0 0.687943 0.203896 0.004728 0.023377
0 0.845154 0.198701 0.007092 0.023377
0 0.587470 0.615584 0.040189 0.051948
0 0.703310 0.561039 0.007092 0.020779
0 0.398345 0.654545 0.063830 0.046753
0 0.013002 0.696104 0.007092 0.015584
0 0.432624 0.542857 0.042553 0.062338
0 0.156028 0.787013 0.042553 0.031169
0 0.255319 0.197403 0.033097 0.098701
0 0.813239 0.784416 0.042553 0.067532
0 0.522459 0.601299 0.042553 0.059740
0 0.959811 0.324675 0.037825 0.046753
0 0.807329 0.071429 0.073286 0.044156
0 0.313239 0.064935 0.016548 0.036364
0 0.495272 0.514286 0.021277 0.010390
0 0.503546 0.966234 0.028369 0.015584
0 0.094563 0.798701 0.037825 0.080519
0 0.414894 0.197403 0.044917 0.046753
0 0.222222 0.863636 0.018913 0.028571
0 0.842790 0.506494 0.087470 0.036364
0 0.658392 0.018182 0.007092 0.015584
0 0.028369 0.559740 0.023641 0.033766
0 0.280142 0.027273 0.044917 0.049351
0 0.028369 0.789610 0.018913 0.010390
0 0.317967 0.857143 0.059102 0.025974
0 0.055556 0.640260 0.016548 0.018182
0 0.360520 0.896104 0.021277 0.031169
0 0.979905 0.807792 0.011820 0.010390
0 0.950355 0.238961 0.009456 0.020779
0 0.434988 0.874026 0.004728 0.023377
0 0.044917 0.727273 0.037825 0.046753
0 0.075650 0.220779 0.018913 0.010390
0 0.166667 0.716883 0.007092 0.015584
0 0.133570 0.451948 0.040189 0.041558
0 0.436170 0.266234 0.030733 0.080519
0 0.962175 0.616883 0.014184 0.028571
0 0.067376 0.036364 0.007092 0.020779
0 0.682033 0.462338 0.007092 0.015584
0 0.027187 0.606494 0.054374 0.059740
0 0.615839 0.501299 0.068558 0.041558
0 0.750591 0.742857 0.078014 0.041558
0 0.189125 0.811688 0.0236407 0.0597403
0 0.41844 0.662338 0.0236407 0.0519481
0 0.523641 0.550649 0.0212766 0.0623377
0 0.622931 0.61948 0.035461 0.0753247
0 0.554374 0.5 0.0307329 0.0805195
0 0.758865 0.0922078 0.0283688 0.0649351
0 0.297872 0.802597 0.0236407 0.0623377
