0 0.647059 0.261765 0.052941 0.088235
0 0.729412 0.133824 0.011765 0.014706
0 0.657353 0.782353 0.073529 0.058824
0 0.060294 0.802941 0.026471 0.023529
0 0.105882 0.160294 0.135294 0.032353
0 0.880882 0.547059 0.067647 0.064706
0 0.510294 0.904412 0.008824 0.020588
0 0.261765 0.527941 0.029412 0.032353
0 0.836765 0.517647 0.008824 0.017647
0 0.475000 0.230882 0.038235 0.050000
0 0.845588 0.670588 0.008824 0.017647
0 0.466176 0.032353 0.091176 0.047059
0 0.848529 0.895588 0.061765 0.073529
0 0.891176 0.266176 0.111765 0.038235
0 0.913235 0.985294 0.008824 0.017647
0 0.057353 0.248529 0.020588 0.061765
0 0.064706 0.104412 0.064706 0.073529
0 0.317647 0.441176 0.011765 0.023529
0 0.644118 0.627941 0.005882 0.026471
0 0.020588 0.625000 0.011765 0.014706
0 0.350000 0.304412 0.023529 0.097059
0 0.742647 0.214706 0.008824 0.023529
0 0.710294 0.200000 0.008824 0.017647
0 0.901471 0.888235 0.008824 0.017647
0 0.594118 0.264706 0.041176 0.047059
0 0.847059 0.451471 0.052941 0.050000
0 0.586765 0.641176 0.026471 0.023529
0 0.291176 0.189706 0.070588 0.050000
0 0.539706 0.439706 0.091176 0.050000
0 0.452941 0.344118 0.017647 0.023529
0 0.766176 0.479412 0.091176 0.047059
0 0.522059 0.675000 0.020588 0.026471
0 0.797059 0.775000 0.011765 0.014706
0 0.154412 0.617647 0.008824 0.017647
0 0.823529 0.239706 0.017647 0.055882
0 0.605882 0.948529 0.041176 0.067647
0 0.082353 0.860294 0.017647 0.020588
