0 0.690265 0.356512 0.004425 0.015453
0 0.903761 0.645695 0.002212 0.002208
0 0.463496 0.165563 0.002212 0.004415
0 0.461283 0.848786 0.002212 0.006623
0 0.393805 0.775938 0.026549 0.028698
0 0.769912 0.769316 0.008850 0.011038
0 0.920354 0.481236 0.008850 0.013245
0 0.826327 0.355408 0.019912 0.022075
0 0.752212 0.672185 0.070796 0.033113
0 0.716814 0.214128 0.061947 0.039735
0 0.360619 0.219647 0.035398 0.028698
0 0.153761 0.379691 0.002212 0.008830
0 0.673673 0.367550 0.011062 0.011038
0 0.897124 0.626932 0.019912 0.030905
0 0.813053 0.530905 0.019912 0.046358
0 0.276549 0.328918 0.035398 0.070640
0 0.600664 0.707506 0.006637 0.011038
0 0.366150 0.411700 0.024336 0.059603
0 0.769912 0.623620 0.004425 0.011038
0 0.349558 0.768212 0.008850 0.026490
0 0.400442 0.884106 0.004425 0.002208
0 0.012168 0.144592 0.002212 0.006623
0 0.415929 0.863135 0.066372 0.035320
0 0.221239 0.637969 0.013274 0.044150
0 0.758850 0.594923 0.057522 0.041943
0 0.174779 0.051876 0.004425 0.006623
0 0.519912 0.581678 0.0265487 0.0596026
0 0.469027 0.567329 0.0309735 0.0794702
0 0.44469 0.596026 0.0309735 0.0750552
0 0.483407 0.608168 0.0331858 0.0860927
