0 0.052344 0.276389 0.035937 0.041667
0 0.917969 0.773611 0.010937 0.019444
0 0.649219 0.711111 0.035937 0.061111
0 0.224219 0.370833 0.032813 0.036111
0 0.100000 0.134722 0.050000 0.041667
0 0.230469 0.212500 0.039062 0.052778
0 0.903906 0.193056 0.029687 0.063889
0 0.417187 0.379167 0.009375 0.008333
0 0.954688 0.872222 0.021875 0.066667
0 0.657813 0.898611 0.009375 0.019444
0 0.713281 0.430556 0.004687 0.005556
0 0.237500 0.077778 0.025000 0.061111
0 0.413281 0.366667 0.004687 0.005556
0 0.268750 0.434722 0.012500 0.025000
0 0.334375 0.791667 0.015625 0.050000
0 0.726562 0.805556 0.065625 0.027778
0 0.324219 0.327778 0.001563 0.011111
0 0.323437 0.905556 0.015625 0.033333
0 0.689844 0.534722 0.020313 0.030556
0 0.503906 0.009722 0.010937 0.013889
0 0.382031 0.336111 0.007812 0.022222
0 0.605469 0.511111 0.054688 0.038889
0 0.228125 0.548611 0.012500 0.041667
0 0.018750 0.297222 0.028125 0.027778
0 0.323438 0.281944 0.01875 0.075
0 0.814844 0.981944 0.0171875 0.0361111
0 0.813281 0.325 0.0171875 0.0944444
0 0.56875 0.263889 0.021875 0.0833333
0 0.320312 0.325 0.021875 0.0833333
0 0.285937 0.318056 0.01875 0.0972222
0 0.798437 0.334722 0.01875 0.102778
