0 0.760064 0.751582 0.006441 0.009494
0 0.301932 0.867089 0.014493 0.025316
0 0.359903 0.341772 0.004831 0.009494
0 0.780998 0.815665 0.009662 0.023734
0 0.465378 0.655063 0.038647 0.034810
0 0.571659 0.616297 0.009662 0.014241
0 0.090982 0.500000 0.004831 0.009494
0 0.086151 0.955696 0.004831 0.009494
0 0.513688 0.084652 0.006441 0.007911
0 0.809984 0.811709 0.041868 0.031646
0 0.478261 0.083861 0.035427 0.034810
0 0.773752 0.405063 0.017713 0.015823
0 0.480676 0.199367 0.046699 0.028481
0 0.037842 0.973892 0.027375 0.007911
0 0.855072 0.958070 0.035427 0.039557
0 0.921900 0.291139 0.004831 0.012658
0 0.571659 0.356804 0.006441 0.030063
0 0.789855 0.132911 0.011272 0.025316
0 0.086957 0.022152 0.051530 0.025316
0 0.159420 0.556962 0.006441 0.009494
0 0.502415 0.242089 0.025765 0.053797
0 0.353462 0.628165 0.043478 0.031646
0 0.285024 0.636867 0.025765 0.042722
0 0.619163 0.251582 0.004831 0.012658
0 0.548309 0.670886 0.008052 0.006329
0 0.796296 0.764241 0.014493 0.022152
0 0.832528 0.911392 0.051530 0.018987
0 0.130435 0.379747 0.009662 0.006329
0 0.190016 0.438291 0.051530 0.025316
0 0.516103 0.837816 0.004831 0.011076
0 0.188406 0.128956 0.019324 0.017405
0 0.690016 0.382911 0.033816 0.041139
0 0.800322 0.386867 0.032206 0.039557
0 0.731884 0.606804 0.011272 0.020570
0 0.710145 0.685918 0.012882 0.023734
0 0.736715 0.106804 0.030596 0.011076
0 0.040258 0.285601 0.048309 0.026899
0 0.862319 0.083861 0.008052 0.006329
0 0.945250 0.261076 0.028986 0.015823
0 0.362319 0.871835 0.019324 0.009494
0 0.055556 0.514241 0.004831 0.009494
0 0.413043 0.909019 0.049919 0.026899
0 0.316425 0.803006 0.008052 0.007911
0 0.727053 0.252373 0.020934 0.020570
0 0.822866 0.876582 0.035427 0.034810
0 0.460548 0.271361 0.006441 0.007911
0 0.563607 0.674051 0.009662 0.025316
0 0.417874 0.555380 0.004831 0.015823
0 0.818035 0.853639 0.016103 0.007911
0 0.293881 0.331487 0.011272 0.007911
