0 0.944112 0.726733 0.015968 0.047525
0 0.304391 0.240594 0.017964 0.029703
0 0.069860 0.818812 0.007984 0.009901
0 0.212575 0.944554 0.009980 0.007921
0 0.959082 0.677228 0.005988 0.015842
0 0.040918 0.615842 0.005988 0.011881
0 0.280439 0.717822 0.005988 0.013861
0 0.538922 0.939604 0.023952 0.017822
0 0.089820 0.598020 0.023952 0.027723
0 0.745509 0.592079 0.009980 0.011881
0 0.693613 0.731683 0.097804 0.021782
0 0.837325 0.124752 0.037924 0.015842
0 0.435130 0.090099 0.007984 0.009901
0 0.055888 0.891089 0.007984 0.011881
0 0.823353 0.660396 0.029940 0.033663
0 0.274451 0.986139 0.005988 0.011881
0 0.866267 0.624752 0.015968 0.029703
0 0.454092 0.625743 0.005988 0.011881
0 0.395210 0.181188 0.023952 0.061386
0 0.538922 0.826733 0.003992 0.017822
0 0.550898 0.676238 0.023952 0.053465
0 0.996008 0.159406 0.007984 0.013861
0 0.022954 0.196040 0.025948 0.043564
0 0.172655 0.401980 0.021956 0.015842
0 0.939122 0.082178 0.053892 0.037624
0 0.363273 0.201980 0.015968 0.039604
0 0.207585 0.312871 0.019960 0.031683
0 0.032934 0.619802 0.005988 0.019802
0 0.673653 0.701980 0.025948 0.033663
0 0.711577 0.608911 0.013972 0.005941
0 0.814371 0.376238 0.063872 0.031683
0 0.834331 0.692079 0.007984 0.009901
0 0.626747 0.482178 0.059880 0.021782
0 0.329341 0.476238 0.059880 0.033663
0 0.115768 0.500990 0.007984 0.011881
0 0.523952 0.814851 0.021956 0.009901
