0 0.128261 0.358696 0.065217 0.082609
0 0.691304 0.863043 0.095652 0.082609
0 0.515217 0.778261 0.073913 0.139130
0 0.054348 0.260870 0.108696 0.095652
0 0.917391 0.865217 0.121739 0.078261
0 0.410870 0.865217 0.013043 0.026087
0 0.530435 0.150000 0.121739 0.082609
0 0.258696 0.154348 0.030435 0.039130
0 0.300000 0.069565 0.026087 0.034783
0 0.126087 0.741304 0.052174 0.108696
0 0.389130 0.650000 0.013043 0.030435
0 0.389130 0.413043 0.013043 0.026087
0 0.241304 0.269565 0.160870 0.060870
0 0.878261 0.702174 0.017391 0.021739
0 0.589130 0.917391 0.100000 0.095652
0 0.089130 0.469565 0.117391 0.052174
0 0.206522 0.547826 0.143478 0.069565
0 0.523913 0.950000 0.021739 0.047826
0 0.206522 0.039130 0.039130 0.060870
0 0.691304 0.054348 0.043478 0.030435
0 0.317391 0.745652 0.052174 0.039130
0 0.695652 0.652174 0.034783 0.052174
0 0.386957 0.232609 0.034783 0.021739
0 0.119565 0.091304 0.047826 0.095652
0 0.613043 0.852174 0.043478 0.026087
0 0.636957 0.708696 0.065217 0.147826
0 0.902174 0.282609 0.013043 0.026087
0 0.347826 0.691304 0.165217 0.060870
0 0.202174 0.750000 0.056522 0.030435
0 0.554348 0.576087 0.047826 0.065217
0 0.686957 0.202174 0.034783 0.030435
0 0.291304 0.213043 0.052174 0.043478
0 0.034783 0.215217 0.069565 0.047826
0 0.328261 0.517391 0.047826 0.052174
