0 0.580952 0.563197 0.034286 0.052045
0 0.364762 0.703532 0.009524 0.016729
0 0.123810 0.052045 0.019048 0.014870
0 0.834286 0.947026 0.011429 0.016729
0 0.931429 0.348513 0.064762 0.027881
0 0.350476 0.443309 0.026667 0.035316
0 0.412381 0.228625 0.013333 0.018587
0 0.095238 0.153346 0.019048 0.039033
0 0.512381 0.766729 0.019048 0.016729
0 0.647619 0.608736 0.011429 0.013011
0 0.020000 0.652416 0.024762 0.018587
0 0.842857 0.277881 0.036190 0.016729
0 0.841905 0.433086 0.026667 0.026022
0 0.666667 0.745353 0.019048 0.029740
0 0.692381 0.081784 0.013333 0.014870
0 0.744762 0.184015 0.007619 0.011152
0 0.386667 0.221190 0.007619 0.018587
0 0.904762 0.728625 0.026667 0.018587
0 0.955238 0.842937 0.001905 0.005576
0 0.473333 0.033457 0.009524 0.007435
0 0.135238 0.537175 0.019048 0.052045
0 0.823810 0.509294 0.005714 0.007435
0 0.085714 0.513941 0.015238 0.020446
0 0.317143 0.335502 0.024762 0.046468
0 0.414286 0.729554 0.009524 0.009294
0 0.783810 0.958178 0.017143 0.024164
0 0.645714 0.239777 0.015238 0.014870
0 0.610476 0.641264 0.005714 0.014870
0 0.976190 0.852230 0.017143 0.013011
0 0.274286 0.758364 0.015238 0.052045
0 0.750476 0.257435 0.011429 0.013011
