0 0.291228 0.389236 0.001754 0.007800
0 0.639035 0.524961 0.009649 0.029641
0 0.301316 0.523401 0.013158 0.023401
0 0.308772 0.080343 0.001754 0.007800
0 0.860526 0.604524 0.001754 0.007800
0 0.071491 0.655226 0.014912 0.021841
0 0.221053 0.588924 0.021053 0.029641
0 0.755263 0.042902 0.003509 0.007800
0 0.104386 0.621685 0.001754 0.007800
0 0.976754 0.465679 0.002632 0.004680
0 0.307895 0.251950 0.001754 0.007800
0 0.047807 0.582683 0.004386 0.017161
0 0.810965 0.474259 0.018421 0.037441
0 0.178947 0.292512 0.001754 0.007800
0 0.925000 0.726209 0.021930 0.014041
0 0.428509 0.045242 0.004386 0.009360
0 0.372807 0.287832 0.001754 0.007800
0 0.878070 0.032761 0.003509 0.012480
0 0.764474 0.211388 0.030702 0.017161
0 0.346053 0.672387 0.002632 0.006240
0 0.760088 0.276911 0.013158 0.032761
0 0.328509 0.747270 0.009649 0.015601
0 0.115351 0.125585 0.025439 0.020281
0 0.682018 0.827613 0.009649 0.023401
0 0.185088 0.141186 0.0140351 0.0577223
0 0.695614 0.919657 0.0122807 0.0452418
0 0.120614 0.141966 0.0166667 0.0624025
0 0.24693 0.25273 0.0219298 0.0936037
0 0.669737 0.915757 0.0149123 0.0530421
0 0.137281 0.141966 0.0131579 0.0592824
0 0.703509 0.895476 0.0122807 0.0530421
0 0.641228 0.922777 0.0122807 0.0514821
0 0.63114 0.955538 0.0149123 0.0670827
