0 0.297619 0.548810 0.019048 0.045238
0 0.800000 0.892857 0.038095 0.033333
0 0.222619 0.052381 0.040476 0.028571
0 0.600000 0.871429 0.042857 0.042857
0 0.584524 0.264286 0.030952 0.076190
0 0.152381 0.660714 0.071429 0.040476
0 0.860714 0.319048 0.035714 0.052381
0 0.650000 0.152381 0.066667 0.042857
0 0.138095 0.372619 0.014286 0.011905
0 0.491667 0.645238 0.045238 0.033333
0 0.977381 0.464286 0.007143 0.014286
0 0.310714 0.471429 0.007143 0.014286
0 0.479762 0.814286 0.021429 0.057143
0 0.144048 0.616667 0.021429 0.042857
0 0.900000 0.876190 0.042857 0.071429
0 0.915476 0.125000 0.026190 0.050000
0 0.104762 0.795238 0.014286 0.038095
0 0.326190 0.427381 0.009524 0.011905
0 0.650000 0.322619 0.023810 0.011905
0 0.739286 0.507143 0.040476 0.019048
0 0.794048 0.233333 0.040476 0.071429
0 0.721429 0.427381 0.047619 0.054762
0 0.785714 0.927381 0.004762 0.021429
0 0.951190 0.579762 0.030952 0.026190
0 0.707143 0.905952 0.047619 0.064286
0 0.876190 0.779762 0.042857 0.035714
0 0.133333 0.936905 0.009524 0.011905
0 0.263095 0.075000 0.016667 0.050000
0 0.598810 0.692857 0.040476 0.038095
0 0.763095 0.888095 0.007143 0.014286
0 0.904762 0.991667 0.009524 0.011905
0 0.227381 0.023810 0.069048 0.042857
0 0.142857 0.763095 0.014286 0.016667
0 0.535714 0.646429 0.004762 0.021429
0 0.348810 0.116667 0.007143 0.019048
0 0.797619 0.619048 0.009524 0.023810
0 0.039286 0.932143 0.064286 0.045238
0 0.238095 0.785714 0.028571 0.042857
0 0.589286 0.827381 0.073810 0.040476
0 0.046429 0.500000 0.078571 0.033333
0 0.438095 0.975000 0.009524 0.011905
