0 0.710938 0.677019 0.034375 0.062112
0 0.193750 0.509317 0.006250 0.024845
0 0.835938 0.732919 0.015625 0.006211
0 0.537500 0.718944 0.006250 0.015528
0 0.617188 0.586957 0.071875 0.043478
0 0.628125 0.958075 0.068750 0.046584
0 0.326562 0.388199 0.021875 0.018634
0 0.814063 0.017081 0.015625 0.015528
0 0.176563 0.877329 0.040625 0.040373
0 0.931250 0.930124 0.031250 0.027950
0 0.773438 0.774845 0.009375 0.015528
0 0.160938 0.332298 0.009375 0.012422
0 0.387500 0.625776 0.031250 0.034161
0 0.175000 0.226708 0.056250 0.062112
0 0.571875 0.644410 0.081250 0.065217
0 0.971875 0.296584 0.031250 0.040373
0 0.781250 0.658385 0.050000 0.031056
0 0.259375 0.046584 0.025000 0.037267
0 0.896875 0.274845 0.025000 0.040373
0 0.581250 0.268634 0.012500 0.021739
0 0.278125 0.131988 0.006250 0.015528
0 0.525000 0.631988 0.006250 0.015528
