0 0.243073 0.610149 0.007557 0.017327
0 0.128463 0.637376 0.070529 0.047030
0 0.916877 0.634901 0.090680 0.037129
0 0.663728 0.180693 0.042821 0.029703
0 0.795970 0.414604 0.045340 0.047030
0 0.817380 0.180693 0.073048 0.044554
0 0.905542 0.892327 0.037783 0.042079
0 0.085642 0.627475 0.010076 0.017327
0 0.175063 0.237624 0.012594 0.019802
0 0.137280 0.704208 0.027708 0.047030
0 0.920655 0.080446 0.012594 0.032178
0 0.758186 0.506188 0.050378 0.042079
0 0.537783 0.039604 0.012594 0.009901
0 0.192695 0.154703 0.022670 0.017327
0 0.550378 0.054455 0.007557 0.014851
0 0.863980 0.778465 0.030227 0.047030
0 0.444584 0.061881 0.032746 0.034653
0 0.329975 0.058168 0.090680 0.037129
0 0.086902 0.702970 0.068010 0.049505
0 0.143577 0.148515 0.070529 0.044554
0 0.394207 0.132426 0.022670 0.007426
0 0.921914 0.840347 0.040302 0.056931
0 0.777078 0.710396 0.007557 0.014851
0 0.602015 0.571782 0.065491 0.044554
0 0.769521 0.672030 0.057935 0.056931
0 0.677582 0.079208 0.020151 0.019802
0 0.175063 0.943069 0.037783 0.039604
0 0.717884 0.462871 0.030227 0.039604
0 0.770781 0.153465 0.015113 0.029703
0 0.130982 0.117574 0.010076 0.012376
0 0.571788 0.431931 0.075567 0.042079
0 0.972292 0.808168 0.050378 0.061881
0 0.254408 0.152228 0.025189 0.042079
0 0.916877 0.606436 0.010076 0.014851
0 0.528967 0.392327 0.015113 0.032178
0 0.557935 0.470297 0.007557 0.014851
0 0.459698 0.568069 0.083123 0.037129
0 0.039043 0.897277 0.047859 0.051980
0 0.112091 0.860149 0.052897 0.061881
0 0.023929 0.678218 0.047859 0.069307
0 0.046599 0.321782 0.007557 0.014851
0 0.787154 0.101485 0.022670 0.054455
0 0.765743 0.383663 0.010076 0.014851
0 0.322418 0.659653 0.040302 0.022277
0 0.746851 0.456683 0.012594 0.012376
0 0.559194 0.524752 0.035264 0.044554
0 0.263224 0.227723 0.007557 0.014851
0 0.525189 0.139851 0.007557 0.017327
0 0.306045 0.712871 0.007557 0.019802
0 0.400504 0.048267 0.015113 0.007426
0 0.714106 0.850248 0.047859 0.066832
0 0.284635 0.950495 0.010076 0.014851
0 0.450882 0.945545 0.065491 0.049505
0 0.692695 0.646040 0.050378 0.064356
0 0.0629723 0.94802 0.0100756 0.0247525
0 0.617128 0.267327 0.0100756 0.0247525
