0 0.666667 0.410774 0.046595 0.033670
0 0.987455 0.897306 0.021505 0.016835
0 0.501792 0.959596 0.053763 0.030303
0 0.172939 0.757576 0.012545 0.013468
0 0.768817 0.317340 0.017921 0.048822
0 0.405018 0.036195 0.003584 0.015152
0 0.611111 0.397306 0.060932 0.026936
0 0.514337 0.855219 0.068100 0.023569
0 0.316308 0.821549 0.008961 0.010101
0 0.615591 0.566498 0.008961 0.015152
0 0.428315 0.936027 0.010753 0.010101
0 0.177419 0.042088 0.053763 0.030303
0 0.471326 0.930135 0.007168 0.015152
0 0.851254 0.579966 0.039427 0.042088
0 0.277778 0.263468 0.060932 0.025253
0 0.767921 0.972222 0.012545 0.031987
0 0.296595 0.502525 0.005376 0.011785
0 0.668459 0.888047 0.075269 0.021886
0 0.968638 0.309764 0.005376 0.010101
0 0.155018 0.456229 0.026882 0.026936
0 0.593190 0.862795 0.003584 0.015152
0 0.983871 0.130471 0.010753 0.015152
0 0.549283 0.122054 0.016129 0.031987
0 0.902330 0.699495 0.034050 0.045455
0 0.924731 0.497475 0.017921 0.021886
0 0.163082 0.978956 0.053763 0.028620
0 0.182796 0.946970 0.053763 0.028620
0 0.330645 0.203704 0.041219 0.010101
0 0.512545 0.030303 0.007168 0.020202
0 0.500896 0.771044 0.055556 0.026936
0 0.745520 0.591751 0.032258 0.045455
0 0.035842 0.451178 0.021505 0.023569
0 0.821685 0.790404 0.012545 0.008418
0 0.626344 0.666667 0.023297 0.026936
0 0.934588 0.933502 0.034050 0.025253
0 0.845878 0.754209 0.032258 0.033670
0 0.146953 0.236532 0.028674 0.052189
0 0.224014 0.845118 0.028674 0.030303
0 0.327061 0.925926 0.026882 0.030303
0 0.854839 0.512626 0.0215054 0.0454545
0 0.733871 0.578283 0.0232975 0.0286195
0 0.870968 0.671717 0.0250896 0.040404
0 0.723118 0.641414 0.0268817 0.0639731
