0 0.634393 0.583333 0.026012 0.017241
0 0.124277 0.366379 0.011561 0.014368
0 0.729769 0.718391 0.008671 0.017241
0 0.888728 0.110632 0.008671 0.025862
0 0.365607 0.317529 0.049133 0.048851
0 0.934971 0.794540 0.037572 0.112069
0 0.049133 0.872126 0.023121 0.071839
0 0.137283 0.682471 0.008671 0.020115
0 0.117052 0.489943 0.101156 0.043103
0 0.414740 0.889368 0.078035 0.054598
0 0.473988 0.791667 0.034682 0.071839
0 0.963873 0.663793 0.020231 0.028736
0 0.757225 0.159483 0.057803 0.054598
0 0.416185 0.795977 0.063584 0.068966
0 0.134393 0.060345 0.008671 0.017241
0 0.986994 0.918103 0.008671 0.020115
0 0.052023 0.737069 0.075145 0.020115
0 0.841040 0.512931 0.075145 0.054598
0 0.283237 0.544540 0.069364 0.031609
0 0.056358 0.626437 0.049133 0.028736
0 0.362717 0.847701 0.020231 0.034483
0 0.333815 0.823276 0.031792 0.014368
0 0.199422 0.885057 0.040462 0.011494
0 0.802023 0.468391 0.008671 0.017241
0 0.170520 0.041667 0.052023 0.083333
0 0.232659 0.750000 0.037572 0.017241
0 0.020231 0.716954 0.011561 0.014368
0 0.349711 0.205460 0.092486 0.048851
0 0.456647 0.504310 0.092486 0.048851
0 0.452312 0.693966 0.043353 0.100575
0 0.667630 0.949713 0.046243 0.094828
0 0.098266 0.140805 0.011561 0.022989
0 0.559249 0.750000 0.026012 0.045977
0 0.056358 0.795977 0.060694 0.074713
0 0.328035 0.465517 0.026012 0.022989
0 0.410405 0.658046 0.034682 0.045977
0 0.507225 0.563218 0.026012 0.034483
