0 0.841071 0.594643 0.003571 0.010714
0 0.037500 0.187500 0.046429 0.046429
0 0.526786 0.750000 0.017857 0.028571
0 0.719643 0.292857 0.003571 0.014286
0 0.291071 0.196429 0.003571 0.007143
0 0.673214 0.817857 0.017857 0.014286
0 0.162500 0.533929 0.103571 0.060714
0 0.782143 0.264286 0.064286 0.042857
0 0.821429 0.355357 0.007143 0.017857
0 0.553571 0.366071 0.057143 0.089286
0 0.873214 0.196429 0.032143 0.050000
0 0.105357 0.469643 0.096429 0.060714
0 0.710714 0.241071 0.064286 0.046429
0 0.107143 0.969643 0.050000 0.025000
0 0.657143 0.735714 0.028571 0.057143
0 0.394643 0.205357 0.032143 0.017857
0 0.214286 0.157143 0.100000 0.064286
0 0.651786 0.673214 0.110714 0.053571
0 0.776786 0.912500 0.032143 0.032143
0 0.083929 0.425000 0.017857 0.021429
0 0.353571 0.235714 0.135714 0.035714
0 0.060714 0.305357 0.021429 0.032143
0 0.766071 0.737500 0.010714 0.010714
0 0.628571 0.635714 0.007143 0.014286
