0 0.214286 0.325212 0.036247 0.057203
0 0.175906 0.979873 0.010661 0.019068
0 0.174840 0.849576 0.038380 0.059322
0 0.431770 0.476695 0.006397 0.021186
0 0.915778 0.179025 0.014925 0.006356
0 0.068230 0.489407 0.017058 0.016949
0 0.163113 0.582627 0.061834 0.038136
0 0.405117 0.584746 0.021322 0.055085
0 0.123667 0.813559 0.046908 0.033898
0 0.131130 0.554025 0.006397 0.014831
0 0.779318 0.861229 0.010661 0.014831
0 0.792111 0.307203 0.006397 0.012712
0 0.363539 0.699153 0.049041 0.046610
0 0.327292 0.739407 0.014925 0.025424
0 0.357143 0.209746 0.053305 0.046610
0 0.259062 0.360169 0.023454 0.055085
0 0.229211 0.802966 0.036247 0.042373
0 0.149254 0.654661 0.059701 0.038136
0 0.844350 0.038136 0.072495 0.029661
0 0.300640 0.174788 0.051173 0.044492
0 0.282516 0.788136 0.027719 0.088983
0 0.504264 0.634534 0.031983 0.074153
0 0.623667 0.801907 0.006397 0.014831
0 0.425373 0.439619 0.049041 0.048729
0 0.988273 0.394068 0.010661 0.029661
0 0.446695 0.692797 0.010661 0.008475
0 0.085288 0.769068 0.025586 0.059322
0 0.940299 0.200212 0.012793 0.010593
0 0.065032 0.950212 0.006397 0.014831
0 0.667377 0.828390 0.029851 0.021186
0 0.829424 0.984110 0.017058 0.027542
0 0.561834 0.018008 0.074627 0.031780
0 0.431770 0.179025 0.049041 0.044492
0 0.484009 0.311441 0.059701 0.038136
0 0.227079 0.595339 0.023454 0.042373
0 0.181237 0.731992 0.034115 0.023305
0 0.13113 0.725636 0.0447761 0.0783898
0 0.398721 0.588983 0.0298507 0.0720339
0 0.353945 0.551907 0.0298507 0.0699153
