0 0.043554 0.316901 0.017422 0.014085
0 0.655052 0.941901 0.104530 0.059859
0 0.219512 0.269366 0.013937 0.017606
0 0.656794 0.204225 0.059233 0.042254
0 0.668990 0.778169 0.041812 0.091549
0 0.113240 0.286972 0.108014 0.059859
0 0.297909 0.463028 0.010453 0.024648
0 0.235192 0.373239 0.010453 0.021127
0 0.578397 0.869718 0.076655 0.077465
0 0.918118 0.366197 0.045296 0.042254
0 0.904181 0.536972 0.114983 0.052817
0 0.928571 0.966549 0.080139 0.066901
0 0.320557 0.679577 0.055749 0.042254
0 0.224739 0.163732 0.087108 0.073944
0 0.433798 0.132042 0.024390 0.066901
0 0.270035 0.417254 0.108014 0.059859
0 0.547038 0.551056 0.069686 0.080986
0 0.729965 0.325704 0.017422 0.024648
0 0.885017 0.903169 0.041812 0.052817
0 0.270035 0.739437 0.094077 0.070423
0 0.459930 0.857394 0.020906 0.031690
0 0.858885 0.086268 0.031359 0.052817
0 0.660279 0.647887 0.066202 0.098592
0 0.614983 0.154930 0.010453 0.021127
0 0.522648 0.353873 0.111498 0.059859
0 0.618467 0.609155 0.010453 0.021127
0 0.775261 0.341549 0.059233 0.105634
0 0.085366 0.963028 0.073171 0.052817
0 0.193380 0.091549 0.024390 0.063380
0 0.435540 0.964789 0.062718 0.028169
0 0.489547 0.843310 0.031359 0.130282
0 0.709059 0.431338 0.010453 0.045775
0 0.165505 0.535211 0.080139 0.077465
0 0.787456 0.195423 0.034843 0.045775
0 0.385017 0.045775 0.108014 0.056338
0 0.677700 0.875000 0.024390 0.059859
0 0.712544 0.126761 0.038328 0.056338
