0 0.400192 0.880863 0.044146 0.035647
0 0.029750 0.127580 0.040307 0.033771
0 0.547985 0.856473 0.013436 0.039400
0 0.071017 0.764540 0.049904 0.035647
0 0.145873 0.976548 0.011516 0.016886
0 0.500960 0.075047 0.042226 0.030019
0 0.041267 0.409944 0.032630 0.054409
0 0.605566 0.073171 0.005758 0.011257
0 0.904990 0.695122 0.051823 0.035647
0 0.261996 0.775797 0.024952 0.035647
0 0.549904 0.188555 0.040307 0.024390
0 0.212092 0.069418 0.051823 0.037523
0 0.408829 0.843340 0.049904 0.035647
0 0.172745 0.530019 0.034549 0.054409
0 0.567179 0.324578 0.005758 0.018762
0 0.301344 0.472795 0.030710 0.033771
0 0.492322 0.820826 0.047985 0.028143
0 0.458733 0.023452 0.011516 0.005629
0 0.237044 0.331144 0.036468 0.046904
0 0.390595 0.455910 0.009597 0.007505
0 0.084453 0.973734 0.007678 0.011257
0 0.356046 0.853659 0.009597 0.011257
0 0.330134 0.521576 0.026871 0.018762
0 0.900192 0.351782 0.003839 0.016886
0 0.743762 0.905253 0.005758 0.013133
0 0.906910 0.104128 0.021113 0.043152
0 0.942418 0.401501 0.038388 0.026266
0 0.646833 0.045028 0.007678 0.011257
0 0.581574 0.662289 0.061420 0.030019
0 0.880998 0.136023 0.003839 0.016886
0 0.681382 0.540338 0.057582 0.033771
