0 0.266667 0.045833 0.016667 0.050000
0 0.789583 0.422917 0.037500 0.045833
0 0.306250 0.708333 0.054167 0.050000
0 0.222917 0.483333 0.012500 0.033333
0 0.670833 0.489583 0.025000 0.029167
0 0.750000 0.987500 0.008333 0.016667
0 0.254167 0.785417 0.050000 0.020833
0 0.381250 0.127083 0.012500 0.029167
0 0.212500 0.164583 0.016667 0.020833
0 0.664583 0.318750 0.004167 0.012500
0 0.539583 0.156250 0.070833 0.120833
0 0.691667 0.895833 0.058333 0.083333
0 0.166667 0.395833 0.066667 0.058333
0 0.760417 0.406250 0.012500 0.020833
0 0.654167 0.318750 0.008333 0.012500
0 0.483333 0.125000 0.033333 0.025000
0 0.145833 0.018750 0.033333 0.029167
0 0.052083 0.554167 0.104167 0.058333
0 0.908333 0.666667 0.016667 0.025000
0 0.202083 0.487500 0.020833 0.058333
0 0.858333 0.841667 0.016667 0.033333
0 0.183333 0.481250 0.008333 0.012500
0 0.737500 0.452083 0.008333 0.020833
0 0.250000 0.733333 0.116667 0.075000
