0 0.473077 0.638889 0.004615 0.018519
0 0.225385 0.247354 0.035385 0.044974
0 0.586923 0.794974 0.047692 0.044974
0 0.080000 0.468254 0.015385 0.058201
0 0.909231 0.395503 0.036923 0.029101
0 0.851538 0.489418 0.038462 0.015873
0 0.777692 0.871693 0.053846 0.039683
0 0.086154 0.845238 0.012308 0.007937
0 0.449231 0.624339 0.040000 0.052910
0 0.793846 0.917989 0.015385 0.037037
0 0.813077 0.367725 0.010769 0.031746
0 0.090769 0.062169 0.027692 0.076720
0 0.539231 0.215608 0.029231 0.071429
0 0.520000 0.715608 0.018462 0.023810
0 0.300000 0.373016 0.018462 0.047619
0 0.076923 0.683862 0.009231 0.013228
0 0.069231 0.517196 0.009231 0.013228
0 0.420769 0.604497 0.013846 0.007937
0 0.416923 0.431217 0.006154 0.015873
0 0.837692 0.445767 0.026154 0.060847
0 0.849231 0.388889 0.043077 0.047619
0 0.186154 0.761905 0.006154 0.015873
0 0.273846 0.187831 0.009231 0.021164
0 0.623846 0.197090 0.041538 0.050265
0 0.790000 0.084656 0.004615 0.015873
0 0.663846 0.167989 0.035385 0.029101
0 0.598462 0.433862 0.006154 0.021164
0 0.718462 0.342593 0.006154 0.018519
0 0.330000 0.182540 0.007692 0.026455
0 0.858462 0.552910 0.009231 0.010582
0 0.882308 0.973545 0.023077 0.052910
0 0.739231 0.288360 0.016923 0.031746
0 0.128462 0.026455 0.007692 0.010582
0 0.986154 0.904762 0.012308 0.021164
0 0.090769 0.235450 0.006154 0.026455
0 0.034615 0.093915 0.053846 0.039683
0 0.173077 0.187831 0.026154 0.084656
0 0.048462 0.743386 0.056923 0.037037
0 0.970769 0.484127 0.021538 0.037037
0 0.042308 0.687831 0.056923 0.037037
