0 0.555351 0.319892 0.114391 0.091398
0 0.033210 0.344086 0.066421 0.161290
0 0.642066 0.755376 0.022140 0.059140
0 0.511070 0.161290 0.011070 0.032258
0 0.732472 0.870968 0.011070 0.032258
0 0.249077 0.529570 0.011070 0.059140
0 0.230627 0.728495 0.033210 0.037634
0 0.012915 0.236559 0.025830 0.043011
0 0.167897 0.787634 0.077491 0.134409
0 0.505535 0.586022 0.044280 0.053763
0 0.374539 0.258065 0.070111 0.150538
0 0.782288 0.473118 0.073801 0.139785
0 0.306273 0.180108 0.051661 0.059140
0 0.166052 0.459677 0.059041 0.102151
0 0.920664 0.266129 0.040590 0.123656
0 0.440959 0.733871 0.084871 0.048387
0 0.933579 0.741935 0.073801 0.139785
0 0.029520 0.153226 0.059041 0.123656
0 0.721402 0.037634 0.018450 0.021505
0 0.734317 0.685484 0.103321 0.102151
0 0.289668 0.771505 0.047970 0.091398
0 0.110701 0.731183 0.029520 0.064516
0 0.250923 0.271505 0.088561 0.069892
0 0.503690 0.483871 0.084871 0.118280
0 0.365314 0.094086 0.103321 0.102151
0 0.291513 0.069892 0.036900 0.053763
0 0.324723 0.879032 0.110701 0.091398
0 0.651292 0.567204 0.077491 0.123656
0 0.536900 0.908602 0.121771 0.086022
0 0.263838 0.674731 0.040590 0.091398
0 0.055351 0.559140 0.059041 0.053763
0 0.843173 0.577957 0.040590 0.059140
0 0.719557 0.465054 0.044280 0.134409
0 0.579336 0.137097 0.110701 0.091398
0 0.119926 0.870968 0.011070 0.032258
0 0.846863 0.389785 0.047970 0.112903
0 0.260148 0.827957 0.011070 0.032258
0 0.367159 0.569892 0.055351 0.193548
0 0.097786 0.846774 0.025830 0.102151
0 0.583026 0.491935 0.051661 0.112903
0 0.428044 0.502688 0.036900 0.134409
0 0.749077 0.728495 0.0295203 0.112903
0 0.411439 0.685484 0.0332103 0.112903
0 0.776753 0.755376 0.0258303 0.102151
