0 0.230864 0.107513 0.022222 0.012953
0 0.387654 0.788860 0.049383 0.023316
0 0.506173 0.417098 0.074074 0.046632
0 0.270370 0.233161 0.051852 0.067358
0 0.314815 0.590674 0.037037 0.088083
0 0.835802 0.904145 0.007407 0.015544
0 0.893827 0.699482 0.009877 0.015544
0 0.824691 0.740933 0.014815 0.010363
0 0.741975 0.202073 0.061728 0.051813
0 0.870370 0.739637 0.007407 0.018135
0 0.443210 0.066062 0.012346 0.012953
0 0.408642 0.518135 0.056790 0.041451
0 0.395062 0.955959 0.123457 0.025907
0 0.262963 0.860104 0.012346 0.036269
0 0.117284 0.707254 0.017284 0.046632
0 0.964198 0.970207 0.046914 0.018135
0 0.766667 0.336788 0.007407 0.015544
0 0.633333 0.717617 0.007407 0.015544
0 0.430864 0.077720 0.007407 0.015544
0 0.380247 0.765544 0.014815 0.018135
0 0.719753 0.814767 0.041975 0.080311
0 0.529630 0.874352 0.061728 0.038860
0 0.100000 0.663212 0.007407 0.015544
0 0.327160 0.768135 0.017284 0.018135
0 0.393827 0.195596 0.056790 0.059585
0 0.386420 0.642487 0.007407 0.015544
0 0.935802 0.814767 0.009877 0.028497
0 0.966667 0.191710 0.066667 0.051813
0 0.835802 0.138601 0.037037 0.023316
0 0.220988 0.056995 0.012346 0.031088
0 0.823457 0.823834 0.012346 0.010363
0 0.855556 0.626943 0.007407 0.015544
0 0.895062 0.594560 0.027160 0.069948
0 0.453086 0.853627 0.027160 0.049223
0 0.540741 0.961140 0.079012 0.041451
0 0.806173 0.260363 0.007407 0.018135
0 0.690123 0.553109 0.061728 0.044041
0 0.455556 0.388601 0.022222 0.046632
0 0.148148 0.112694 0.054321 0.064767
0 0.218519 0.549223 0.037037 0.046632
0 0.693827 0.169689 0.019753 0.059585
0 0.087654 0.424870 0.041975 0.082902
0 0.377778 0.479275 0.049383 0.031088
0 0.788889 0.840674 0.012346 0.018135
0 0.879012 0.936529 0.0148148 0.0595855
0 0.685185 0.840674 0.037037 0.0751295
0 0.538272 0.818653 0.0296296 0.0725389
0 0.371605 0.668394 0.0320988 0.0777202
0 0.839506 0.968912 0.0246914 0.0621762
0 0.990123 0.84715 0.0197531 0.0725389
0 0.428395 0.705959 0.0271605 0.0803109
0 0.254321 0.673575 0.0296296 0.0777202
0 0.409877 0.760363 0.0296296 0.0699482
0 0.491358 0.772021 0.0296296 0.0725389
0 0.571605 0.766839 0.0271605 0.0777202
0 0.398765 0.705959 0.0320988 0.0751295
0 0.819753 0.84456 0.0296296 0.0777202
0 0.646914 0.895078 0.0296296 0.0699482
0 0.623457 0.812176 0.0271605 0.0803109
0 0.688889 0.884715 0.0296296 0.0803109
0 0.293827 0.632124 0.0296296 0.0777202
0 0.37037 0.744819 0.0296296 0.0803109
0 0.959259 0.979275 0.0271605 0.0414508
0 0.916049 0.797927 0.0345679 0.0880829
0 0.892593 0.931347 0.0271605 0.0751295
0 0.935802 0.98057 0.0246914 0.0388601
0 0.823457 0.888601 0.0320988 0.0777202
0 0.916049 0.927461 0.0246914 0.0673575
0 0.866667 0.917098 0.0246914 0.0777202
