0 0.509398 0.152091 0.071429 0.083650
0 0.385338 0.910646 0.018797 0.034221
0 0.595865 0.494297 0.011278 0.022814
0 0.751880 0.851711 0.060150 0.121673
0 0.926692 0.657795 0.101504 0.076046
0 0.090226 0.557034 0.015038 0.019011
0 0.582707 0.465779 0.015038 0.026616
0 0.199248 0.361217 0.067669 0.038023
0 0.357143 0.861217 0.075188 0.049430
0 0.866541 0.933460 0.026316 0.034221
0 0.146617 0.332700 0.022556 0.049430
0 0.075188 0.106464 0.075188 0.098859
0 0.815789 0.220532 0.030075 0.060837
0 0.577068 0.435361 0.018797 0.026616
0 0.360902 0.336502 0.105263 0.072243
0 0.592105 0.743346 0.056391 0.026616
0 0.026316 0.336502 0.037594 0.041825
0 0.798872 0.794677 0.011278 0.022814
0 0.954887 0.950570 0.037594 0.015209
0 0.343985 0.522814 0.101504 0.072243
0 0.075188 0.043726 0.105263 0.072243
0 0.657895 0.627376 0.082707 0.053232
0 0.101504 0.250951 0.075188 0.098859
0 0.513158 0.602662 0.093985 0.079848
0 0.522556 0.252852 0.105263 0.072243
0 0.462406 0.541825 0.015038 0.034221
0 0.922932 0.359316 0.018797 0.026616
0 0.332707 0.471483 0.011278 0.022814
0 0.725564 0.403042 0.067669 0.106464
0 0.966165 0.039924 0.022556 0.057034
0 0.652256 0.463878 0.048872 0.068441
0 0.565789 0.868821 0.093985 0.079848
0 0.787594 0.547529 0.011278 0.022814
