0 0.085714 0.560606 0.020408 0.054545
0 0.380612 0.503030 0.006122 0.012121
0 0.809184 0.864646 0.030612 0.024242
0 0.967347 0.285859 0.004082 0.010101
0 0.978571 0.410101 0.006122 0.008081
0 0.856122 0.075758 0.051020 0.042424
0 0.371429 0.611111 0.032653 0.014141
0 0.224490 0.417172 0.004082 0.010101
0 0.343878 0.485859 0.010204 0.010101
0 0.455102 0.963636 0.024490 0.036364
0 0.451020 0.927273 0.016327 0.032323
0 0.317347 0.356566 0.006122 0.006061
0 0.867347 0.928283 0.061224 0.034343
0 0.820408 0.197980 0.057143 0.036364
0 0.232653 0.027273 0.024490 0.034343
0 0.789796 0.411111 0.020408 0.046465
0 0.296939 0.563636 0.006122 0.008081
0 0.382653 0.451515 0.022449 0.014141
0 0.442857 0.133333 0.053061 0.016162
0 0.830612 0.038384 0.036735 0.028283
0 0.224490 0.664646 0.036735 0.032323
0 0.563265 0.465657 0.004082 0.010101
0 0.790816 0.465657 0.014286 0.030303
0 0.514286 0.347475 0.004082 0.016162
