0 0.780255 0.404362 0.025478 0.023490
0 0.237261 0.991611 0.009554 0.010067
0 0.578025 0.550336 0.060510 0.040268
0 0.328025 0.795302 0.012739 0.046980
0 0.391720 0.656040 0.012739 0.010067
0 0.644904 0.901007 0.015924 0.010067
0 0.737261 0.347315 0.009554 0.010067
0 0.957006 0.008389 0.009554 0.010067
0 0.767516 0.872483 0.019108 0.020134
0 0.866242 0.595638 0.121019 0.043624
0 0.060510 0.649329 0.038217 0.023490
0 0.539809 0.293624 0.054140 0.023490
0 0.863057 0.924497 0.159236 0.036913
0 0.444268 0.409396 0.009554 0.013423
0 0.613057 0.280201 0.022293 0.023490
0 0.762739 0.989933 0.028662 0.013423
0 0.262739 0.726510 0.015924 0.023490
0 0.511146 0.409396 0.079618 0.067114
0 0.792994 0.892617 0.006369 0.020134
0 0.042994 0.743289 0.028662 0.016779
0 0.977707 0.921141 0.006369 0.016779
0 0.608280 0.389262 0.057325 0.053691
0 0.686306 0.763423 0.041401 0.036913
0 0.584395 0.629195 0.009554 0.016779
0 0.794586 0.486577 0.009554 0.026846
0 0.245223 0.442953 0.019108 0.033557
0 0.291401 0.122483 0.015924 0.043624
0 0.705414 0.716443 0.047771 0.043624
0 0.515924 0.852349 0.044586 0.046980
0 0.520701 0.151007 0.0286624 0.0872483
0 0.243631 0.0268456 0.0286624 0.0536913
0 0.77707 0.478188 0.0318471 0.090604
