0 0.626471 0.663235 0.094118 0.050000
0 0.248529 0.950000 0.079412 0.058824
0 0.285294 0.739706 0.041176 0.097059
0 0.286765 0.205882 0.055882 0.070588
0 0.188235 0.316176 0.005882 0.026471
0 0.827941 0.048529 0.014706 0.026471
0 0.966176 0.770588 0.038235 0.023529
0 0.738235 0.917647 0.017647 0.011765
0 0.925000 0.802941 0.008824 0.017647
0 0.529412 0.527941 0.005882 0.026471
0 0.285294 0.301471 0.011765 0.014706
0 0.069118 0.127941 0.014706 0.032353
0 0.614706 0.969118 0.011765 0.014706
0 0.067647 0.689706 0.029412 0.026471
0 0.850000 0.107353 0.035294 0.014706
0 0.613235 0.444118 0.073529 0.058824
0 0.536765 0.800000 0.020588 0.070588
0 0.941176 0.544118 0.023529 0.041176
0 0.923529 0.300000 0.076471 0.058824
0 0.930882 0.173529 0.008824 0.017647
0 0.908824 0.042647 0.029412 0.038235
0 0.677941 0.098529 0.085294 0.044118
0 0.907353 0.717647 0.014706 0.011765
0 0.532353 0.392647 0.058824 0.067647
0 0.972059 0.082353 0.038235 0.100000
0 0.845588 0.647059 0.008824 0.017647
0 0.444118 0.352941 0.111765 0.041176
0 0.338235 0.276471 0.023529 0.023529
0 0.464706 0.597059 0.094118 0.047059
0 0.133824 0.483824 0.008824 0.020588
0 0.844118 0.166176 0.082353 0.055882
0 0.142647 0.633824 0.032353 0.026471
0 0.282353 0.889706 0.058824 0.055882
0 0.154412 0.088235 0.008824 0.017647
0 0.369118 0.176471 0.014706 0.017647
0 0.582353 0.266176 0.017647 0.020588
