0 0.408203 0.116901 0.011719 0.042254
0 0.724609 0.216901 0.011719 0.022535
0 0.077148 0.515493 0.044922 0.061972
0 0.641602 0.312676 0.017578 0.039437
0 0.123047 0.543662 0.027344 0.101408
0 0.084961 0.239437 0.056641 0.050704
0 0.793945 0.677465 0.056641 0.047887
0 0.208984 0.894366 0.058594 0.047887
0 0.082031 0.049296 0.023438 0.059155
0 0.099609 0.491549 0.015625 0.008451
0 0.791992 0.335211 0.013672 0.016901
0 0.229492 0.343662 0.005859 0.016901
0 0.924805 0.601408 0.025391 0.047887
0 0.190430 0.388732 0.044922 0.061972
0 0.583008 0.083099 0.083984 0.030986
0 0.724609 0.588732 0.019531 0.050704
0 0.220703 0.647887 0.050781 0.056338
0 0.583984 0.408451 0.058594 0.050704
0 0.114258 0.012676 0.013672 0.008451
0 0.825195 0.628169 0.009766 0.011268
0 0.395508 0.778873 0.025391 0.019718
0 0.887695 0.608451 0.013672 0.011268
0 0.912109 0.280282 0.042969 0.047887
0 0.258789 0.801408 0.033203 0.087324
0 0.298828 0.605634 0.074219 0.039437
0 0.268555 0.392958 0.021484 0.019718
0 0.835938 0.667606 0.019531 0.016901
0 0.205078 0.604225 0.050781 0.025352
0 0.833984 0.159155 0.011719 0.036620
0 0.861328 0.083099 0.031250 0.025352
0 0.742188 0.805634 0.031250 0.090141
0 0.659180 0.070423 0.013672 0.022535
0 0.674805 0.218310 0.013672 0.042254
0 0.879883 0.154930 0.005859 0.016901
0 0.032227 0.481690 0.025391 0.039437
0 0.034180 0.707042 0.025391 0.056338
0 0.795898 0.147887 0.060547 0.047887
0 0.337891 0.878873 0.007812 0.016901
0 0.431641 0.705634 0.011719 0.047887
0 0.555664 0.749296 0.0175781 0.0338028
