0 0.175385 0.510769 0.012308 0.018462
0 0.798462 0.153846 0.021538 0.024615
0 0.143077 0.272308 0.089231 0.046154
0 0.106154 0.541538 0.070769 0.067692
0 0.872308 0.601538 0.033846 0.070769
0 0.344615 0.669231 0.012308 0.015385
0 0.221538 0.753846 0.086154 0.055385
0 0.169231 0.706154 0.055385 0.033846
0 0.867692 0.101538 0.018462 0.012308
0 0.241538 0.540000 0.101538 0.046154
0 0.166154 0.164615 0.086154 0.058462
0 0.733846 0.230769 0.015385 0.018462
0 0.289231 0.098462 0.030769 0.024615
0 0.493846 0.161538 0.052308 0.052308
0 0.964615 0.809231 0.021538 0.030769
0 0.367692 0.755385 0.021538 0.015385
0 0.343077 0.240000 0.064615 0.080000
0 0.781538 0.930769 0.110769 0.046154
0 0.066154 0.476923 0.089231 0.055385
0 0.587692 0.918462 0.006154 0.027692
0 0.083077 0.369231 0.030769 0.086154
0 0.830769 0.855385 0.049231 0.098462
0 0.327692 0.416923 0.009231 0.033846
0 0.052308 0.681538 0.012308 0.015385
0 0.570769 0.701538 0.015385 0.043077
0 0.110769 0.118462 0.018462 0.058462
0 0.938462 0.083077 0.116923 0.043077
0 0.298462 0.284615 0.018462 0.027692
0 0.349231 0.812308 0.027692 0.018462
0 0.538462 0.275385 0.012308 0.015385
0 0.358462 0.726154 0.009231 0.018462
0 0.929231 0.146154 0.012308 0.015385
0 0.124615 0.886154 0.021538 0.030769
0 0.813846 0.293846 0.027692 0.064615
0 0.304615 0.929231 0.030769 0.055385
0 0.706154 0.424615 0.009231 0.018462
0 0.070769 0.880000 0.073846 0.067692
0 0.607692 0.098462 0.052308 0.092308
0 0.487692 0.421538 0.046154 0.030769
0 0.686154 0.206154 0.012308 0.024615
0 0.536923 0.18 0.0153846 0.0523077
0 0.763077 0.22 0.0246154 0.0523077
0 0.892308 0.430769 0.0246154 0.0492308
0 0.521538 0.176923 0.0153846 0.0523077
0 0.798462 0.246154 0.0276923 0.0492308
