0 0.952685 0.849351 0.058824 0.036364
0 0.723785 0.428571 0.020460 0.036364
0 0.650895 0.848052 0.012788 0.023377
0 0.828645 0.112987 0.005115 0.007792
0 0.425831 0.490909 0.074169 0.041558
0 0.594629 0.114286 0.017903 0.036364
0 0.730179 0.224675 0.028133 0.038961
0 0.249361 0.376623 0.063939 0.031169
0 0.921995 0.816883 0.028133 0.023377
0 0.322251 0.614286 0.040921 0.023377
0 0.264706 0.735065 0.023018 0.020779
0 0.861893 0.442857 0.040921 0.007792
0 0.341432 0.212987 0.028133 0.025974
0 0.145780 0.920779 0.071611 0.044156
0 0.304348 0.759740 0.005115 0.007792
0 0.398977 0.448052 0.046036 0.038961
0 0.092072 0.438961 0.025575 0.051948
0 0.703325 0.501299 0.005115 0.010390
0 0.141944 0.177922 0.038363 0.085714
0 0.083120 0.262338 0.038363 0.025974
0 0.113811 0.157143 0.012788 0.018182
0 0.076726 0.974026 0.071611 0.046753
0 0.656010 0.606494 0.002558 0.002597
0 0.478261 0.642857 0.066496 0.049351
0 0.090793 0.744156 0.043478 0.023377
0 0.845269 0.725974 0.017903 0.012987
0 0.997442 0.345455 0.005115 0.005195
0 0.561381 0.584416 0.069054 0.046753
0 0.381074 0.877922 0.0358056 0.0935065
0 0.429668 0.890909 0.0511509 0.114286
0 0.530691 0.894805 0.0434783 0.116883
0 0.332481 0.936364 0.0511509 0.116883
