0 0.156250 0.331551 0.036458 0.021390
0 0.937500 0.929144 0.005208 0.008021
0 0.002604 0.100267 0.005208 0.008021
0 0.670573 0.779412 0.007812 0.013369
0 0.697917 0.203209 0.041667 0.032086
0 0.949219 0.264706 0.059896 0.032086
0 0.177083 0.871658 0.020833 0.048128
0 0.757812 0.764706 0.010417 0.016043
0 0.110677 0.847594 0.075521 0.042781
0 0.665365 0.520053 0.023438 0.018717
0 0.770833 0.973262 0.015625 0.032086
0 0.617188 0.965241 0.010417 0.032086
0 0.881510 0.688503 0.028646 0.008021
0 0.251302 0.250000 0.002604 0.002674
0 0.191406 0.554813 0.007812 0.013369
0 0.497396 0.905080 0.015625 0.013369
0 0.829427 0.454545 0.007812 0.021390
0 0.337240 0.342246 0.039062 0.042781
0 0.962240 0.796791 0.007812 0.005348
0 0.826823 0.558824 0.028646 0.016043
0 0.055990 0.290107 0.023438 0.029412
0 0.747396 0.898396 0.031250 0.016043
0 0.588542 0.645722 0.072917 0.029412
0 0.373698 0.064171 0.018229 0.048128
0 0.098958 0.794118 0.005208 0.021390
0 0.082031 0.794118 0.018229 0.058824
0 0.221354 0.141711 0.052083 0.021390
0 0.677083 0.423797 0.0260417 0.0561497
