0 0.118497 0.580460 0.046243 0.097701
0 0.119942 0.125000 0.020231 0.025862
0 0.518786 0.751437 0.026012 0.089080
0 0.059249 0.489943 0.060694 0.071839
0 0.745665 0.021552 0.005780 0.014368
0 0.848266 0.022989 0.049133 0.017241
0 0.489884 0.711207 0.026012 0.031609
0 0.595376 0.333333 0.069364 0.022989
0 0.838150 0.909483 0.052023 0.031609
0 0.946532 0.808908 0.014451 0.025862
0 0.809249 0.185345 0.005780 0.014368
0 0.326590 0.204023 0.017341 0.045977
0 0.098266 0.807471 0.046243 0.022989
0 0.605491 0.665230 0.008671 0.008621
0 0.364162 0.831897 0.017341 0.020115
0 0.216763 0.656609 0.005780 0.014368
0 0.832370 0.156609 0.005780 0.014368
0 0.293353 0.175287 0.043353 0.051724
0 0.186416 0.024425 0.066474 0.048851
0 0.791908 0.659483 0.023121 0.020115
0 0.829480 0.202586 0.017341 0.020115
0 0.624277 0.747126 0.069364 0.028736
0 0.833815 0.343391 0.014451 0.025862
0 0.380058 0.994253 0.008671 0.011494
0 0.280347 0.366379 0.023121 0.037356
0 0.439306 0.602011 0.046243 0.060345
0 0.921965 0.903736 0.104046 0.043103
0 0.065029 0.952586 0.014451 0.008621
0 0.511561 0.834770 0.005780 0.014368
0 0.862717 0.880747 0.008671 0.020115
0 0.260116 0.804598 0.028902 0.022989
0 0.117052 0.212644 0.008671 0.011494
0 0.855491 0.774425 0.017341 0.014368
0 0.478324 0.933908 0.008671 0.011494
