0 0.442786 0.121891 0.054726 0.054726
0 0.065920 0.584577 0.002488 0.004975
0 0.293532 0.453980 0.009950 0.027363
0 0.057214 0.131841 0.054726 0.044776
0 0.705224 0.558458 0.012438 0.027363
0 0.980100 0.118159 0.004975 0.007463
0 0.123134 0.748756 0.007463 0.014925
0 0.804726 0.012438 0.047264 0.024876
0 0.917910 0.854478 0.009950 0.012438
0 0.110697 0.478856 0.067164 0.037313
0 0.340796 0.407960 0.019900 0.034826
0 0.120647 0.941542 0.007463 0.012438
0 0.912935 0.536070 0.019900 0.032338
0 0.759950 0.058458 0.002488 0.002488
0 0.140547 0.726368 0.012438 0.014925
0 0.575871 0.962687 0.002488 0.009950
0 0.513682 0.305970 0.012438 0.009950
0 0.745025 0.317164 0.007463 0.017413
0 0.353234 0.133085 0.004975 0.007463
0 0.854478 0.837065 0.002488 0.007463
0 0.533582 0.648010 0.007463 0.012438
0 0.176617 0.997512 0.004975 0.004975
0 0.370647 0.069652 0.004975 0.009950
0 0.656716 0.601990 0.054726 0.054726
0 0.730100 0.043532 0.012438 0.007463
0 0.606965 0.032338 0.014925 0.009950
0 0.518657 0.118159 0.082090 0.037313
0 0.854478 0.747512 0.002488 0.007463
0 0.895522 0.941542 0.014925 0.032338
0 0.952736 0.471393 0.044776 0.027363
0 0.281095 0.287313 0.039801 0.047264
0 0.0261194 0.889304 0.0124378 0.0373134
0 0.468905 0.594527 0.0174129 0.039801
0 0.271144 0.737562 0.0149254 0.0373134
0 0.359453 0.692786 0.0174129 0.0323383
0 0.284826 0.753731 0.0124378 0.039801
0 0.28607 0.776119 0.0149254 0.039801
0 0.340796 0.676617 0.0149254 0.0348259
0 0.21393 0.74005 0.0149254 0.0422886
0 0.337065 0.69403 0.0174129 0.039801
0 0.00746269 0.883085 0.0149254 0.0447761
0 0.456468 0.590796 0.0124378 0.0373134
0 0.347015 0.751244 0.0124378 0.039801
0 0.385572 0.65796 0.0149254 0.0373134
0 0.268657 0.727612 0.0149254 0.0373134
0 0.325871 0.771144 0.0149254 0.0348259
0 0.281095 0.721393 0.0149254 0.039801
0 0.279851 0.803483 0.0174129 0.0447761
0 0.298507 0.712687 0.0149254 0.0323383
0 0.373134 0.674129 0.0149254 0.0348259
0 0.100746 0.930348 0.0174129 0.039801
0 0.340796 0.63806 0.0149254 0.0373134
0 0.30597 0.686567 0.0149254 0.0348259
0 0.293532 0.822139 0.0149254 0.0422886
0 0.40796 0.649254 0.0149254 0.039801
0 0.310945 0.641791 0.0149254 0.039801
0 0.294776 0.791045 0.0124378 0.039801
0 0.427861 0.616915 0.0149254 0.039801
0 0.218905 0.746269 0.0149254 0.039801
0 0.197761 0.746269 0.0124378 0.0348259
0 0.256219 0.758706 0.0149254 0.0348259
0 0.00870647 0.949005 0.0174129 0.0472637
0 0.600746 0.431592 0.0174129 0.0422886
0 0.182836 0.741294 0.0174129 0.039801
