0 0.085366 0.460784 0.079268 0.045752
0 0.231707 0.879085 0.012195 0.019608
0 0.687500 0.635621 0.051829 0.101307
0 0.646341 0.070261 0.048780 0.094771
0 0.798780 0.388889 0.042683 0.058824
0 0.931402 0.725490 0.070122 0.058824
0 0.530488 0.415033 0.030488 0.091503
0 0.958841 0.619281 0.009146 0.009804
0 0.400915 0.313725 0.082317 0.058824
0 0.977134 0.122549 0.033537 0.062092
0 0.303354 0.859477 0.045732 0.026144
0 0.733232 0.455882 0.009146 0.022876
0 0.312500 0.581699 0.009146 0.013072
0 0.839939 0.398693 0.009146 0.013072
0 0.535061 0.596405 0.106707 0.049020
0 0.795732 0.137255 0.018293 0.013072
0 0.161585 0.766340 0.006098 0.016340
0 0.403963 0.968954 0.027439 0.049020
0 0.216463 0.761438 0.024390 0.026144
0 0.237805 0.965686 0.006098 0.016340
0 0.190549 0.305556 0.082317 0.062092
0 0.233232 0.498366 0.039634 0.075163
0 0.974085 0.542484 0.009146 0.026144
0 0.745427 0.369281 0.039634 0.071895
0 0.140244 0.468954 0.128049 0.035948
0 0.592988 0.434641 0.027439 0.0653595
0 0.117378 0.419935 0.0213415 0.0620915
0 0.333841 0.374183 0.0213415 0.0751634
0 0.167683 0.256536 0.0182927 0.0490196
0 0.132622 0.849673 0.0213415 0.0784314
0 0.897866 0.777778 0.027439 0.0718954
0 0.650915 0.385621 0.0213415 0.0718954
0 0.696646 0.439542 0.027439 0.0751634
0 0.0457317 0.418301 0.0182927 0.0718954
0 0.873476 0.493464 0.027439 0.0718954
0 0.608232 0.426471 0.027439 0.0686275
0 0.542683 0.398693 0.0243902 0.0849673
0 0.589939 0.397059 0.0213415 0.0686275
0 0.0731707 0.419935 0.0243902 0.0751634
0 0.692073 0.616013 0.0243902 0.0620915
0 0.576219 0.455882 0.0243902 0.0620915
0 0.661585 0.614379 0.0243902 0.0784314
0 0.0685976 0.503268 0.0213415 0.0653595
0 0.736281 0.665033 0.0335366 0.0882353
0 0.567073 0.400327 0.0243902 0.0686275
