0 0.549226 0.842969 0.021097 0.026562
0 0.071730 0.326562 0.022504 0.031250
0 0.445851 0.621875 0.011252 0.021875
0 0.753165 0.250781 0.007032 0.007812
0 0.361463 0.978125 0.039381 0.028125
0 0.978200 0.236719 0.009845 0.010937
0 0.038678 0.839844 0.029536 0.020313
0 0.481013 0.275000 0.002813 0.003125
0 0.133615 0.511719 0.002813 0.007812
0 0.511252 0.845313 0.049226 0.021875
0 0.621660 0.378125 0.005626 0.015625
0 0.365682 0.782813 0.002813 0.006250
0 0.220113 0.739062 0.029536 0.034375
0 0.677215 0.467969 0.021097 0.004687
0 0.592827 0.075781 0.004219 0.004687
0 0.658931 0.878125 0.004219 0.006250
0 0.682138 0.208594 0.011252 0.032813
0 0.037271 0.248438 0.012658 0.021875
0 0.641350 0.691406 0.016878 0.042188
0 0.747539 0.339062 0.007032 0.015625
0 0.014768 0.812500 0.021097 0.021875
0 0.654712 0.658594 0.007032 0.014063
0 0.947257 0.395313 0.012658 0.021875
0 0.724332 0.645312 0.039381 0.028125
0 0.855837 0.302344 0.012658 0.007812
0 0.635724 0.889844 0.005626 0.017188
0 0.545007 0.906250 0.004219 0.003125
0 0.664557 0.588281 0.046414 0.023438
0 0.33263 0.822656 0.0323488 0.0640625
0 0.40647 0.821875 0.0281294 0.06875
