0 0.329759 0.934783 0.032172 0.020290
0 0.589812 0.910145 0.042895 0.052174
0 0.300268 0.063768 0.016086 0.011594
0 0.378016 0.769565 0.032172 0.008696
0 0.127346 0.371014 0.056300 0.034783
0 0.824397 0.360870 0.040214 0.055072
0 0.466488 0.685507 0.026810 0.060870
0 0.148794 0.652174 0.072386 0.052174
0 0.198391 0.198551 0.026810 0.014493
0 0.056300 0.781159 0.048257 0.084058
0 0.054960 0.581159 0.083110 0.049275
0 0.233244 0.505797 0.091153 0.043478
0 0.760054 0.395652 0.067024 0.060870
0 0.576408 0.969565 0.010724 0.014493
0 0.939678 0.907246 0.056300 0.028986
0 0.733244 0.243478 0.018767 0.040580
0 0.627346 0.095652 0.075067 0.046377
0 0.951743 0.550725 0.053619 0.075362
0 0.126005 0.428986 0.016086 0.023188
0 0.506702 0.213043 0.053619 0.078261
0 0.198391 0.337681 0.064343 0.037681
0 0.209115 0.714493 0.058981 0.043478
0 0.658177 0.984058 0.024129 0.014493
0 0.962466 0.804348 0.010724 0.043478
0 0.958445 0.771014 0.008043 0.017391
0 0.781501 0.311594 0.018767 0.026087
0 0.540214 0.779710 0.093834 0.040580
0 0.691689 0.763768 0.069705 0.055072
0 0.959786 0.617391 0.0375335 0.0637681
