0 0.269900 0.143035 0.007463 0.017413
0 0.583333 0.655473 0.007463 0.007463
0 0.419154 0.136816 0.017413 0.029851
0 0.475124 0.315920 0.029851 0.064677
0 0.651741 0.404229 0.034826 0.032338
0 0.961443 0.585821 0.012438 0.007463
0 0.751244 0.251244 0.009950 0.024876
0 0.825871 0.419154 0.019900 0.012438
0 0.052239 0.855721 0.029851 0.019900
0 0.027363 0.849502 0.014925 0.022388
0 0.588308 0.287313 0.012438 0.017413
0 0.074627 0.165423 0.004975 0.012438
0 0.197761 0.386816 0.007463 0.012438
0 0.019900 0.134328 0.019900 0.014925
0 0.162935 0.419154 0.022388 0.012438
0 0.762438 0.218905 0.082090 0.034826
0 0.287313 0.399254 0.017413 0.012438
0 0.890547 0.349502 0.004975 0.012438
0 0.302239 0.059701 0.012438 0.019900
0 0.090796 0.023632 0.022388 0.047264
0 0.364428 0.200249 0.007463 0.012438
0 0.354478 0.007463 0.037313 0.009950
0 0.789801 0.072139 0.037313 0.024876
0 0.578358 0.144279 0.007463 0.014925
0 0.405473 0.429104 0.004975 0.012438
0 0.645522 0.815920 0.027363 0.034826
0 0.517413 0.302239 0.034826 0.032338
0 0.309701 0.963930 0.062189 0.032338
0 0.886816 0.796020 0.067164 0.044776
0 0.053483 0.620647 0.017413 0.012438
0 0.360697 0.055970 0.019900 0.052239
0 0.924129 0.991294 0.007463 0.012438
0 0.0261194 0.889304 0.0124378 0.0373134
0 0.468905 0.594527 0.0174129 0.039801
0 0.271144 0.737562 0.0149254 0.0373134
0 0.359453 0.692786 0.0174129 0.0323383
0 0.284826 0.753731 0.0124378 0.039801
0 0.28607 0.776119 0.0149254 0.039801
0 0.340796 0.676617 0.0149254 0.0348259
0 0.21393 0.74005 0.0149254 0.0422886
0 0.337065 0.69403 0.0174129 0.039801
0 0.00746269 0.883085 0.0149254 0.0447761
0 0.456468 0.590796 0.0124378 0.0373134
0 0.347015 0.751244 0.0124378 0.039801
0 0.385572 0.65796 0.0149254 0.0373134
0 0.268657 0.727612 0.0149254 0.0373134
0 0.325871 0.771144 0.0149254 0.0348259
0 0.281095 0.721393 0.0149254 0.039801
0 0.279851 0.803483 0.0174129 0.0447761
0 0.298507 0.712687 0.0149254 0.0323383
0 0.373134 0.674129 0.0149254 0.0348259
0 0.100746 0.930348 0.0174129 0.039801
0 0.340796 0.63806 0.0149254 0.0373134
0 0.30597 0.686567 0.0149254 0.0348259
0 0.293532 0.822139 0.0149254 0.0422886
0 0.40796 0.649254 0.0149254 0.039801
0 0.310945 0.641791 0.0149254 0.039801
0 0.294776 0.791045 0.0124378 0.039801
0 0.427861 0.616915 0.0149254 0.039801
0 0.218905 0.746269 0.0149254 0.039801
0 0.197761 0.746269 0.0124378 0.0348259
0 0.256219 0.758706 0.0149254 0.0348259
0 0.00870647 0.949005 0.0174129 0.0472637
0 0.600746 0.431592 0.0174129 0.0422886
0 0.182836 0.741294 0.0174129 0.039801
