0 0.534247 0.770455 0.018265 0.022727
0 0.584475 0.670455 0.054795 0.040909
0 0.716895 0.622727 0.118721 0.090909
0 0.529680 0.661364 0.045662 0.022727
0 0.105023 0.527273 0.082192 0.081818
0 0.728311 0.195455 0.105023 0.100000
0 0.390411 0.722727 0.013699 0.036364
0 0.367580 0.768182 0.022831 0.045455
0 0.299087 0.777273 0.095890 0.118182
0 0.947489 0.636364 0.022831 0.018182
0 0.543379 0.536364 0.054795 0.090909
0 0.089041 0.281818 0.068493 0.063636
0 0.063927 0.652273 0.018265 0.022727
0 0.881279 0.293182 0.018265 0.022727
0 0.632420 0.184091 0.068493 0.095455
0 0.429224 0.247727 0.109589 0.095455
0 0.490868 0.370455 0.077626 0.077273
0 0.086758 0.602273 0.018265 0.022727
0 0.573059 0.072727 0.031963 0.027273
0 0.093607 0.897727 0.077626 0.131818
0 0.780822 0.954545 0.045662 0.063636
0 0.235160 0.347727 0.068493 0.086364
0 0.287671 0.681818 0.063927 0.054545
0 0.454338 0.445455 0.013699 0.027273
0 0.385845 0.663636 0.041096 0.063636
0 0.904110 0.704545 0.100457 0.100000
0 0.490868 0.650000 0.022831 0.054545
0 0.449772 0.775000 0.031963 0.050000
0 0.481735 0.072727 0.013699 0.036364
0 0.159817 0.268182 0.073059 0.154545
0 0.285388 0.600000 0.041096 0.045455
0 0.767123 0.877273 0.127854 0.081818
0 0.385845 0.375000 0.050228 0.086364
0 0.947489 0.381818 0.013699 0.036364
