0 0.015000 0.709167 0.003333 0.008333
0 0.197500 0.588333 0.005000 0.006667
0 0.816667 0.454167 0.003333 0.008333
0 0.244167 0.154167 0.015000 0.015000
0 0.575833 0.985833 0.015000 0.011667
0 0.424167 0.146667 0.018333 0.010000
0 0.780833 0.590833 0.005000 0.005000
0 0.360000 0.540833 0.003333 0.008333
0 0.921667 0.304167 0.066667 0.011667
0 0.357500 0.788333 0.008333 0.003333
0 0.958333 0.457500 0.016667 0.028333
0 0.962500 0.676667 0.008333 0.010000
0 0.256667 0.741667 0.006667 0.006667
0 0.664167 0.659167 0.015000 0.015000
0 0.581667 0.573333 0.020000 0.010000
0 0.602500 0.140833 0.035000 0.015000
0 0.560000 0.165833 0.003333 0.008333
0 0.824167 0.860833 0.005000 0.005000
0 0.355833 0.738333 0.025000 0.010000
0 0.813333 0.235833 0.003333 0.015000
0 0.907500 0.350833 0.005000 0.008333
0 0.535833 0.748333 0.025000 0.036667
0 0.720000 0.717500 0.010000 0.025000
0 0.346667 0.173333 0.013333 0.056667
0 0.606667 0.959167 0.013333 0.015000
0 0.916667 0.421667 0.016667 0.003333
0 0.967500 0.182500 0.018333 0.008333
0 0.418333 0.767500 0.026667 0.031667
0 0.188333 0.179167 0.016667 0.021667
0 0.210833 0.393333 0.038333 0.016667
0 0.596667 0.453333 0.040000 0.036667
0 0.695000 0.743333 0.020000 0.026667
0 0.510833 0.847500 0.015000 0.015000
0 0.34 0.9275 0.04 0.0916667
0 0.419167 0.863333 0.0383333 0.0733333
0 0.1825 0.889167 0.055 0.0883333
0 0.0766667 0.833333 0.0466667 0.0933333
0 0.0408333 0.890833 0.045 0.0916667
