0 0.510938 0.672308 0.015625 0.015385
0 0.204687 0.369231 0.021875 0.018462
0 0.187500 0.210769 0.025000 0.058462
0 0.578125 0.447692 0.018750 0.027692
0 0.042188 0.983077 0.015625 0.015385
0 0.635938 0.447692 0.021875 0.015385
0 0.775000 0.304615 0.043750 0.030769
0 0.364063 0.963077 0.084375 0.061538
0 0.575000 0.518462 0.012500 0.015385
0 0.251563 0.683077 0.009375 0.018462
0 0.120313 0.332308 0.009375 0.018462
0 0.559375 0.527692 0.012500 0.021538
0 0.692187 0.506154 0.034375 0.052308
0 0.964063 0.409231 0.071875 0.067692
0 0.462500 0.446154 0.018750 0.036923
0 0.696875 0.449231 0.037500 0.043077
0 0.314063 0.898462 0.084375 0.061538
0 0.440625 0.027692 0.081250 0.049231
0 0.114062 0.549231 0.040625 0.052308
0 0.421875 0.189231 0.093750 0.052308
0 0.718750 0.047692 0.100000 0.052308
0 0.690625 0.553846 0.01875 0.0615385
0 0.598437 0.604615 0.021875 0.0338462
0 0.664062 0.606154 0.021875 0.0553846
