0 0.475373 0.969403 0.022388 0.025373
0 0.258955 0.926119 0.022388 0.025373
0 0.520896 0.043284 0.035821 0.020896
0 0.012687 0.534328 0.004478 0.008955
0 0.143284 0.808955 0.008955 0.008955
0 0.269403 0.496269 0.016418 0.019403
0 0.825373 0.242537 0.020896 0.022388
0 0.961940 0.262687 0.037313 0.032836
0 0.379104 0.214179 0.005970 0.016418
0 0.511194 0.381343 0.004478 0.010448
0 0.782836 0.794776 0.019403 0.016418
0 0.277612 0.054478 0.032836 0.037313
0 0.618657 0.613433 0.049254 0.020896
0 0.160448 0.488806 0.025373 0.040299
0 0.384328 0.547761 0.034328 0.026866
0 0.736567 0.824627 0.025373 0.046269
0 0.627612 0.165672 0.004478 0.011940
0 0.111940 0.164179 0.008955 0.005970
0 0.855224 0.049254 0.008955 0.005970
0 0.917164 0.394030 0.055224 0.020896
0 0.057463 0.514925 0.007463 0.005970
0 0.677612 0.687313 0.032836 0.037313
0 0.038060 0.317164 0.007463 0.013433
0 0.208209 0.413433 0.016418 0.011940
0 0.677612 0.653731 0.044776 0.026866
0 0.286567 0.758955 0.032836 0.034328
0 0.980597 0.743284 0.035821 0.017910
0 0.220896 0.841045 0.044776 0.025373
0 0.516418 0.092537 0.038806 0.029851
0 0.157463 0.329851 0.022388 0.017910
0 0.173134 0.965672 0.005970 0.017910
0 0.695522 0.545522 0.014925 0.016418
0 0.966418 0.520896 0.052239 0.020896
0 0.494030 0.933582 0.026866 0.040299
0 0.726866 0.201493 0.038806 0.029851
0 0.810448 0.345522 0.023881 0.028358
0 0.822388 0.864179 0.0328358 0.0567164
0 0.7 0.831343 0.0298507 0.0626866
