0 0.119385 0.384161 0.063830 0.044917
0 0.179669 0.315603 0.009456 0.011820
0 0.400709 0.881797 0.092199 0.033097
0 0.552009 0.984634 0.016548 0.011820
0 0.716312 0.498818 0.033097 0.056738
0 0.205674 0.666667 0.037825 0.033097
0 0.778960 0.295508 0.044917 0.066194
0 0.644208 0.270686 0.082742 0.035461
0 0.781324 0.384161 0.026005 0.035461
0 0.060284 0.934988 0.040189 0.073286
0 0.744681 0.612293 0.061466 0.047281
0 0.906619 0.929078 0.007092 0.018913
0 0.046099 0.875887 0.044917 0.040189
0 0.277778 0.800236 0.059102 0.049645
0 0.195035 0.124113 0.054374 0.049645
0 0.472813 0.672577 0.085106 0.035461
0 0.828605 0.066194 0.016548 0.018913
0 0.309693 0.729314 0.033097 0.049645
0 0.128842 0.144208 0.073286 0.037825
0 0.373522 0.710402 0.075650 0.040189
0 0.983452 0.037825 0.014184 0.023641
0 0.165485 0.930260 0.009456 0.011820
0 0.686761 0.199764 0.054374 0.054374
0 0.956265 0.040189 0.026005 0.037825
0 0.823877 0.613475 0.007092 0.026005
0 0.031915 0.937352 0.011820 0.021277
0 0.189125 0.392435 0.047281 0.061466
0 0.211584 0.256501 0.016548 0.054374
0 0.621749 0.502364 0.052009 0.035461
0 0.950355 0.458629 0.052009 0.052009
0 0.366430 0.843972 0.042553 0.037825
0 0.984634 0.678487 0.007092 0.014184
0 0.295508 0.963357 0.052009 0.054374
0 0.877069 0.927896 0.042553 0.049645
0 0.062648 0.749409 0.026005 0.061466
0 0.607565 0.468085 0.014184 0.018913
0 0.358156 0.069740 0.054374 0.026005
0 0.152482 0.562648 0.011820 0.018913
0 0.599291 0.680851 0.007092 0.018913
0 0.336879 0.804965 0.011820 0.030733
0 0.839243 0.526005 0.004728 0.021277
0 0.054374 0.690307 0.061466 0.047281
0 0.518913 0.212766 0.078014 0.037825
0 0.897163 0.388889 0.007092 0.016548
0 0.166667 0.703310 0.035461 0.078014
0 0.016548 0.834515 0.009456 0.014184
0 0.925532 0.861702 0.082742 0.035461
0 0.953901 0.148936 0.007092 0.018913
0 0.0413712 0.492908 0.0827423 0.101655
