0 0.464557 0.761965 0.048101 0.042821
0 0.700000 0.500000 0.053165 0.027708
0 0.900000 0.965995 0.007595 0.017632
0 0.260759 0.768262 0.025316 0.025189
0 0.451899 0.288413 0.012658 0.017632
0 0.921519 0.382872 0.020253 0.015113
0 0.641772 0.880353 0.007595 0.007557
0 0.246835 0.406801 0.017722 0.042821
0 0.883544 0.769521 0.015190 0.022670
0 0.839241 0.031486 0.017722 0.042821
0 0.215190 0.806045 0.020253 0.015113
0 0.853165 0.628463 0.070886 0.047859
0 0.881013 0.379093 0.010127 0.022670
0 0.860759 0.477330 0.035443 0.052897
0 0.111392 0.581864 0.015190 0.020151
0 0.403797 0.712846 0.002532 0.010076
0 0.853165 0.982368 0.015190 0.020151
0 0.797468 0.619647 0.030380 0.040302
0 0.164557 0.988665 0.030380 0.022670
0 0.703797 0.055416 0.005063 0.015113
0 0.786076 0.836272 0.007595 0.010076
0 0.035443 0.672544 0.020253 0.020151
0 0.353165 0.575567 0.0227848 0.0579345
0 0.663291 0.831234 0.035443 0.070529
0 0.831646 0.955919 0.0278481 0.0629723
0 0.798734 0.9534 0.0329114 0.0831234
0 0.329114 0.465995 0.0202532 0.0503778
0 0.321519 0.676322 0.0253165 0.0629723
0 0.441772 0.580605 0.0227848 0.0528967
0 0.41519 0.717884 0.0253165 0.0654912
