0 0.079427 0.585271 0.018229 0.038760
0 0.187500 0.487080 0.010417 0.023256
0 0.464844 0.677003 0.007812 0.015504
0 0.454427 0.578811 0.018229 0.031008
0 0.040365 0.467700 0.065104 0.056848
0 0.382812 0.649871 0.010417 0.018088
0 0.574219 0.861757 0.065104 0.054264
0 0.954427 0.684755 0.013021 0.010336
0 0.460938 0.791990 0.005208 0.023256
0 0.718750 0.574935 0.057292 0.054264
0 0.929688 0.481912 0.057292 0.064599
0 0.386719 0.425065 0.018229 0.012920
0 0.644531 0.781654 0.049479 0.038760
0 0.907552 0.842377 0.013021 0.015504
0 0.442708 0.759690 0.062500 0.036176
0 0.559896 0.416021 0.036458 0.031008
0 0.083333 0.656331 0.020833 0.010336
0 0.608073 0.763566 0.007812 0.018088
0 0.164062 0.308786 0.046875 0.033592
0 0.511719 0.475452 0.018229 0.015504
0 0.829427 0.206718 0.059896 0.056848
0 0.386719 0.375969 0.054688 0.059432
0 0.742188 0.140827 0.057292 0.043928
0 0.768229 0.776486 0.057292 0.064599
0 0.290365 0.432817 0.028646 0.033592
0 0.895833 0.418605 0.036458 0.056848
0 0.526042 0.842377 0.026042 0.041344
0 0.505208 0.381137 0.036458 0.033592
0 0.381510 0.959948 0.007812 0.018088
0 0.466146 0.246770 0.041667 0.085271
0 0.703125 0.808786 0.020833 0.015504
0 0.449219 0.859173 0.075521 0.043928
0 0.794271 0.658915 0.067708 0.051680
0 0.930990 0.895349 0.075521 0.043928
0 0.365885 0.596899 0.007812 0.015504
0 0.523438 0.791990 0.031250 0.043928
0 0.244792 0.303618 0.104167 0.033592
0 0.298177 0.121447 0.013021 0.041344
0 0.0546875 0.732558 0.0260417 0.0387597
0 0.125 0.644703 0.015625 0.0387597
0 0.0690104 0.794574 0.0182292 0.0439276
0 0.216146 0.662791 0.015625 0.0387597
0 0.145833 0.767442 0.0208333 0.0361757
0 0.121094 0.702842 0.0182292 0.0413437
0 0.0546875 0.80491 0.015625 0.0387597
0 0.244792 0.598191 0.0104167 0.0387597
0 0.110677 0.784238 0.0182292 0.0387597
0 0.0494792 0.744186 0.015625 0.0465116
0 0.171875 0.662791 0.015625 0.0387597
0 0.158854 0.682171 0.015625 0.0361757
0 0.130208 0.760982 0.015625 0.0387597
0 0.0638021 0.728682 0.0130208 0.0361757
0 0.0664062 0.764858 0.0182292 0.0413437
0 0.0768229 0.803618 0.0182292 0.0413437
0 0.0924479 0.649871 0.0182292 0.0387597
0 0.0820312 0.724806 0.0182292 0.0335917
0 0.0885417 0.69509 0.015625 0.0361757
0 0.0638021 0.815245 0.0182292 0.0439276
0 0.0755208 0.837209 0.015625 0.0465116
0 0.216146 0.621447 0.015625 0.0387597
0 0.195312 0.657623 0.015625 0.0439276
0 0.0364583 0.773902 0.015625 0.0387597
0 0.397135 0.430233 0.0182292 0.0439276
