0 0.038369 0.777644 0.023981 0.060096
0 0.609113 0.480769 0.023981 0.028846
0 0.669065 0.701923 0.043165 0.048077
0 0.848921 0.442308 0.052758 0.052885
0 0.008393 0.966346 0.007194 0.014423
0 0.335731 0.183894 0.076739 0.040865
0 0.955635 0.191106 0.016787 0.031250
0 0.862110 0.900240 0.035971 0.021635
0 0.986811 0.465144 0.026379 0.040865
0 0.136691 0.257212 0.067146 0.043269
0 0.291367 0.176683 0.007194 0.021635
0 0.333333 0.700721 0.047962 0.064904
0 0.515588 0.257212 0.033573 0.067308
0 0.290168 0.251202 0.019185 0.021635
0 0.336930 0.432692 0.021583 0.024038
0 0.400480 0.611779 0.009592 0.012019
0 0.802158 0.361779 0.031175 0.069712
0 0.817746 0.544471 0.009592 0.021635
0 0.628297 0.671875 0.033573 0.036058
0 0.154676 0.219952 0.103118 0.026442
0 0.974820 0.590144 0.007194 0.016827
0 0.309353 0.073317 0.019185 0.016827
0 0.338129 0.968750 0.014388 0.028846
0 0.346523 0.260817 0.007194 0.016827
0 0.532374 0.938702 0.062350 0.050481
0 0.630695 0.245192 0.081535 0.038462
0 0.893285 0.276442 0.007194 0.014423
0 0.930456 0.448317 0.033573 0.084135
0 0.750600 0.466346 0.057554 0.033654
0 0.252998 0.805288 0.007194 0.014423
0 0.592326 0.778846 0.009592 0.019231
0 0.754197 0.389423 0.059952 0.052885
0 0.171463 0.750000 0.007194 0.014423
0 0.784173 0.308894 0.004796 0.021635
0 0.039568 0.737981 0.011990 0.014423
0 0.840528 0.917067 0.0311751 0.0600962
0 0.31295 0.691106 0.0119904 0.0408654
0 0.328537 0.689904 0.0143885 0.0432692
