0 0.011614 0.643957 0.006112 0.010664
0 0.673594 0.385071 0.017115 0.016588
0 0.209658 0.613152 0.033007 0.020142
0 0.467604 0.030213 0.011002 0.015403
0 0.792176 0.821682 0.004890 0.010664
0 0.058680 0.719787 0.007335 0.010664
0 0.601467 0.431280 0.007335 0.011848
0 0.322127 0.316351 0.028117 0.016588
0 0.811125 0.044431 0.011002 0.031991
0 0.553178 0.421209 0.015892 0.022512
0 0.256724 0.736967 0.002445 0.004739
0 0.637531 0.915284 0.028117 0.024882
0 0.963936 0.510071 0.008557 0.010664
0 0.625306 0.747038 0.008557 0.005924
0 0.746944 0.799171 0.007335 0.017773
0 0.501834 0.186019 0.013447 0.026066
0 0.613081 0.846564 0.003667 0.008294
0 0.267115 0.980450 0.025672 0.020142
0 0.575795 0.852488 0.004890 0.003555
0 0.170538 0.515995 0.006112 0.005924
0 0.325183 0.549171 0.002445 0.003555
0 0.927262 0.184242 0.047677 0.015403
0 0.579462 0.091232 0.002445 0.004739
0 0.846577 0.199645 0.025672 0.010664
0 0.886308 0.768957 0.039120 0.018957
0 0.536675 0.029028 0.009780 0.010664
0 0.825795 0.734597 0.0256724 0.0473934
0 0.479829 0.650474 0.0232274 0.0521327
0 0.467604 0.38981 0.0281174 0.0663507
0 0.0458435 0.419431 0.0256724 0.0473934
