0 0.298013 0.813657 0.035320 0.016204
0 0.683223 0.261574 0.006623 0.013889
0 0.962472 0.614583 0.057395 0.048611
0 0.698675 0.078704 0.059603 0.041667
0 0.836645 0.166667 0.048565 0.023148
0 0.751656 0.701389 0.028698 0.041667
0 0.485651 0.090278 0.017660 0.018519
0 0.485651 0.776620 0.017660 0.016204
0 0.915011 0.078704 0.037528 0.074074
0 0.324503 0.515046 0.039735 0.030093
0 0.827815 0.805556 0.048565 0.055556
0 0.839956 0.106481 0.024283 0.032407
0 0.280353 0.119213 0.017660 0.043981
0 0.511038 0.531250 0.050773 0.053241
0 0.505519 0.091435 0.013245 0.006944
0 0.596026 0.964120 0.008830 0.011574
0 0.390728 0.248843 0.022075 0.043981
0 0.290287 0.320602 0.050773 0.048611
0 0.175497 0.186343 0.046358 0.043981
0 0.993377 0.123843 0.013245 0.030093
0 0.783664 0.848380 0.022075 0.062500
0 0.332230 0.398148 0.024283 0.106481
0 0.612583 0.540509 0.041943 0.030093
0 0.739514 0.597222 0.066225 0.041667
0 0.737307 0.314815 0.066225 0.041667
0 0.878587 0.429398 0.008830 0.011574
0 0.878587 0.530093 0.075055 0.037037
0 0.130243 0.208333 0.022075 0.023148
0 0.249448 0.155093 0.097130 0.023148
0 0.307947 0.354167 0.019868 0.032407
0 0.897351 0.129630 0.006623 0.013889
0 0.679912 0.048611 0.017660 0.013889
0 0.486755 0.151620 0.050773 0.053241
0 0.564018 0.395833 0.024283 0.032407
0 0.172185 0.776620 0.035320 0.076389
0 0.711921 0.569444 0.011038 0.009259
0 0.852097 0.681713 0.048565 0.057870
0 0.238411 0.987269 0.013245 0.006944
0 0.332230 0.805556 0.006623 0.013889
0 0.427152 0.862269 0.019868 0.016204
0 0.614790 0.516204 0.006623 0.013889
0 0.266004 0.703704 0.024283 0.023148
0 0.122517 0.800926 0.059603 0.046296
0 0.583885 0.584491 0.050773 0.030093
0 0.660044 0.802083 0.030905 0.067130
0 0.458057 0.887731 0.015453 0.057870
0 0.029801 0.412037 0.055188 0.050926
0 0.902870 0.598380 0.057395 0.043981
