0 0.606498 0.884892 0.046931 0.047962
0 0.138989 0.653477 0.018051 0.021583
0 0.224729 0.756595 0.048736 0.045564
0 0.507220 0.224221 0.036101 0.064748
0 0.967509 0.557554 0.046931 0.050360
0 0.905235 0.844125 0.005415 0.014388
0 0.019856 0.208633 0.010830 0.019185
0 0.614621 0.842926 0.012635 0.026379
0 0.495487 0.733813 0.016245 0.052758
0 0.713899 0.779376 0.034296 0.033573
0 0.048736 0.878897 0.003610 0.021583
0 0.162455 0.411271 0.039711 0.021583
0 0.091155 0.655875 0.074007 0.031175
0 0.208484 0.610312 0.016245 0.031175
0 0.222924 0.557554 0.009025 0.026379
0 0.622744 0.176259 0.050542 0.045564
0 0.147112 0.476019 0.023466 0.026379
0 0.559567 0.708633 0.043321 0.040767
0 0.554152 0.910072 0.039711 0.055156
0 0.686823 0.800959 0.016245 0.071942
0 0.076715 0.348921 0.037906 0.059952
0 0.488267 0.581535 0.005415 0.016787
0 0.279783 0.189448 0.014440 0.033573
0 0.781588 0.158273 0.021661 0.019185
0 0.924188 0.754197 0.007220 0.011990
0 0.341155 0.242206 0.021661 0.067146
0 0.723827 0.847722 0.014440 0.021583
0 0.065884 0.081535 0.019856 0.009592
0 0.137184 0.106715 0.039711 0.040767
0 0.543321 0.649880 0.036101 0.062350
0 0.871841 0.233813 0.036101 0.021583
0 0.973827 0.666667 0.005415 0.014388
0 0.979242 0.696643 0.005415 0.016787
0 0.662455 0.062350 0.046931 0.047962
0 0.819495 0.950839 0.039711 0.055156
0 0.782491 0.676259 0.016245 0.023981
0 0.872744 0.330935 0.016245 0.033573
0 0.032491 0.844125 0.054152 0.043165
0 0.286101 0.243405 0.012635 0.021583
0 0.657942 0.348921 0.045126 0.050360
0 0.804152 0.406475 0.034296 0.064748
0 0.584838 0.676259 0.0758123 0.28777
0 0.483755 0.709832 0.064982 0.2494
0 0.33213 0.670264 0.0722022 0.290168
