0 0.105850 0.603878 0.011142 0.022161
0 0.016713 0.865651 0.016713 0.047091
0 0.201950 0.325485 0.036212 0.036011
0 0.032033 0.734072 0.064067 0.060942
0 0.977716 0.591413 0.016713 0.019391
0 0.534819 0.450139 0.094708 0.041551
0 0.515320 0.289474 0.005571 0.013850
0 0.423398 0.177285 0.033426 0.072022
0 0.707521 0.466759 0.027855 0.047091
0 0.272981 0.666205 0.072423 0.052632
0 0.603064 0.897507 0.025070 0.016620
0 0.487465 0.121884 0.027855 0.038781
0 0.075209 0.666205 0.033426 0.041551
0 0.239554 0.966759 0.022284 0.022161
0 0.589136 0.206371 0.019499 0.041551
0 0.377437 0.108033 0.064067 0.060942
0 0.566852 0.336565 0.002786 0.008310
0 0.862117 0.667590 0.075209 0.049861
0 0.452646 0.641274 0.008357 0.019391
0 0.806407 0.691136 0.030641 0.058172
0 0.302228 0.383657 0.080780 0.047091
0 0.385794 0.497230 0.008357 0.013850
0 0.845404 0.256233 0.041783 0.052632
0 0.871866 0.527701 0.011142 0.030471
0 0.823120 0.509695 0.041783 0.038781
0 0.057103 0.634349 0.013928 0.016620
0 0.630919 0.541551 0.002786 0.002770
0 0.889972 0.488920 0.013928 0.036011
