0 0.749027 0.672619 0.011673 0.027778
0 0.451362 0.309524 0.085603 0.087302
0 0.554475 0.829365 0.073930 0.071429
0 0.797665 0.591270 0.093385 0.087302
0 0.038911 0.662698 0.031128 0.039683
0 0.698444 0.847222 0.097276 0.083333
0 0.118677 0.724206 0.011673 0.027778
0 0.817121 0.888889 0.085603 0.095238
0 0.828794 0.230159 0.046693 0.087302
0 0.478599 0.208333 0.038911 0.043651
0 0.309339 0.940476 0.019455 0.015873
0 0.352140 0.751984 0.011673 0.027778
0 0.054475 0.140873 0.015564 0.019841
0 0.819066 0.291667 0.027237 0.019841
0 0.091440 0.795635 0.136187 0.059524
0 0.198444 0.876984 0.023346 0.031746
0 0.739300 0.144841 0.085603 0.075397
0 0.476654 0.817460 0.073930 0.111111
0 0.089494 0.079365 0.031128 0.055556
0 0.247082 0.200397 0.027237 0.035714
0 0.795720 0.218254 0.011673 0.023810
0 0.922179 0.105159 0.070039 0.035714
0 0.130350 0.507937 0.042802 0.079365
0 0.566148 0.533730 0.112840 0.067460
0 0.103113 0.748016 0.011673 0.027778
0 0.441634 0.738095 0.120623 0.039683
0 0.828794 0.132937 0.054475 0.099206
0 0.075875 0.295635 0.097276 0.083333
0 0.132296 0.093254 0.038911 0.043651
0 0.173152 0.047619 0.027237 0.031746
0 0.247082 0.658730 0.011673 0.023810
0 0.394942 0.688492 0.066148 0.051587
0 0.420233 0.422619 0.070039 0.115079
