0 0.697500 0.047500 0.115000 0.045000
0 0.037500 0.752500 0.055000 0.045000
0 0.835000 0.120000 0.040000 0.060000
0 0.720000 0.482500 0.050000 0.075000
0 0.260000 0.757500 0.010000 0.025000
0 0.672500 0.350000 0.065000 0.080000
0 0.467500 0.870000 0.015000 0.020000
0 0.942500 0.497500 0.025000 0.045000
0 0.057500 0.540000 0.115000 0.080000
0 0.665000 0.130000 0.110000 0.040000
0 0.090000 0.747500 0.010000 0.025000
0 0.230000 0.922500 0.010000 0.035000
0 0.810000 0.872500 0.020000 0.035000
0 0.707500 0.222500 0.075000 0.025000
0 0.095000 0.917500 0.040000 0.085000
0 0.617500 0.467500 0.015000 0.035000
0 0.232500 0.662500 0.115000 0.075000
0 0.415000 0.910000 0.030000 0.020000
0 0.550000 0.555000 0.110000 0.120000
0 0.522500 0.082500 0.115000 0.105000
0 0.412500 0.065000 0.095000 0.130000
0 0.677500 0.550000 0.075000 0.050000
0 0.890000 0.045000 0.030000 0.070000
0 0.112500 0.630000 0.115000 0.110000
0 0.707500 0.290000 0.015000 0.020000
0 0.092500 0.825000 0.165000 0.080000
0 0.305000 0.200000 0.090000 0.070000
