0 0.521429 0.984286 0.008571 0.020000
0 0.662857 0.921429 0.085714 0.048571
0 0.415714 0.755714 0.014286 0.014286
0 0.227143 0.512857 0.060000 0.048571
0 0.790000 0.922857 0.037143 0.074286
0 0.290000 0.340000 0.020000 0.011429
0 0.707143 0.357143 0.065714 0.051429
0 0.087143 0.582857 0.025714 0.040000
0 0.821429 0.615714 0.054286 0.077143
0 0.102857 0.115714 0.022857 0.048571
0 0.958571 0.755714 0.077143 0.054286
0 0.045714 0.875714 0.057143 0.077143
0 0.151429 0.424286 0.011429 0.014286
0 0.095714 0.375714 0.031429 0.037143
0 0.757143 0.562857 0.074286 0.022857
0 0.721429 0.204286 0.060000 0.071429
0 0.647143 0.858571 0.060000 0.071429
0 0.378571 0.452857 0.014286 0.048571
0 0.598571 0.562857 0.077143 0.040000
0 0.068571 0.147143 0.034286 0.060000
0 0.022857 0.691429 0.040000 0.108571
0 0.448571 0.612857 0.068571 0.060000
0 0.300000 0.198571 0.011429 0.037143
0 0.588571 0.682857 0.051429 0.057143
0 0.625714 0.342857 0.040000 0.017143
0 0.777143 0.864286 0.051429 0.037143
0 0.590000 0.887143 0.048571 0.065714
0 0.392857 0.404286 0.071429 0.042857
0 0.571429 0.817143 0.080000 0.051429
0 0.375714 0.630000 0.014286 0.020000
0 0.457143 0.537143 0.045714 0.045714
0 0.501429 0.821429 0.054286 0.048571
0 0.500000 0.552857 0.011429 0.014286
0 0.724286 0.517143 0.071429 0.062857
0 0.544286 0.632857 0.060000 0.037143
0 0.305714 0.008571 0.011429 0.017143
0 0.532857 0.767143 0.094286 0.042857
0 0.852857 0.910000 0.054286 0.077143
0 0.841429 0.485714 0.014286 0.045714
0 0.031429 0.801429 0.034286 0.065714
0 0.781429 0.635714 0.020000 0.037143
0 0.664286 0.268571 0.0314286 0.0742857
