0 0.718631 0.653846 0.136882 0.053846
0 0.292776 0.407692 0.007605 0.015385
0 0.465779 0.588462 0.034221 0.069231
0 0.247148 0.653846 0.083650 0.069231
0 0.366920 0.223077 0.041825 0.046154
0 0.503802 0.063462 0.110266 0.065385
0 0.307985 0.301923 0.015209 0.019231
0 0.608365 0.234615 0.030418 0.030769
0 0.058935 0.746154 0.026616 0.023077
0 0.153992 0.117308 0.125475 0.057692
0 0.307985 0.867308 0.045627 0.065385
0 0.800380 0.300000 0.034221 0.015385
0 0.804183 0.792308 0.026616 0.069231
0 0.619772 0.661538 0.015209 0.038462
0 0.730038 0.917308 0.007605 0.019231
0 0.539924 0.484615 0.060837 0.115385
0 0.195817 0.726923 0.019011 0.023077
0 0.581749 0.821154 0.030418 0.034615
0 0.511407 0.857692 0.064639 0.069231
0 0.239544 0.309615 0.114068 0.065385
0 0.366920 0.601923 0.011407 0.011538
0 0.220532 0.405769 0.129278 0.057692
0 0.927757 0.311538 0.114068 0.053846
0 0.412548 0.559615 0.057034 0.065385
0 0.846008 0.117308 0.072243 0.065385
0 0.214829 0.267308 0.011407 0.011538
0 0.074144 0.123077 0.026616 0.038462
0 0.230038 0.598077 0.034221 0.034615
