0 0.372439 0.614625 0.033520 0.011858
0 0.845438 0.182806 0.026071 0.033597
0 0.659218 0.278656 0.029795 0.067194
0 0.378026 0.896245 0.044693 0.033597
0 0.877095 0.119565 0.007449 0.009881
0 0.732775 0.191700 0.024209 0.015810
0 0.276536 0.640316 0.042831 0.043478
0 0.682495 0.147233 0.042831 0.045455
0 0.176909 0.475296 0.026071 0.021739
0 0.468343 0.584980 0.031657 0.007905
0 0.679702 0.082016 0.007449 0.009881
0 0.826816 0.747036 0.048417 0.031621
0 0.872439 0.913043 0.005587 0.011858
0 0.737430 0.019763 0.011173 0.031621
0 0.173184 0.358696 0.026071 0.045455
0 0.277467 0.931818 0.007449 0.009881
0 0.713222 0.558300 0.007449 0.009881
0 0.983240 0.553360 0.018622 0.043478
0 0.207635 0.130435 0.027933 0.035573
0 0.531657 0.089921 0.009311 0.025692
0 0.383613 0.021739 0.044693 0.043478
0 0.559590 0.767787 0.016760 0.025692
0 0.844507 0.712451 0.061453 0.029644
0 0.045624 0.231225 0.054004 0.035573
0 0.314711 0.352767 0.014898 0.037549
0 0.904097 0.082016 0.031657 0.041502
0 0.547486 0.358696 0.007449 0.009881
0 0.531657 0.162055 0.050279 0.039526
0 0.374302 0.431818 0.003724 0.017787
0 0.925512 0.615613 0.029795 0.041502
0 0.281192 0.508893 0.040968 0.049407
0 0.473929 0.835968 0.046555 0.039526
0 0.421788 0.363636 0.020484 0.007905
0 0.638734 0.829051 0.059590 0.033597
0 0.657356 0.551383 0.048417 0.039526
0 0.527002 0.629447 0.048417 0.041502
0 0.812849 0.687747 0.005587 0.015810
0 0.881750 0.778656 0.009311 0.007905
0 0.809125 0.071146 0.005587 0.011858
0 0.778399 0.258893 0.0223464 0.0434783
0 0.636872 0.344862 0.0260708 0.0612648
