0 0.730018 0.874747 0.063943 0.028283
0 0.595027 0.581818 0.014210 0.032323
0 0.314387 0.122222 0.046181 0.042424
0 0.492007 0.348485 0.014210 0.006061
0 0.151865 0.750505 0.030195 0.062626
0 0.888099 0.242424 0.035524 0.052525
0 0.539964 0.440404 0.060391 0.032323
0 0.717584 0.257576 0.028419 0.038384
0 0.729130 0.121212 0.015986 0.040404
0 0.567496 0.331313 0.005329 0.016162
0 0.731794 0.220202 0.039076 0.016162
0 0.218472 0.684848 0.060391 0.032323
0 0.203375 0.660606 0.005329 0.012121
0 0.421847 0.671717 0.005329 0.014141
0 0.798401 0.371717 0.012433 0.016162
0 0.515098 0.096970 0.031972 0.060606
0 0.114565 0.693939 0.044405 0.042424
0 0.542629 0.615152 0.005329 0.018182
0 0.141208 0.015152 0.012433 0.026263
0 0.273535 0.030303 0.007105 0.020202
0 0.218472 0.143434 0.010657 0.024242
0 0.441385 0.891919 0.008881 0.010101
0 0.840142 0.785859 0.063943 0.028283
0 0.309059 0.661616 0.007105 0.010101
0 0.084369 0.466667 0.008881 0.016162
0 0.334813 0.735354 0.058615 0.032323
0 0.303730 0.361616 0.056838 0.032323
0 0.825044 0.467677 0.033748 0.018182
0 0.030195 0.357576 0.010657 0.012121
0 0.222913 0.083838 0.030195 0.022222
0 0.484014 0.829293 0.051510 0.034343
0 0.78952 0.469697 0.062167 0.0626263
0 0.912966 0.664646 0.0674956 0.0565657
0 0.66341 0.368687 0.062167 0.0828283
0 0.652753 0.323232 0.0479574 0.0686869
0 0.70071 0.453535 0.0479574 0.0747475
0 0.807282 0.388889 0.0657194 0.0787879
0 0.84103 0.217172 0.0799289 0.0868687
