0 0.105000 0.313333 0.050000 0.113333
0 0.028333 0.156667 0.016667 0.013333
0 0.481667 0.173333 0.090000 0.060000
0 0.328333 0.751667 0.030000 0.016667
0 0.380000 0.446667 0.013333 0.020000
0 0.860000 0.318333 0.013333 0.030000
0 0.190000 0.865000 0.086667 0.070000
0 0.990000 0.381667 0.013333 0.016667
0 0.100000 0.775000 0.080000 0.070000
0 0.498333 0.456667 0.010000 0.020000
0 0.413333 0.251667 0.026667 0.063333
0 0.188333 0.393333 0.010000 0.020000
0 0.136667 0.490000 0.033333 0.053333
0 0.831667 0.253333 0.030000 0.046667
0 0.670000 0.738333 0.013333 0.016667
0 0.811667 0.713333 0.103333 0.053333
0 0.526667 0.885000 0.033333 0.056667
0 0.595000 0.366667 0.016667 0.040000
0 0.811667 0.915000 0.030000 0.016667
0 0.018333 0.345000 0.036667 0.083333
0 0.715000 0.625000 0.030000 0.050000
0 0.431667 0.733333 0.010000 0.020000
0 0.981667 0.426667 0.010000 0.020000
0 0.828333 0.140000 0.016667 0.013333
0 0.715000 0.046667 0.050000 0.046667
0 0.351667 0.033333 0.130000 0.046667
0 0.425000 0.418333 0.116667 0.050000
0 0.635000 0.886667 0.090000 0.066667
0 0.278333 0.010000 0.010000 0.020000
0 0.411667 0.685000 0.083333 0.070000
0 0.293333 0.040000 0.080000 0.073333
0 0.746667 0.258333 0.086667 0.063333
0 0.143333 0.178333 0.053333 0.063333
0 0.516667 0.036667 0.013333 0.020000
0 0.486667 0.683333 0.026667 0.026667
0 0.716667 0.905000 0.066667 0.056667
0 0.156667 0.303333 0.020000 0.020000
0 0.313333 0.481667 0.020000 0.050000
0 0.063333 0.111667 0.040000 0.130000
0 0.596667 0.143333 0.100000 0.060000
0 0.881667 0.075000 0.096667 0.056667
