0 0.179185 0.448637 0.045064 0.054507
0 0.555794 0.480084 0.008584 0.012579
0 0.704936 0.679245 0.066524 0.033543
0 0.922747 0.890985 0.012876 0.012579
0 0.219957 0.062893 0.062232 0.037736
0 0.317597 0.846960 0.012876 0.012579
0 0.442060 0.834382 0.008584 0.012579
0 0.560086 0.789308 0.051502 0.044025
0 0.832618 0.727463 0.008584 0.012579
0 0.501073 0.958071 0.023605 0.033543
0 0.301502 0.899371 0.045064 0.050314
0 0.030043 0.736897 0.017167 0.018868
0 0.771459 0.178197 0.006438 0.016771
0 0.895923 0.570231 0.036481 0.067086
0 0.046137 0.237945 0.053648 0.044025
0 0.096567 0.246331 0.042918 0.039832
0 0.296137 0.309224 0.008584 0.023061
0 0.016094 0.747379 0.006438 0.018868
0 0.317597 0.770440 0.008584 0.018868
0 0.744635 0.863732 0.008584 0.012579
0 0.418455 0.596436 0.077253 0.031447
0 0.755365 0.345912 0.051502 0.025157
0 0.631974 0.150943 0.036481 0.062893
0 0.062232 0.848008 0.038627 0.023061
0 0.800429 0.863732 0.051502 0.029350
0 0.417382 0.337526 0.015021 0.012579
0 0.872318 0.813417 0.023605 0.041929
0 0.113734 0.435010 0.060086 0.014675
0 0.292918 0.452830 0.015021 0.012579
0 0.049356 0.583857 0.008584 0.010482
0 0.370172 0.071279 0.045064 0.037736
0 0.213519 0.133124 0.006438 0.018868
0 0.463519 0.655136 0.008584 0.014675
0 0.827253 0.061845 0.036481 0.048218
0 0.659871 0.317610 0.053648 0.044025
0 0.865880 0.330189 0.023605 0.023061
0 0.371245 0.603774 0.012876 0.029350
0 0.583691 0.187631 0.008584 0.010482
