0 0.515564 0.734127 0.089494 0.047619
0 0.066148 0.442460 0.054475 0.075397
0 0.326848 0.692460 0.015564 0.019841
0 0.225681 0.882937 0.031128 0.019841
0 0.684825 0.190476 0.046693 0.039683
0 0.778210 0.091270 0.007782 0.023810
0 0.628405 0.944444 0.081712 0.071429
0 0.764591 0.178571 0.081712 0.047619
0 0.468872 0.422619 0.011673 0.011905
0 0.505837 0.311508 0.054475 0.067460
0 0.776265 0.494048 0.011673 0.027778
0 0.243191 0.732143 0.011673 0.035714
0 0.342412 0.287698 0.007782 0.011905
0 0.023346 0.609127 0.023346 0.027778
0 0.673152 0.779762 0.070039 0.107143
0 0.708171 0.125000 0.007782 0.035714
0 0.435798 0.498016 0.101167 0.075397
0 0.642023 0.710317 0.046693 0.023810
0 0.256809 0.285714 0.077821 0.031746
0 0.145914 0.486111 0.019455 0.019841
0 0.861868 0.246032 0.027237 0.039683
0 0.750973 0.626984 0.023346 0.047619
