0 0.160408 0.643130 0.001073 0.007634
0 0.157725 0.885496 0.010730 0.045802
0 0.531652 0.583969 0.003219 0.015267
0 0.591738 0.718511 0.007511 0.017176
0 0.006974 0.535305 0.009657 0.017176
0 0.860515 0.836832 0.002146 0.005725
0 0.053112 0.130725 0.003219 0.005725
0 0.003755 0.670802 0.005365 0.013359
0 0.369099 0.167939 0.036481 0.026718
0 0.073498 0.765267 0.007511 0.007634
0 0.318133 0.291031 0.005365 0.005725
0 0.194742 0.751908 0.018240 0.022901
0 0.214056 0.386450 0.024678 0.040076
0 0.089592 0.230916 0.013948 0.019084
0 0.337983 0.680344 0.004292 0.005725
0 0.728541 0.455153 0.004292 0.005725
0 0.563841 0.260496 0.035408 0.028626
0 0.258047 0.308206 0.005365 0.013359
0 0.164700 0.447519 0.016094 0.017176
0 0.861052 0.612595 0.005365 0.007634
0 0.993562 0.465649 0.002146 0.007634
0 0.886803 0.065840 0.022532 0.043893
0 0.100858 0.397901 0.023605 0.043893
0 0.937768 0.349237 0.012876 0.019084
0 0.527361 0.497137 0.001073 0.005725
