0 0.111437 0.391837 0.087977 0.065306
0 0.671554 0.267347 0.023460 0.053061
0 0.494135 0.344898 0.026393 0.020408
0 0.645161 0.571429 0.064516 0.089796
0 0.294721 0.738776 0.014663 0.032653
0 0.897361 0.153061 0.005865 0.020408
0 0.919355 0.357143 0.090909 0.069388
0 0.476540 0.040816 0.032258 0.040816
0 0.702346 0.438776 0.008798 0.012245
0 0.236070 0.161224 0.061584 0.077551
0 0.592375 0.430612 0.052786 0.110204
0 0.659824 0.897959 0.058651 0.048980
0 0.542522 0.342857 0.035191 0.065306
0 0.684751 0.677551 0.032258 0.048980
0 0.718475 0.057143 0.017595 0.040816
0 0.920821 0.746939 0.017595 0.016327
0 0.288856 0.785714 0.026393 0.036735
0 0.032258 0.510204 0.005865 0.008163
0 0.230205 0.830612 0.002933 0.012245
0 0.246334 0.524490 0.005865 0.012245
0 0.180352 0.120408 0.014663 0.028571
0 0.973607 0.391837 0.005865 0.008163
0 0.178886 0.083673 0.029326 0.036735
0 0.425220 0.291837 0.070381 0.085714
0 0.690616 0.297959 0.008798 0.008163
0 0.363636 0.197959 0.082111 0.069388
0 0.032258 0.283673 0.023460 0.053061
0 0.325513 0.463265 0.005865 0.012245
0 0.280059 0.051020 0.014663 0.028571
0 0.429619 0.408163 0.002933 0.016327
