0 0.985095 0.272036 0.018970 0.045593
0 0.569106 0.832827 0.010840 0.018237
0 0.852304 0.384498 0.029810 0.033435
0 0.940379 0.770517 0.081301 0.051672
0 0.277778 0.430091 0.024390 0.015198
0 0.357724 0.246201 0.043360 0.048632
0 0.214092 0.229483 0.032520 0.027356
0 0.707317 0.592705 0.010840 0.018237
0 0.939024 0.727964 0.056911 0.027356
0 0.334688 0.750760 0.056911 0.030395
0 0.779133 0.348024 0.018970 0.009119
0 0.135501 0.086626 0.005420 0.015198
0 0.147696 0.366261 0.073171 0.057751
0 0.789973 0.525836 0.035230 0.072948
0 0.922764 0.481763 0.089431 0.039514
0 0.907859 0.849544 0.016260 0.027356
0 0.777778 0.387538 0.016260 0.009119
0 0.186992 0.059271 0.005420 0.015198
0 0.470190 0.601824 0.008130 0.012158
0 0.410569 0.405775 0.008130 0.009119
0 0.085366 0.756839 0.029810 0.018237
0 0.109756 0.879939 0.008130 0.009119
0 0.448509 0.188450 0.029810 0.030395
0 0.203252 0.354103 0.005420 0.015198
0 0.310298 0.500000 0.051491 0.033435
0 0.223577 0.624620 0.024390 0.045593
0 0.203252 0.387538 0.0162602 0.0395137
0 0.220867 0.463526 0.0135501 0.0395137
0 0.216802 0.273556 0.0162602 0.0425532
0 0.215447 0.419453 0.0189702 0.0486322
0 0.197832 0.427052 0.0162602 0.0516717
