0 0.717815 0.794913 0.007802 0.012719
0 0.540962 0.332273 0.013004 0.028617
0 0.191808 0.832273 0.029909 0.036566
0 0.648244 0.383148 0.006502 0.009539
0 0.769181 0.856121 0.027308 0.017488
0 0.163199 0.498410 0.003901 0.011129
0 0.865410 0.903021 0.014304 0.022258
0 0.095579 0.650238 0.032510 0.034976
0 0.443433 0.920509 0.020806 0.054054
0 0.358257 0.720986 0.022107 0.046105
0 0.170351 0.110493 0.023407 0.046105
0 0.760728 0.534976 0.015605 0.042925
0 0.957737 0.372019 0.032510 0.031797
0 0.602081 0.052464 0.028609 0.019078
0 0.658648 0.625596 0.022107 0.036566
0 0.875813 0.329094 0.040312 0.025437
0 0.788036 0.181240 0.049415 0.022258
0 0.743173 0.028617 0.024707 0.022258
0 0.779584 0.204293 0.006502 0.007949
0 0.302341 0.128776 0.006502 0.006359
0 0.793888 0.651828 0.029909 0.034976
0 0.040962 0.789348 0.063719 0.017488
0 0.572822 0.578696 0.027308 0.041335
0 0.113134 0.367250 0.023407 0.047695
0 0.653446 0.495231 0.037711 0.027027
0 0.193108 0.109698 0.006502 0.006359
0 0.430429 0.162162 0.039012 0.028617
0 0.836801 0.304452 0.006502 0.017488
0 0.764629 0.573927 0.033810 0.031797
0 0.889467 0.253577 0.013004 0.014308
0 0.656697 0.240859 0.031209 0.020668
0 0.134590 0.370429 0.014304 0.038156
0 0.923927 0.044515 0.029909 0.034976
0 0.758778 0.815580 0.003901 0.009539
0 0.415475 0.296502 0.027308 0.017488
0 0.210663 0.057234 0.031209 0.034976
0 0.141743 0.069157 0.005202 0.007949
0 0.139792 0.409380 0.014304 0.027027
0 0.857607 0.949126 0.011704 0.022258
0 0.959688 0.862480 0.046814 0.023847
0 0.170351 0.003975 0.005202 0.007949
0 0.179454 0.534976 0.026008 0.017488
0 0.143693 0.68601 0.0585176 0.17965
0 0.056567 0.663752 0.0351105 0.0969793
0 0.211964 0.72337 0.0520156 0.133545
