0 0.138400 0.836792 0.001600 0.005660
0 0.656800 0.346226 0.014400 0.009434
0 0.437600 0.532075 0.011200 0.022642
0 0.622400 0.345283 0.003200 0.011321
0 0.507200 0.246226 0.032000 0.024528
0 0.616000 0.420755 0.025600 0.011321
0 0.218400 0.112264 0.065600 0.020755
0 0.394400 0.519811 0.004800 0.016981
0 0.375200 0.633962 0.024000 0.015094
0 0.044000 0.789623 0.001600 0.005660
0 0.516000 0.322642 0.040000 0.037736
0 0.034400 0.350000 0.052800 0.028302
0 0.956000 0.590566 0.011200 0.007547
0 0.502400 0.664151 0.003200 0.003774
0 0.751200 0.242453 0.008000 0.020755
0 0.308000 0.249057 0.011200 0.007547
0 0.795200 0.495283 0.009600 0.016981
0 0.316000 0.638679 0.014400 0.013208
0 0.164000 0.239623 0.004800 0.007547
0 0.272800 0.289623 0.011200 0.024528
0 0.043200 0.592453 0.012800 0.022642
0 0.296800 0.600943 0.008000 0.013208
0 0.830400 0.442453 0.012800 0.013208
0 0.093600 0.109434 0.008000 0.011321
0 0.436000 0.485849 0.017600 0.016981
0 0.211200 0.596226 0.022400 0.045283
0 0.224800 0.765094 0.033600 0.016981
0 0.253600 0.426415 0.027200 0.011321
0 0.803200 0.436792 0.022400 0.020755
0 0.544800 0.675472 0.014400 0.011321
0 0.281600 0.700000 0.032000 0.045283
