0 0.965556 0.501928 0.008889 0.006427
0 0.812222 0.108612 0.008889 0.019280
0 0.541667 0.251285 0.003333 0.003856
0 0.763889 0.512853 0.010000 0.007712
0 0.881667 0.102828 0.007778 0.012853
0 0.644444 0.012853 0.011111 0.012853
0 0.061667 0.404884 0.010000 0.010283
0 0.383889 0.188946 0.005556 0.005141
0 0.893889 0.937661 0.012222 0.011568
0 0.602222 0.048201 0.002222 0.003856
0 0.019444 0.384961 0.010000 0.008997
0 0.101667 0.405527 0.012222 0.019280
0 0.066111 0.362468 0.003333 0.010283
0 0.650556 0.341902 0.034444 0.020566
0 0.418333 0.519280 0.010000 0.015424
0 0.653889 0.897172 0.012222 0.002571
0 0.655556 0.728792 0.002222 0.007712
0 0.718889 0.068123 0.011111 0.007712
0 0.451111 0.255784 0.006667 0.005141
0 0.469444 0.406170 0.014444 0.017995
0 0.826111 0.814267 0.003333 0.011568
0 0.995000 0.654242 0.005556 0.012853
0 0.647778 0.460154 0.006667 0.015424
0 0.928889 0.428021 0.026667 0.025707
0 0.755556 0.246787 0.008889 0.007712
0 0.537222 0.496144 0.001111 0.002571
0 0.202222 0.433162 0.006667 0.012853
0 0.423333 0.131748 0.037778 0.019280
0 0.655556 0.228792 0.006667 0.005141
0 0.014444 0.812982 0.017778 0.034704
0 0.263333 0.746787 0.008889 0.007712
0 0.991667 0.838689 0.007778 0.019280
0 0.960000 0.386889 0.004444 0.015424
0 0.856667 0.050771 0.015556 0.019280
0 0.957778 0.524422 0.002222 0.005141
0 0.962222 0.154242 0.013333 0.017995
0 0.372222 0.251928 0.013333 0.030848
0 0.826111 0.433162 0.0166667 0.0462725
0 0.719444 0.673522 0.0144444 0.0462725
0 0.722778 0.934447 0.0166667 0.0565553
0 0.861667 0.883033 0.0188889 0.0616967
0 0.83 0.877249 0.0155556 0.0501285
0 0.792778 0.840617 0.0166667 0.0539846
0 0.746111 0.680591 0.0166667 0.0475578
0 0.767778 0.970437 0.0311111 0.0565553
0 0.818889 0.681234 0.0222222 0.0462725
0 0.845556 0.899743 0.0177778 0.0565553
0 0.71 0.926735 0.0177778 0.0642674
0 0.816111 0.882391 0.0166667 0.0578406
0 0.653889 0.806555 0.0188889 0.0501285
