0 0.161871 0.769231 0.043165 0.051282
0 0.881295 0.463370 0.014388 0.025641
0 0.347122 0.835165 0.010791 0.029304
0 0.388489 0.470696 0.064748 0.098901
0 0.920863 0.730769 0.057554 0.047619
0 0.061151 0.020147 0.014388 0.018315
0 0.023381 0.245421 0.017986 0.014652
0 0.187050 0.027473 0.122302 0.047619
0 0.865108 0.141026 0.082734 0.076923
0 0.251799 0.655678 0.064748 0.014652
0 0.480216 0.615385 0.068345 0.102564
0 0.884892 0.628205 0.028777 0.018315
0 0.393885 0.532967 0.125899 0.054945
0 0.609712 0.047619 0.017986 0.043956
0 0.537770 0.260073 0.010791 0.029304
0 0.838129 0.888278 0.014388 0.032967
0 0.165468 0.432234 0.079137 0.036630
0 0.316547 0.406593 0.035971 0.102564
0 0.820144 0.419414 0.129496 0.054945
0 0.257194 0.340659 0.075540 0.087912
0 0.715827 0.935897 0.100719 0.047619
0 0.901079 0.047619 0.089928 0.073260
0 0.079137 0.653846 0.021583 0.040293
0 0.546763 0.456044 0.014388 0.047619
0 0.462230 0.815018 0.046763 0.018315
0 0.809353 0.836996 0.043165 0.032967
0 0.636691 0.847985 0.035971 0.054945
0 0.197842 0.864469 0.086331 0.058608
0 0.176259 0.287546 0.079137 0.084249
0 0.145683 0.102564 0.017986 0.036630
0 0.269784 0.578755 0.028777 0.029304
0 0.604317 0.807692 0.021583 0.054945
0 0.661871 0.086081 0.071942 0.098901
0 0.528777 0.153846 0.014388 0.021978
0 0.384892 0.490842 0.014388 0.021978
0 0.327338 0.450549 0.079137 0.043956
0 0.115108 0.807692 0.035971 0.040293
0 0.631295 0.961538 0.061151 0.047619
0 0.575540 0.725275 0.064748 0.102564
0 0.800360 0.100733 0.039568 0.032967
0 0.859712 0.335165 0.064748 0.106227
0 0.708633 0.891941 0.100719 0.032967
0 0.611511 0.027473 0.021583 0.054945
0 0.838129 0.049451 0.028777 0.062271
0 0.428058 0.619048 0.028777 0.036630
0 0.314748 0.399267 0.0395683 0.0879121
0 0.223022 0.35348 0.028777 0.0695971
