0 0.307692 0.819882 0.011834 0.021654
0 0.175542 0.133858 0.011834 0.011811
0 0.646943 0.331693 0.003945 0.017717
0 0.356016 0.869094 0.009862 0.017717
0 0.462525 0.317913 0.065089 0.029528
0 0.427022 0.294291 0.045365 0.013780
0 0.721893 0.798228 0.043393 0.045276
0 0.070020 0.669291 0.005917 0.011811
0 0.439842 0.388780 0.043393 0.049213
0 0.018738 0.074803 0.037475 0.023622
0 0.859961 0.806102 0.015779 0.021654
0 0.801775 0.232283 0.049310 0.039370
0 0.095661 0.747047 0.005917 0.013780
0 0.413215 0.529528 0.033531 0.031496
0 0.642998 0.990157 0.051282 0.015748
0 0.153846 0.821850 0.011834 0.013780
0 0.400394 0.326772 0.023669 0.031496
0 0.389546 0.514764 0.009862 0.033465
0 0.566075 0.160433 0.063116 0.025591
0 0.479290 0.824803 0.023669 0.043307
0 0.406312 0.195866 0.019724 0.021654
0 0.721893 0.532480 0.043393 0.045276
0 0.424063 0.161417 0.047337 0.043307
0 0.558185 0.127953 0.055227 0.035433
0 0.338264 0.514764 0.021696 0.033465
0 0.436884 0.974409 0.013807 0.011811
0 0.173570 0.883858 0.011834 0.007874
0 0.774162 0.289370 0.029586 0.027559
0 0.554241 0.314961 0.023669 0.047244
0 0.771203 0.755906 0.027613 0.007874
0 0.529586 0.542323 0.00591716 0.0137795
0 0.529586 0.600394 0.00591716 0.015748
