0 0.951765 0.650588 0.011765 0.016471
0 0.598824 0.365882 0.016471 0.021176
0 0.723529 0.574118 0.068235 0.042353
0 0.315294 0.165882 0.009412 0.021176
0 0.614118 0.409412 0.028235 0.028235
0 0.368235 0.802353 0.025882 0.023529
0 0.821176 0.505882 0.042353 0.056471
0 0.167059 0.937647 0.047059 0.040000
0 0.828235 0.955294 0.009412 0.018824
0 0.201176 0.247059 0.016471 0.018824
0 0.588235 0.747059 0.009412 0.011765
0 0.184706 0.078824 0.021176 0.021176
0 0.202353 0.980000 0.070588 0.040000
0 0.262353 0.120000 0.007059 0.009412
0 0.147059 0.164706 0.040000 0.014118
0 0.772941 0.941176 0.016471 0.028235
0 0.802353 0.163529 0.018824 0.016471
0 0.081176 0.471765 0.007059 0.025882
0 0.037647 0.467059 0.032941 0.058824
0 0.067059 0.831765 0.007059 0.011765
0 0.858824 0.238824 0.080000 0.035294
0 0.884706 0.622353 0.014118 0.016471
0 0.391765 0.847059 0.021176 0.018824
0 0.787059 0.574118 0.007059 0.009412
0 0.575294 0.836471 0.011765 0.016471
0 0.558824 0.200000 0.030588 0.023529
0 0.304706 0.625882 0.021176 0.023529
0 0.056471 0.831765 0.004706 0.011765
0 0.297647 0.68 0.0305882 0.0376471
