0 0.208333 0.807985 0.083333 0.049430
0 0.347222 0.984791 0.011905 0.022814
0 0.293651 0.802281 0.079365 0.038023
0 0.363095 0.100760 0.027778 0.019011
0 0.216270 0.279468 0.107143 0.072243
0 0.674603 0.159696 0.103175 0.076046
0 0.476190 0.112167 0.015873 0.019011
0 0.664683 0.754753 0.019841 0.049430
0 0.730159 0.068441 0.015873 0.030418
0 0.359127 0.790875 0.019841 0.015209
0 0.430556 0.207224 0.083333 0.072243
0 0.561508 0.505703 0.027778 0.053232
0 0.406746 0.133080 0.115079 0.068441
0 0.628968 0.777567 0.011905 0.034221
0 0.823413 0.676806 0.011905 0.022814
0 0.636905 0.743346 0.027778 0.011407
0 0.077381 0.384030 0.035714 0.091255
0 0.130952 0.600760 0.071429 0.068441
0 0.244048 0.492395 0.035714 0.034221
0 0.970238 0.695817 0.035714 0.022814
0 0.140873 0.756654 0.043651 0.129278
0 0.744048 0.387833 0.011905 0.022814
0 0.053571 0.764259 0.107143 0.076046
0 0.246032 0.041825 0.119048 0.038023
0 0.674603 0.942966 0.103175 0.060837
0 0.702381 0.507605 0.071429 0.110266
0 0.748016 0.604563 0.043651 0.076046
0 0.678571 0.323194 0.079365 0.053232
0 0.079365 0.979087 0.031746 0.041825
0 0.543651 0.754753 0.071429 0.110266
0 0.369048 0.646388 0.039683 0.038023
0 0.801587 0.859316 0.071429 0.053232
0 0.821429 0.404943 0.103175 0.072243
0 0.311508 0.112167 0.027778 0.072243
0 0.837302 0.568441 0.055556 0.019011
0 0.527778 0.266160 0.039683 0.060837
0 0.378968 0.239544 0.011905 0.030418
0 0.704365 0.532319 0.035714 0.083650
0 0.273810 0.435361 0.015873 0.019011
0 0.950397 0.769962 0.091270 0.079848
0 0.355159 0.910646 0.091270 0.079848
0 0.488095 0.788973 0.023810 0.011407
0 0.285714 0.703422 0.063492 0.045627
0 0.093254 0.205323 0.019841 0.045627
