0 0.642222 0.293333 0.057778 0.044444
0 0.424444 0.506667 0.013333 0.026667
0 0.717778 0.646667 0.137778 0.075556
0 0.855556 0.593333 0.120000 0.084444
0 0.668889 0.415556 0.013333 0.031111
0 0.653333 0.862222 0.035556 0.053333
0 0.664444 0.208889 0.013333 0.026667
0 0.620000 0.560000 0.066667 0.080000
0 0.233333 0.324444 0.093333 0.115556
0 0.126667 0.426667 0.057778 0.071111
0 0.557778 0.173333 0.013333 0.035556
0 0.782222 0.777778 0.115556 0.088889
0 0.828889 0.304444 0.048889 0.040000
0 0.731111 0.508889 0.111111 0.093333
0 0.542222 0.693333 0.071111 0.071111
0 0.960000 0.853333 0.044444 0.044444
0 0.502222 0.302222 0.115556 0.088889
0 0.340000 0.757778 0.031111 0.040000
0 0.986667 0.317778 0.026667 0.013333
0 0.740000 0.260000 0.111111 0.075556
0 0.400000 0.828889 0.088889 0.057778
0 0.504444 0.093333 0.040000 0.071111
0 0.573333 0.540000 0.017778 0.022222
0 0.060000 0.780000 0.013333 0.031111
0 0.868889 0.795556 0.111111 0.088889
0 0.771111 0.197778 0.013333 0.040000
0 0.715556 0.664444 0.080000 0.128889
0 0.391111 0.255556 0.097778 0.111111
0 0.931111 0.382222 0.022222 0.017778
0 0.753333 0.075556 0.022222 0.017778
0 0.926667 0.106667 0.013333 0.035556
0 0.444444 0.731111 0.080000 0.120000
0 0.340000 0.148889 0.111111 0.093333
0 0.828889 0.068889 0.022222 0.048889
0 0.908889 0.097778 0.013333 0.026667
0 0.524444 0.577778 0.044444 0.106667
0 0.591111 0.251111 0.035556 0.040000
0 0.362222 0.075556 0.075556 0.142222
0 0.208889 0.233333 0.177778 0.057778
0 0.137778 0.144444 0.026667 0.111111
