0 0.609701 0.502239 0.040299 0.028358
0 0.371642 0.775373 0.002985 0.007463
0 0.627612 0.829851 0.013433 0.008955
0 0.706716 0.933582 0.058209 0.019403
0 0.452985 0.613433 0.004478 0.011940
0 0.093284 0.053731 0.013433 0.020896
0 0.238060 0.873881 0.004478 0.013433
0 0.582090 0.704478 0.020896 0.044776
0 0.556716 0.030597 0.005970 0.004478
0 0.620896 0.066418 0.002985 0.007463
0 0.264925 0.925373 0.055224 0.020896
0 0.940299 0.340299 0.008955 0.014925
0 0.522388 0.822388 0.014925 0.008955
0 0.728358 0.964925 0.002985 0.007463
0 0.529104 0.351493 0.016418 0.016418
0 0.373134 0.629851 0.032836 0.035821
0 0.258955 0.774627 0.004478 0.005970
0 0.063433 0.109701 0.031343 0.031343
0 0.785821 0.994030 0.004478 0.005970
0 0.619403 0.697015 0.002985 0.008955
0 0.927612 0.523134 0.013433 0.010448
0 0.147761 0.399254 0.002985 0.007463
0 0.862687 0.619403 0.041791 0.020896
0 0.805224 0.274627 0.004478 0.005970
0 0.076866 0.020149 0.019403 0.037313
0 0.564925 0.644030 0.022388 0.022388
0 0.305224 0.070149 0.013433 0.014925
0 0.397761 0.341045 0.010448 0.010448
0 0.388060 0.433582 0.002985 0.007463
0 0.929104 0.320896 0.028358 0.014925
0 0.539552 0.673881 0.037313 0.019403
0 0.822388 0.864179 0.0328358 0.0567164
0 0.7 0.831343 0.0298507 0.0626866
