0 0.228966 0.373659 0.039663 0.017878
0 0.513221 0.610846 0.021635 0.020262
0 0.182692 0.537545 0.007212 0.004768
0 0.353966 0.259237 0.015625 0.032181
0 0.560697 0.735399 0.025240 0.021454
0 0.682091 0.785459 0.003606 0.009535
0 0.210337 0.541716 0.024038 0.010727
0 0.107572 0.514899 0.032452 0.023838
0 0.655649 0.505959 0.027644 0.027414
0 0.147837 0.803933 0.009615 0.005959
0 0.551683 0.892133 0.024038 0.015495
0 0.498197 0.078069 0.032452 0.022646
0 0.584736 0.668653 0.006010 0.011919
0 0.135216 0.303933 0.027644 0.026222
0 0.634014 0.554231 0.003606 0.007151
0 0.652043 0.294994 0.006010 0.020262
0 0.316106 0.087604 0.009615 0.015495
0 0.528245 0.721692 0.037260 0.020262
0 0.270433 0.542908 0.021635 0.025030
0 0.654447 0.169249 0.003606 0.007151
0 0.799880 0.135280 0.013221 0.022646
0 0.706130 0.911800 0.039663 0.019070
0 0.386418 0.930870 0.030048 0.026222
0 0.471755 0.048868 0.020433 0.033373
0 0.063101 0.182360 0.003606 0.009535
0 0.930889 0.620977 0.003606 0.007151
0 0.139423 0.333731 0.004808 0.007151
0 0.434495 0.431466 0.022837 0.028605
0 0.031250 0.771752 0.028846 0.017878
0 0.805889 0.047676 0.003606 0.009535
0 0.854567 0.446365 0.036058 0.020262
0 0.715144 0.505959 0.033654 0.022646
0 0.290264 0.947557 0.006010 0.014303
0 0.981971 0.200238 0.028846 0.026222
0 0.400841 0.166865 0.008413 0.011919
0 0.136418 0.185936 0.022837 0.030989
0 0.553486 0.226460 0.006010 0.009535
0 0.0606971 0.601311 0.0300481 0.0727056
0 0.688101 0.194875 0.0252404 0.0584029
0 0.701923 0.215137 0.0264423 0.0703218
0 0.759615 0.840882 0.0264423 0.0512515
0 0.655048 0.215137 0.0216346 0.0703218
0 0.649038 0.200834 0.0240385 0.0727056
0 0.224159 0.0887962 0.0204327 0.067938
0 0.202524 0.067938 0.0228365 0.0691299
0 0.679087 0.215733 0.0288462 0.0738975
0 0.265625 0.0744934 0.0240385 0.0703218
0 0.237981 0.0727056 0.0216346 0.0667461
