0 0.470260 0.228261 0.011152 0.028986
0 0.749071 0.864130 0.048327 0.097826
0 0.591078 0.802536 0.111524 0.061594
0 0.842007 0.831522 0.100372 0.068841
0 0.189591 0.242754 0.059480 0.115942
0 0.758364 0.764493 0.118959 0.057971
0 0.825279 0.217391 0.029740 0.065217
0 0.369888 0.936594 0.107807 0.061594
0 0.115242 0.635870 0.059480 0.032609
0 0.687732 0.766304 0.014870 0.018116
0 0.297398 0.710145 0.029740 0.043478
0 0.118959 0.806159 0.014870 0.018116
0 0.511152 0.699275 0.040892 0.137681
0 0.083643 0.980072 0.018587 0.018116
0 0.842007 0.405797 0.011152 0.021739
0 0.358736 0.358696 0.011152 0.028986
0 0.775093 0.442029 0.040892 0.086957
0 0.708178 0.615942 0.070632 0.050725
0 0.838290 0.552536 0.085502 0.083333
0 0.269517 0.634058 0.070632 0.072464
0 0.494424 0.400362 0.059480 0.076087
0 0.574349 0.583333 0.078067 0.094203
0 0.858736 0.976449 0.014870 0.025362
0 0.561338 0.382246 0.037175 0.076087
0 0.085502 0.202899 0.022305 0.028986
0 0.057621 0.659420 0.011152 0.021739
0 0.468401 0.168478 0.081784 0.083333
0 0.784387 0.152174 0.126394 0.057971
0 0.894052 0.420290 0.026022 0.028986
0 0.581784 0.452899 0.018587 0.021739
0 0.182156 0.606884 0.096654 0.039855
0 0.646840 0.096014 0.044610 0.039855
0 0.955390 0.561594 0.052045 0.130435
0 0.072491 0.451087 0.033457 0.039855
0 0.349442 0.824275 0.081784 0.061594
0 0.849442 0.465580 0.033457 0.039855
0 0.659851 0.246377 0.085502 0.079710
0 0.581784 0.260870 0.063197 0.108696
0 0.044610 0.778986 0.014870 0.021739
0 0.611524 0.039855 0.115242 0.057971
0 0.386617 0.668478 0.126394 0.054348
0 0.786245 0.105072 0.018587 0.028986
0 0.033457 0.295290 0.037175 0.054348
0 0.535316 0.476449 0.066914 0.068841
0 0.375465 0.670290 0.037175 0.072464
0 0.408922 0.166667 0.029740 0.014493
0 0.544610 0.054348 0.011152 0.021739
0 0.362454 0.623188 0.018587 0.014493
0 0.053903 0.384058 0.078067 0.086957
0 0.717472 0.0452899 0.0297398 0.076087
0 0.775093 0.057971 0.0334572 0.0652174
