0 0.801556 0.259907 0.027237 0.016317
0 0.456226 0.080420 0.029183 0.020979
0 0.963035 0.459207 0.011673 0.037296
0 0.977626 0.181818 0.025292 0.023310
0 0.273346 0.951049 0.005837 0.013986
0 0.802529 0.891608 0.009728 0.025641
0 0.181907 0.564103 0.005837 0.018648
0 0.224708 0.545455 0.040856 0.055944
0 0.740272 0.927739 0.025292 0.051282
0 0.444553 0.815851 0.044747 0.051282
0 0.363813 0.273893 0.003891 0.011655
0 0.579767 0.220280 0.035019 0.067599
0 0.481518 0.575758 0.013619 0.023310
0 0.090467 0.198135 0.048638 0.051282
0 0.507782 0.607226 0.023346 0.058275
0 0.630350 0.586247 0.038911 0.034965
0 0.558366 0.500000 0.007782 0.025641
0 0.712062 0.418415 0.007782 0.020979
0 0.531128 0.468531 0.054475 0.032634
0 0.178988 0.673660 0.015564 0.018648
0 0.756809 0.879953 0.003891 0.011655
0 0.842412 0.970862 0.031128 0.034965
0 0.081712 0.620047 0.073930 0.032634
0 0.751946 0.695804 0.009728 0.025641
0 0.557393 0.970862 0.013619 0.025641
0 0.348249 0.744755 0.015564 0.020979
0 0.388132 0.682984 0.040856 0.027972
0 0.321984 0.0827506 0.0252918 0.0862471
0 0.365759 0.0920746 0.0272374 0.0955711
0 0.396887 0.0990676 0.0272374 0.0862471
