0 0.793447 0.890719 0.025641 0.038922
0 0.841880 0.255988 0.014245 0.014970
0 0.296296 0.267964 0.056980 0.044910
0 0.904558 0.550898 0.008547 0.011976
0 0.566952 0.699102 0.039886 0.050898
0 0.078348 0.470060 0.014245 0.029940
0 0.965812 0.497006 0.062678 0.065868
0 0.774929 0.624251 0.074074 0.056886
0 0.538462 0.857784 0.011396 0.038922
0 0.445869 0.803892 0.008547 0.014970
0 0.250712 0.791916 0.017094 0.020958
0 0.195157 0.642216 0.042735 0.038922
0 0.695157 0.247006 0.011396 0.014970
0 0.665242 0.663174 0.048433 0.092814
0 0.933048 0.297904 0.014245 0.038922
0 0.935897 0.871257 0.025641 0.017964
0 0.317664 0.541916 0.019943 0.023952
0 0.121083 0.881737 0.054131 0.074850
0 0.857550 0.519461 0.017094 0.014970
0 0.690883 0.507485 0.025641 0.014970
0 0.347578 0.848802 0.005698 0.014970
0 0.047009 0.711078 0.008547 0.014970
0 0.628205 0.303892 0.008547 0.014970
0 0.522792 0.646707 0.042735 0.083832
0 0.547009 0.974551 0.011396 0.038922
0 0.287749 0.851796 0.034188 0.062874
0 0.934473 0.727545 0.028490 0.017964
0 0.548433 0.167665 0.008547 0.029940
0 0.072650 0.182635 0.014245 0.029940
