0 0.408197 0.162829 0.042623 0.075658
0 0.485246 0.141447 0.026230 0.026316
0 0.924590 0.435855 0.006557 0.016447
0 0.681967 0.694079 0.013115 0.032895
0 0.872131 0.728618 0.052459 0.082237
0 0.736066 0.024671 0.009836 0.009868
0 0.901639 0.268092 0.026230 0.016447
0 0.103279 0.914474 0.022951 0.019737
0 0.226230 0.782895 0.026230 0.032895
0 0.522951 0.129934 0.042623 0.082237
0 0.627869 0.287829 0.088525 0.062500
0 0.332787 0.899671 0.022951 0.069079
0 0.326230 0.284539 0.009836 0.009868
0 0.332787 0.154605 0.036066 0.046053
0 0.583607 0.871711 0.006557 0.019737
0 0.509836 0.758224 0.009836 0.029605
0 0.140984 0.830592 0.006557 0.016447
0 0.122951 0.750000 0.022951 0.019737
0 0.016393 0.761513 0.006557 0.016447
0 0.165574 0.972039 0.022951 0.042763
0 0.078689 0.562500 0.006557 0.019737
0 0.080328 0.814145 0.042623 0.036184
0 0.731148 0.029605 0.065574 0.059211
0 0.355738 0.472039 0.0295082 0.0493421
0 0.234426 0.659539 0.0295082 0.0690789
0 0.167213 0.692434 0.0327869 0.0690789
0 0.504918 0.659539 0.0327869 0.0559211
0 0.214754 0.422697 0.0229508 0.0559211
0 0.239344 0.578947 0.0327869 0.0592105
