0 0.543415 0.334871 0.004342 0.005535
0 0.934153 0.303506 0.004342 0.005535
0 0.732996 0.073801 0.041968 0.033210
0 0.767728 0.467712 0.036179 0.038745
0 0.523878 0.663284 0.023155 0.035055
0 0.578871 0.119004 0.020260 0.023985
0 0.753980 0.715867 0.017366 0.025830
0 0.963097 0.025830 0.004342 0.007380
0 0.921129 0.423432 0.007236 0.009225
0 0.733719 0.967712 0.011577 0.009225
0 0.243849 0.557196 0.004342 0.007380
0 0.948625 0.505535 0.010130 0.036900
0 0.250362 0.708487 0.005789 0.018450
0 0.899421 0.183579 0.004342 0.009225
0 0.011577 0.683579 0.002894 0.009225
0 0.241679 0.021218 0.002894 0.009225
0 0.994935 0.718635 0.010130 0.012915
0 0.109986 0.940037 0.017366 0.035055
0 0.463097 0.871771 0.005789 0.005535
0 0.740232 0.292435 0.041968 0.027675
0 0.819826 0.346863 0.004342 0.011070
0 0.059334 0.245387 0.011577 0.018450
0 0.155572 0.219557 0.039074 0.036900
0 0.092619 0.287823 0.008683 0.022140
0 0.246744 0.631919 0.013025 0.012915
0 0.623010 0.191882 0.007236 0.007380
0 0.693198 0.845018 0.005789 0.007380
0 0.100579 0.295203 0.004342 0.007380
0 0.120839 0.512915 0.047757 0.029520
0 0.526049 0.113469 0.024602 0.038745
0 0.421129 0.567343 0.0115774 0.0350554
0 0.5767 0.653137 0.0101302 0.0295203
0 0.198987 0.354244 0.0130246 0.0369004
