0 0.052743 0.241611 0.016878 0.040268
0 0.680380 0.398210 0.018987 0.004474
0 0.008439 0.974273 0.012658 0.006711
0 0.111814 0.678971 0.042194 0.051454
0 0.955696 0.955257 0.059072 0.040268
0 0.994726 0.144295 0.006329 0.015660
0 0.697257 0.619687 0.023207 0.035794
0 0.020042 0.086130 0.014768 0.020134
0 0.220464 0.391499 0.018987 0.022371
0 0.929325 0.894855 0.006329 0.017897
0 0.460970 0.500000 0.056962 0.033557
0 0.041139 0.536913 0.069620 0.035794
0 0.258439 0.071588 0.010549 0.008949
0 0.516878 0.530201 0.050633 0.049217
0 0.252110 0.034676 0.044304 0.055928
0 0.490506 0.954139 0.048523 0.051454
0 0.762658 0.055928 0.023207 0.067114
0 0.212025 0.816555 0.010549 0.008949
0 0.151899 0.259508 0.071730 0.031320
0 0.568565 0.872483 0.078059 0.031320
0 0.529536 0.286353 0.037975 0.062640
0 0.364979 0.157718 0.025316 0.033557
0 0.090717 0.840045 0.012658 0.024609
0 0.592827 0.947427 0.063291 0.038031
0 0.535865 0.910515 0.046414 0.049217
0 0.864979 0.503356 0.033755 0.035794
0 0.193038 0.168904 0.023207 0.042506
0 0.112869 0.620805 0.023207 0.015660
0 0.578059 0.538031 0.008439 0.011186
0 0.466245 0.110738 0.008439 0.011186
0 0.689873 0.040268 0.008439 0.013423
0 0.877637 0.340045 0.071730 0.035794
0 0.626582 0.895973 0.021097 0.0514541
0 0.0759494 0.325503 0.021097 0.0469799
0 0.280591 0.899329 0.0253165 0.0626398
0 0.162447 0.520134 0.021097 0.0559284
0 0.182489 0.516779 0.0189873 0.0536913
0 0.147679 0.563758 0.021097 0.0581655
