0 0.511070 0.115385 0.007380 0.011655
0 0.436347 0.015152 0.009225 0.016317
0 0.487085 0.311189 0.007380 0.011655
0 0.106089 0.517483 0.005535 0.013986
0 0.532288 0.588578 0.042435 0.053613
0 0.216790 0.165501 0.031365 0.027972
0 0.825646 0.398601 0.005535 0.013986
0 0.565498 0.355478 0.012915 0.020979
0 0.734317 0.643357 0.011070 0.013986
0 0.824723 0.534965 0.022140 0.034965
0 0.526753 0.251748 0.023985 0.032634
0 0.231550 0.642191 0.012915 0.025641
0 0.970480 0.726107 0.055351 0.039627
0 0.945572 0.785548 0.005535 0.013986
0 0.850554 0.637529 0.029520 0.072261
0 0.135609 0.900932 0.042435 0.053613
0 0.627306 0.832168 0.073801 0.027972
0 0.179889 0.973193 0.009225 0.030303
0 0.631919 0.360140 0.057196 0.039627
0 0.952952 0.876457 0.009225 0.009324
0 0.326568 0.296037 0.018450 0.060606
0 0.148524 0.861305 0.016605 0.016317
0 0.023985 0.349650 0.040590 0.023310
0 0.476015 0.113054 0.047970 0.030303
0 0.424354 0.301865 0.022140 0.048951
0 0.363469 0.807692 0.055351 0.039627
0 0.806273 0.791375 0.007380 0.011655
0 0.912362 0.923077 0.005535 0.013986
0 0.010148 0.776224 0.005535 0.013986
0 0.155904 0.463869 0.005535 0.013986
0 0.935424 0.212121 0.040590 0.051282
0 0.138376 0.031469 0.011070 0.016317
0 0.158672 0.684149 0.018450 0.016317
0 0.385609 0.614219 0.0258303 0.0955711
0 0.465867 0.595571 0.0313653 0.0909091
0 0.484317 0.558275 0.0239852 0.0815851
0 0.54059 0.571096 0.0295203 0.121212
