0 0.007629 0.932292 0.003521 0.014583
0 0.911972 0.812500 0.002347 0.004167
0 0.684859 0.196875 0.005869 0.022917
0 0.198944 0.958333 0.001174 0.008333
0 0.115610 0.218750 0.003521 0.004167
0 0.978286 0.083333 0.001174 0.008333
0 0.643779 0.081250 0.008216 0.012500
0 0.772887 0.518750 0.005869 0.008333
0 0.574531 0.519792 0.003521 0.014583
0 0.611502 0.865625 0.002347 0.006250
0 0.705399 0.882292 0.037559 0.031250
0 0.494131 0.405208 0.004695 0.014583
0 0.274061 0.497917 0.010563 0.029167
0 0.870305 0.955208 0.012911 0.010417
0 0.981808 0.437500 0.008216 0.012500
0 0.109155 0.871875 0.002347 0.014583
0 0.028169 0.965625 0.004695 0.006250
0 0.307512 0.740625 0.007042 0.010417
0 0.802817 0.154167 0.021127 0.025000
0 0.230634 0.468750 0.015258 0.025000
0 0.855047 0.687500 0.005869 0.016667
0 0.099765 0.293750 0.007042 0.016667
0 0.207746 0.563542 0.004695 0.010417
0 0.351526 0.742708 0.010563 0.039583
0 0.367371 0.618750 0.004695 0.008333
0 0.210094 0.839583 0.032864 0.037500
0 0.787559 0.742708 0.018779 0.022917
0 0.0352113 0.134375 0.00704225 0.0270833
0 0.514671 0.447917 0.00821596 0.025
0 0.285211 0.265625 0.00704225 0.0270833
0 0.439554 0.551042 0.0105634 0.03125
0 0.497653 0.471875 0.00938967 0.03125
