0 0.836257 0.034447 0.038986 0.018789
0 0.686160 0.338205 0.003899 0.012526
0 0.976608 0.138831 0.003899 0.014614
0 0.725146 0.132568 0.038986 0.039666
0 0.035088 0.345511 0.027290 0.010438
0 0.929825 0.491649 0.007797 0.010438
0 0.778752 0.837161 0.056530 0.037578
0 0.923002 0.829854 0.005848 0.010438
0 0.938596 0.934238 0.017544 0.027140
0 0.396686 0.627349 0.044834 0.039666
0 0.841131 0.327766 0.005848 0.008351
0 0.505848 0.368476 0.009747 0.006263
0 0.488304 0.712944 0.005848 0.010438
0 0.238791 0.510438 0.005848 0.010438
0 0.329435 0.355950 0.003899 0.014614
0 0.452242 0.399791 0.003899 0.010438
0 0.423977 0.980167 0.009747 0.006263
0 0.823587 0.784969 0.009747 0.029228
0 0.340156 0.972860 0.013645 0.004175
0 0.469786 0.522965 0.031189 0.035491
0 0.617934 0.226514 0.031189 0.014614
0 0.042885 0.143006 0.023392 0.043841
0 0.816764 0.312109 0.015595 0.006263
0 0.021442 0.118998 0.015595 0.012526
0 0.802144 0.438413 0.013645 0.016701
0 0.261209 0.694154 0.007797 0.022965
0 0.017544 0.573069 0.003899 0.014614
0 0.386940 0.108559 0.005848 0.012526
0 0.520468 0.270355 0.003899 0.010438
0 0.065302 0.532359 0.064327 0.020877
0 0.803119 0.361169 0.0233918 0.0668058
0 0.839181 0.665971 0.0253411 0.0668058
0 0.782651 0.368476 0.0253411 0.0772443
0 0.243665 0.201461 0.0233918 0.0688935
0 0.264133 0.212944 0.0253411 0.0668058
0 0.838207 0.374739 0.0311891 0.0647182
0 0.878168 0.783925 0.0214425 0.0730689
0 0.831384 0.776618 0.0253411 0.0709812
0 0.806043 0.31524 0.0331384 0.0751566
0 0.891813 0.253653 0.0292398 0.0688935
0 0.155945 0.361169 0.0272904 0.0668058
0 0.849903 0.791232 0.0311891 0.0709812
