0 0.248858 0.525000 0.050228 0.113636
0 0.568493 0.206818 0.013699 0.040909
0 0.114155 0.677273 0.036530 0.027273
0 0.194064 0.847727 0.013699 0.013636
0 0.020548 0.909091 0.022831 0.054545
0 0.621005 0.461364 0.036530 0.040909
0 0.269406 0.865909 0.073059 0.077273
0 0.426941 0.536364 0.095890 0.090909
0 0.947489 0.052273 0.077626 0.086364
0 0.100457 0.956818 0.091324 0.068182
0 0.214612 0.772727 0.018265 0.036364
0 0.837900 0.638636 0.068493 0.040909
0 0.162100 0.806818 0.004566 0.004545
0 0.920091 0.234091 0.022831 0.040909
0 0.545662 0.772727 0.041096 0.081818
0 0.908676 0.343182 0.009132 0.013636
0 0.531963 0.552273 0.013699 0.013636
0 0.582192 0.143182 0.031963 0.077273
0 0.273973 0.972727 0.063927 0.054545
0 0.659817 0.093182 0.041096 0.059091
0 0.207763 0.193182 0.132420 0.077273
0 0.075342 0.561364 0.004566 0.004545
0 0.728311 0.470455 0.150685 0.068182
0 0.691781 0.872727 0.050228 0.027273
0 0.401826 0.740909 0.082192 0.127273
0 0.328767 0.313636 0.109589 0.036364
0 0.506849 0.765909 0.009132 0.013636
0 0.593607 0.056818 0.009132 0.013636
0 0.226027 0.913636 0.095890 0.054545
0 0.479452 0.718182 0.027397 0.027273
