0 0.197917 0.386207 0.013889 0.020690
0 0.315972 0.206897 0.125000 0.048276
0 0.786458 0.306897 0.052083 0.068966
0 0.447917 0.868966 0.118056 0.055172
0 0.968750 0.213793 0.034722 0.027586
0 0.189236 0.675862 0.010417 0.020690
0 0.871528 0.241379 0.104167 0.062069
0 0.067708 0.486207 0.017361 0.013793
0 0.055556 0.262069 0.020833 0.041379
0 0.190972 0.579310 0.027778 0.041379
0 0.876736 0.648276 0.121528 0.048276
0 0.614583 0.406897 0.111111 0.055172
0 0.779514 0.806897 0.065972 0.075862
0 0.107639 0.703448 0.069444 0.034483
0 0.482639 0.548276 0.041667 0.068966
0 0.111111 0.420690 0.013889 0.048276
0 0.274306 0.103448 0.076389 0.082759
0 0.890625 0.024138 0.010417 0.020690
0 0.852431 0.582759 0.079861 0.075862
0 0.156250 0.515517 0.013889 0.017241
0 0.760417 0.537931 0.055556 0.027586
0 0.116319 0.251724 0.010417 0.034483
0 0.831597 0.943103 0.024306 0.051724
0 0.411458 0.413793 0.100694 0.062069
0 0.467014 0.086207 0.010417 0.020690
0 0.647569 0.091379 0.107639 0.058621
0 0.935764 0.703448 0.038194 0.041379
0 0.064236 0.944828 0.086806 0.068966
0 0.546875 0.860345 0.038194 0.024138
0 0.102431 0.872414 0.100694 0.062069
0 0.793403 0.060345 0.079861 0.079310
0 0.416667 0.341379 0.090278 0.068966
0 0.730903 0.041379 0.100694 0.062069
0 0.461806 0.748276 0.090278 0.068966
0 0.342014 0.274138 0.107639 0.058621
