0 0.569718 0.395866 0.043662 0.025437
0 0.509155 0.513514 0.004225 0.009539
0 0.591549 0.321940 0.036620 0.033386
0 0.557746 0.180445 0.005634 0.007949
0 0.478169 0.058824 0.021127 0.041335
0 0.976761 0.391097 0.004225 0.009539
0 0.599296 0.129571 0.015493 0.030207
0 0.240141 0.073132 0.004225 0.012719
0 0.956338 0.858506 0.030986 0.015898
0 0.180282 0.591415 0.011268 0.028617
0 0.054930 0.431638 0.008451 0.007949
0 0.540141 0.331479 0.021127 0.039746
0 0.671127 0.096979 0.007042 0.006359
0 0.499296 0.503180 0.007042 0.007949
0 0.221831 0.347377 0.018310 0.027027
0 0.360563 0.081081 0.042254 0.015898
0 0.695775 0.470588 0.005634 0.012719
0 0.189437 0.399046 0.035211 0.031797
0 0.483803 0.330684 0.026761 0.041335
0 0.045775 0.740859 0.004225 0.012719
0 0.073944 0.725755 0.004225 0.014308
0 0.217606 0.682035 0.021127 0.012719
0 0.518310 0.333863 0.019718 0.038156
0 0.929577 0.109698 0.014085 0.031797
0 0.904930 0.119237 0.026761 0.044515
0 0.444366 0.249603 0.032394 0.034976
0 0.968310 0.373609 0.035211 0.022258
0 0.393662 0.383943 0.029577 0.036566
0 0.690141 0.062798 0.011268 0.011129
0 0.826056 0.474563 0.049296 0.023847
0 0.266901 0.236089 0.004225 0.011129
0 0.337324 0.824324 0.029577 0.036566
0 0.554225 0.562003 0.032394 0.036566
0 0.479577 0.396661 0.026761 0.042925
0 0.316197 0.558824 0.021127 0.052464
0 0.128873 0.912560 0.009859 0.019078
0 0.591549 0.425278 0.036620 0.030207
0 0.0239437 0.139905 0.0478873 0.108108
0 0.05 0.124006 0.0408451 0.111288
0 0.905634 0.316375 0.0338028 0.101749
0 0.861268 0.339428 0.0408451 0.112878
