0 0.560697 0.975566 0.013221 0.013111
0 0.271635 0.719309 0.026442 0.020262
0 0.856971 0.107271 0.012019 0.021454
0 0.211538 0.561383 0.026442 0.028605
0 0.006611 0.470799 0.003606 0.007151
0 0.397837 0.463647 0.009615 0.014303
0 0.838341 0.865316 0.003606 0.009535
0 0.066106 0.920739 0.033654 0.022646
0 0.031851 0.104887 0.027644 0.021454
0 0.593149 0.298570 0.020433 0.022646
0 0.310697 0.391538 0.008413 0.027414
0 0.114183 0.166269 0.002404 0.010727
0 0.046875 0.373063 0.007212 0.004768
0 0.399038 0.159118 0.021635 0.032181
0 0.490385 0.971395 0.021635 0.035757
0 0.262620 0.934446 0.010817 0.004768
0 0.303486 0.895709 0.034856 0.020262
0 0.677885 0.727652 0.031250 0.025030
0 0.811298 0.466627 0.004808 0.005959
0 0.438702 0.237783 0.036058 0.020262
0 0.253606 0.898689 0.031250 0.021454
0 0.482572 0.847437 0.022837 0.030989
0 0.627404 0.179976 0.036058 0.021454
0 0.449519 0.186532 0.014423 0.041716
0 0.583534 0.754470 0.034856 0.021454
0 0.954327 0.424315 0.007212 0.007151
0 0.946514 0.383790 0.030048 0.023838
0 0.978966 0.684148 0.020433 0.014303
0 0.535457 0.753278 0.003606 0.007151
0 0.819712 0.802741 0.028846 0.025030
0 0.657452 0.545292 0.007212 0.020262
0 0.192909 0.229440 0.008413 0.022646
0 0.663462 0.059595 0.021635 0.035757
0 0.234976 0.246722 0.003606 0.007151
0 0.129207 0.247914 0.003606 0.009535
0 0.757812 0.839094 0.013221 0.028605
0 0.115385 0.225268 0.036058 0.021454
0 0.480168 0.551251 0.010817 0.015495
0 0.0606971 0.601311 0.0300481 0.0727056
0 0.688101 0.194875 0.0252404 0.0584029
0 0.701923 0.215137 0.0264423 0.0703218
0 0.759615 0.840882 0.0264423 0.0512515
0 0.655048 0.215137 0.0216346 0.0703218
0 0.649038 0.200834 0.0240385 0.0727056
0 0.224159 0.0887962 0.0204327 0.067938
0 0.202524 0.067938 0.0228365 0.0691299
0 0.679087 0.215733 0.0288462 0.0738975
0 0.265625 0.0744934 0.0240385 0.0703218
0 0.237981 0.0727056 0.0216346 0.0667461
