0 0.119231 0.528846 0.030769 0.026923
0 0.388462 0.676923 0.007692 0.015385
0 0.317308 0.538462 0.088462 0.069231
0 0.494231 0.790385 0.011538 0.026923
0 0.853846 0.200000 0.130769 0.053846
0 0.159615 0.380769 0.034615 0.038462
0 0.163462 0.957692 0.103846 0.069231
0 0.117308 0.896154 0.050000 0.046154
0 0.223077 0.359615 0.015385 0.019231
0 0.919231 0.161538 0.015385 0.015385
0 0.136538 0.590385 0.026923 0.019231
0 0.601923 0.234615 0.042308 0.053846
0 0.944231 0.501923 0.065385 0.050000
0 0.750000 0.682692 0.023077 0.019231
0 0.348077 0.619231 0.111538 0.061538
0 0.105769 0.496154 0.011538 0.030769
0 0.475000 0.863462 0.019231 0.042308
0 0.142308 0.148077 0.007692 0.011538
0 0.567308 0.457692 0.042308 0.053846
0 0.734615 0.569231 0.007692 0.015385
0 0.076923 0.886538 0.023077 0.011538
0 0.017308 0.021154 0.011538 0.034615
0 0.703846 0.190385 0.023077 0.026923
0 0.242308 0.607692 0.092308 0.038462
0 0.959615 0.048077 0.003846 0.011538
0 0.371154 0.576923 0.011538 0.015385
0 0.903846 0.732692 0.0307692 0.05
