0 0.539735 0.618759 0.003974 0.009077
0 0.870861 0.611952 0.003974 0.010590
0 0.837748 0.692133 0.003974 0.013616
0 0.786755 0.764750 0.037086 0.028744
0 0.623841 0.191377 0.005298 0.007564
0 0.159603 0.774584 0.003974 0.012103
0 0.445695 0.167927 0.022517 0.024206
0 0.968874 0.217852 0.033113 0.033283
0 0.339735 0.183056 0.017219 0.015129
0 0.979470 0.723903 0.027815 0.037821
0 0.899338 0.203480 0.007947 0.004539
0 0.283444 0.723147 0.026490 0.039334
0 0.845033 0.526475 0.005298 0.009077
0 0.441722 0.795764 0.038411 0.027231
0 0.364901 0.373676 0.006623 0.006051
0 0.633113 0.664902 0.005298 0.007564
0 0.201325 0.494705 0.026490 0.018154
0 0.364901 0.291982 0.043709 0.018154
0 0.171523 0.376702 0.003974 0.009077
0 0.410596 0.689107 0.007947 0.007564
0 0.436424 0.819970 0.009272 0.018154
0 0.629801 0.760968 0.006623 0.006051
0 0.691391 0.115734 0.013245 0.022693
0 0.131788 0.900151 0.062252 0.015129
0 0.261589 0.290469 0.003974 0.009077
0 0.129139 0.254160 0.027815 0.033283
0 0.102649 0.154312 0.035762 0.030257
0 0.543046 0.507564 0.037086 0.019667
0 0.845695 0.791982 0.019868 0.043873
0 0.502649 0.709531 0.006623 0.006051
0 0.304636 0.691377 0.021192 0.021180
0 0.292715 0.296520 0.029139 0.036309
0 0.519868 0.115734 0.003974 0.010590
0 0.137748 0.310893 0.039735 0.025719
0 0.509272 0.429652 0.017219 0.021180
0 0.958278 0.606657 0.0304636 0.0665658
0 0.309934 0.82829 0.0264901 0.0680787
