0 0.267101 0.960912 0.032573 0.071661
0 0.887622 0.197068 0.081433 0.022801
0 0.508143 0.314332 0.084691 0.068404
0 0.172638 0.355049 0.065147 0.084691
0 0.161238 0.299674 0.009772 0.019544
0 0.127036 0.589577 0.071661 0.078176
0 0.096091 0.408795 0.035831 0.087948
0 0.241042 0.351792 0.058632 0.091205
0 0.799674 0.762215 0.068404 0.084691
0 0.553746 0.438111 0.084691 0.068404
0 0.229642 0.522801 0.022801 0.061889
0 0.509772 0.644951 0.009772 0.019544
0 0.146580 0.881107 0.019544 0.022801
0 0.882736 0.148208 0.039088 0.029316
0 0.988599 0.573290 0.009772 0.019544
0 0.306189 0.123779 0.078176 0.071661
0 0.899023 0.099349 0.032573 0.061889
0 0.457655 0.263844 0.035831 0.026059
0 0.894137 0.286645 0.009772 0.019544
0 0.200326 0.478827 0.029316 0.039088
0 0.343648 0.602606 0.107492 0.052117
0 0.684039 0.324104 0.026059 0.029316
0 0.882736 0.801303 0.052117 0.071661
0 0.470684 0.830619 0.042345 0.052117
0 0.850163 0.376221 0.136808 0.042345
0 0.304560 0.889251 0.055375 0.019544
0 0.087948 0.539088 0.013029 0.016287
0 0.177524 0.083062 0.048860 0.022801
0 0.229642 0.635179 0.061889 0.078176
0 0.887622 0.586319 0.074919 0.032573
0 0.079805 0.070033 0.114007 0.048860
0 0.441368 0.211726 0.081433 0.065147
0 0.040717 0.599349 0.035831 0.058632
0 0.242671 0.167752 0.042345 0.042345
0 0.524430 0.570033 0.065147 0.039088
0 0.631922 0.644951 0.013029 0.019544
0 0.480456 0.931596 0.009772 0.019544
0 0.754072 0.926710 0.009772 0.029316
0 0.778502 0.675896 0.019544 0.068404
0 0.671010 0.778502 0.104235 0.052117
0 0.574919 0.758958 0.074919 0.065147
0 0.568404 0.092834 0.042345 0.074919
0 0.728013 0.403909 0.009772 0.019544
0 0.294788 0.853420 0.081433 0.039088
0 0.76873 0.840391 0.0325733 0.104235
0 0.957655 0.454397 0.0390879 0.0814332
0 0.439739 0.167752 0.0325733 0.0879479
0 0.736156 0.703583 0.0390879 0.0912052
0 0.545603 0.205212 0.029316 0.0781759
