0 0.538136 0.429348 0.025424 0.045652
0 0.148305 0.172826 0.008475 0.010870
0 0.106992 0.615217 0.014831 0.017391
0 0.729873 0.918478 0.010593 0.023913
0 0.567797 0.793478 0.059322 0.039130
0 0.884534 0.130435 0.036017 0.065217
0 0.926907 0.742391 0.061441 0.036957
0 0.102754 0.745652 0.006356 0.013043
0 0.492585 0.652174 0.006356 0.013043
0 0.264831 0.633696 0.008475 0.015217
0 0.031780 0.461957 0.059322 0.041304
0 0.623941 0.884783 0.061441 0.039130
0 0.806144 0.409783 0.027542 0.019565
0 0.201271 0.493478 0.046610 0.047826
0 0.550847 0.864130 0.046610 0.028261
0 0.109110 0.543478 0.014831 0.030435
0 0.822034 0.139130 0.055085 0.043478
0 0.621822 0.833696 0.065678 0.036957
0 0.586864 0.381522 0.046610 0.054348
0 0.717161 0.204348 0.010593 0.008696
0 0.390890 0.779348 0.010593 0.028261
0 0.824153 0.097826 0.067797 0.034783
0 0.653602 0.634783 0.010593 0.008696
0 0.123941 0.582609 0.006356 0.013043
0 0.393008 0.511957 0.086864 0.028261
0 0.953390 0.279348 0.008475 0.010870
0 0.768008 0.180435 0.006356 0.017391
0 0.816737 0.200000 0.061441 0.039130
0 0.398305 0.467391 0.0254237 0.0217391
0 0.29661 0.48913 0.0211864 0.0173913
0 0.424788 0.51087 0.0275424 0.0217391
0 0.362288 0.365217 0.0211864 0.0304348
0 0.635593 0.351087 0.0254237 0.023913
0 0.147246 0.761957 0.0317797 0.0195652
0 0.382415 0.43913 0.0190678 0.0173913
0 0.0805085 0.656522 0.0381356 0.0130435
0 0.237288 0.696739 0.0338983 0.023913
0 0.663136 0.351087 0.0211864 0.023913
